0 0 0 0 0 0 0 0 0 0 0 0 0 0 0 0 0 0 0 0 0 0 0 0 0 0 0 0 0 0 0 0 0 0 0 0 0 0 0 0 0 0 0 0 0 0 0 0 0 0 0 0 0 0 0 0 0 0 0 0 0 0 0 0 0 0 0 0 0 0 0 0 0 0 0 0 0 0 0 0 0 0 0 0 0 0 0 0 0 0 0 0 0 0 0 0 0 0 0 0
0 0 0 0 0 0 0 0 0 0 0 0 0 0 0 0 0 0 0 0 0 0 0 0 0 0 0 0 0 0 0 0 0 0 0 0 0 0 0 0 0 0 0 0 0 0 0 0 0 0 0 0 0 0 0 0 0 0 0 0 0 0 0 0 0 0 0 0 0 0 0 0 0 0 0 0 0 0 0 0 0 0 0 0 0 0 0 0 0 0 0 0 0 0 0 0 0 0 0 0
0 0 0 0 0 0 0 0 0 0 0 0 0 0 0 0 0 0 0 0 0 0 0 0 0 0 0 0 0 0 0 0 0 0 0 0 0 0 0 0 0 0 0 0 0 0 0 0 0 0 0 0 0 0 0 0 0 0 0 0 0 0 0 0 0 0 0 0 0 0 0 0 0 0 0 0 0 0 0 0 0 0 0 0 0 0 0 0 0 0 0 0 0 0 0 0 0 0 0 0
0 0 0 0 0 0 0 0 0 0 0 0 0 0 0 0 0 0 0 0 0 0 0 0 0 0 0 0 0 0 0 0 0 0 0 0 0 0 0 0 0 0 0 0 0 0 0 0 0 0 0 0 0 0 0 0 0 0 0 0 0 0 0 0 0 0 0 0 0 0 0 0 0 0 0 0 0 0 0 0 0 0 0 0 0 0 0 0 0 0 0 0 0 0 0 0 0 0 0 0
0 0 0 0 0 0 0 0 0 0 0 0 0 0 0 0 0 0 0 0 0 0 0 0 0 0 0 0 0 0 0 0 0 0 0 0 0 0 0 0 0 0 0 0 0 0 0 0 0 0 0 0 0 0 0 0 0 0 0 0 0 0 0 0 0 0 0 0 0 0 0 0 0 0 0 0 0 0 0 0 0 0 0 0 0 0 0 0 0 0 0 0 0 0 0 0 0 0 0 0
0 0 0 0 0 0 0 0 0 0 0 0 0 0 0 0 0 0 0 0 0 0 0 0 0 0 0 0 0 0 0 0 0 0 0 0 0 0 0 0 0 0 0 0 0 0 0 0 0 0 0 0 0 0 0 0 0 0 0 0 0 0 0 0 0 0 0 0 0 0 0 0 0 0 0 0 0 0 0 0 0 0 0 0 0 0 0 0 0 0 0 0 0 0 0 0 0 0 0 0
0 0 0 0 0 0 0 0 0 0 0 0 0 0 0 0 0 0 0 0 0 0 0 0 0 0 0 0 0 0 0 0 0 0 0 0 0 0 0 0 0 0 0 0 0 0 0 0 0 0 0 0 0 0 0 0 0 0 0 0 0 0 0 0 0 0 0 0 0 0 0 0 0 0 0 0 0 0 0 0 0 0 0 0 0 0 0 0 0 0 0 0 0 0 0 0 0 0 0 0
0 0 0 0 0 0 0 0 0 0 0 0 0 0 0 0 0 0 0 0 0 0 0 0 0 0 0 0 0 0 0 0 0 0 0 0 0 0 0 0 0 0 0 0 0 0 0 0 0 0 0 0 0 0 0 0 0 0 0 0 0 0 0 0 0 0 0 0 0 0 0 0 0 0 0 0 0 0 0 0 0 0 0 0 0 0 0 0 0 0 0 0 0 0 0 0 0 0 0 0
0 0 0 0 0 0 0 0 0 0 0 0 0 0 0 0 0 0 0 0 0 0 0 0 0 0 0 0 0 0 0 0 0 0 0 0 0 0 0 0 0 0 0 0 0 0 0 0 0 0 0 0 0 0 0 0 0 0 0 0 0 0 0 0 0 0 0 0 0 0 0 0 0 0 0 0 0 0 0 0 0 0 0 0 0 0 0 0 0 0 0 0 0 0 0 0 0 0 0 0
0 0 0 0 0 0 0 0 0 0 0 0 0 0 0 0 0 0 0 0 0 0 0 0 0 0 0 0 0 0 0 0 0 0 0 0 0 0 0 0 0 0 0 0 0 0 0 0 0 0 0 0 0 0 0 0 0 0 0 0 0 0 0 0 0 0 0 0 0 0 0 0 0 0 0 0 0 0 0 0 0 0 0 0 0 0 0 0 0 0 0 0 0 0 0 0 0 0 0 0
0 0 0 0 0 0 0 0 0 0 0 0 0 0 0 0 0 0 0 0 0 0 0 0 0 0 0 0 0 0 0 0 0 0 0 0 0 0 0 0 0 0 0 0 0 0 0 0 0 0 0 0 0 0 0 0 0 0 0 0 0 0 0 0 0 0 0 0 0 0 0 0 0 0 0 0 0 0 0 0 0 0 0 0 0 0 0 0 0 0 0 0 0 0 0 0 0 0 0 0
0 0 0 0 0 0 0 0 0 0 0 0 0 0 0 0 0 0 0 0 0 0 0 0 0 0 0 0 0 0 0 0 0 0 0 0 0 0 0 0 0 0 0 0 0 0 0 0 0 0 0 0 0 0 0 0 0 0 0 0 0 0 0 0 0 0 0 0 0 0 0 0 0 0 0 0 0 0 0 0 0 0 0 0 0 0 0 0 0 0 0 0 0 0 0 0 0 0 0 0
0 0 0 0 0 0 0 0 0 0 0 0 0 0 0 0 0 0 0 0 0 0 0 0 0 0 0 0 0 0 0 0 0 0 0 0 0 0 0 0 0 0 0 0 4.291600191e-05 3.886810229e-05 3.019465246e-05 2.021710583e-05 1.175429767e-05 3.274196397e-06 0 0 0 0 0 0 0 0 0 0 0 0 0 0 0 0 0 0 0 0 0 0 0 0 0 0 0 0 0 0 0 0 0 0 0 0 0 0 0 0 0 0 0 0 0 0 0 0 0 0
0 0 0 0 0 0 0 0 0 0 0 0 0 0 0 0 0 0 0 0 0 0 0 0 0 0 0 0 0 0 0 0 0 0 0 0 0 0 0 0 0 0 0.0001610298237 0.0001998930637 0.0002120480656 0.0001926625391 0.0001505079513 0.0001017263827 6.00188778e-05 3.164685756e-05 1.195673022e-05 5.551218967e-06 4.582673479e-06 3.223761666e-06 4.43354062e-06 6.926936808e-06 8.997318866e-06 9.958786614e-06 0 0 0 0 0 0 0 0 0 0 0 0 0 0 0 0 0 0 0 0 0 0 0 0 0 0 0 0 0 0 0 0 0 0 0 0 0 0 0 0 0 0
0 0 0 0 0 0 0 0 0 0 0 0 0 0 0 0 0 0 0 0 0 0 0 0 0 0 0 0 0 0 0 0 0 0 0 0 0 0 0 0 0.0002724743292 0.0004648192553 0.0006765008984 0.0008408725221 0.0008942158184 0.0008160307714 0.0006422968379 0.0004396441394 0.0002648338728 0.0001434746536 7.414599679e-05 3.942117904e-05 2.733595749e-05 2.192010595e-05 2.549132477e-05 3.564637628e-05 4.575168312e-05 5.064700114e-05 4.777791477e-05 3.840762671e-05 0 0 0 0 0 0 0 0 0 0 0 0 0 0 0 0 0 0 0 0 0 0 0 0 0 0 0 0 0 0 0 0 0 0 0 0 0 0 0 0
0 0 0 0 0 0 0 0 0 0 0 0 0 0 0 0 0 0 0 0 0 0 0 0 0 0 0 0 0 0 0 0 0 0 0 0 0 0 0 0.000487137467 0.0009746888799 0.001663586696 0.002423820613 0.003018544608 0.003220972108 0.002956731598 0.002350310902 0.001633994629 0.001007014769 0.0005638186616 0.0003074563755 0.0001800500241 0.0001312476616 0.0001036176431 0.0001126570944 0.0001551662274 0.000198740611 0.0002196784926 0.0002072626785 0.0001666424018 0.0001141758881 0 0 0 0 0 0 0 0 0 0 0 0 0 0 0 0 0 0 0 0 0 0 0 0 0 0 0 0 0 0 0 0 0 0 0 0 0 0 0
0 0 0 0 0 0 0 0 0 0 0 0 0 0 0 0 0 0 0 0 0 0 0 0 0 0 0 0 0 0 0 0 0 0 0 0 0 0 0.0006331981688 0.001485356481 0.002972583393 0.0050771229 0.007407748006 0.009249553198 0.009916068742 0.009176284941 0.00739007379 0.005237621009 0.003312853242 0.001923779425 0.001109679497 0.0007240980137 0.0005248030847 0.0004080551903 0.0004264136909 0.0005758810256 0.0007368811179 0.000814465926 0.0007683086115 0.0006167555619 0.0004226862976 0.0002468538952 0 0 0 0 0 0 0 0 0 0 0 0 0 0 0 0 0 0 0 0 0 0 0 0 0 0 0 0 0 0 0 0 0 0 0 0 0 0
0 0 0 0 0 0 0 0 0 0 0 0 0 0 0 0 0 0 0 0 0 0 0 0 0 0 0 0 0 0 0 0 0 0 0 0 0.0005283983581 0 0.001647217501 0.003862632258 0.007732018404 0.01321850621 0.0193239902 0.02421636333 0.02612640017 0.02443280483 0.01999890847 0.01449804978 0.009443169577 0.005693607433 0.003476842291 0.00240791291 0.001797018113 0.001380972252 0.001380694646 0.001824729413 0.002328388008 0.002573020967 0.002427724962 0.001952417812 0.001338132285 0.0007799438383 0.000388303078 0 0 0 0 0 0 0 0 0 0 0 0 0 0 0 0 0 0 0 0 0 0 0 0 0 0 0 0 0 0 0 0 0 0 0 0 0
0 0 0 0 0 0 0 0 0 0 0 0 0 0 0 0 0 0 0 0 0 0 0 0 0 0 0 0 0 0 0 0 0.000163630149 0.0003679395581 0.0007283233225 0.001255729947 0.001870210005 0.003020017292 0.004973232524 0.009412495898 0.01766100131 0.02965785613 0.04320163698 0.0543009776 0.05903850275 0.05594804525 0.0466993202 0.03473313772 0.02332572616 0.0146352116 0.009454170772 0.006899244632 0.00526776905 0.004005236864 0.003836773825 0.004954136249 0.006285589877 0.006941186922 0.006549153474 0.005268338695 0.003611001412 0.002109850437 0.001047706224 0.0004448495218 0 0 0 0 0 0 0 0 0 0 0 0 0 0 0 0 0 0 0 0 0 0 0 0 0 0 0 0 0 0 0 0 0 0 0 0
0 0 0 0 0 0 0 0 0 0 0 0 0 0 0 0 0 0 0 0 0 0 0 0 0 0 0 0 0 0 8.404875099e-05 0.0002273892207 0.000549472699 0.001187946121 0.002283441527 0.003964173351 0.006080679267 0.008585317237 0.01232781246 0.02006679524 0.03491848904 0.0571692582 0.08283057482 0.1044503449 0.1147037193 0.1105078158 0.09437458806 0.07215917344 0.05000478264 0.03267752152 0.02232349624 0.01703759368 0.01324021653 0.0100219112 0.00920871471 0.01151710733 0.01450368803 0.01599359626 0.01509018746 0.01214298274 0.008330741554 0.004873515835 0.002432050741 0.001026500395 0.0003722358131 0 0 0 0 0 0 0 0 0 0 0 0 0 0 0 0 0 0 0 0 0 0 0 0 0 0 0 0 0 0 0 0 0 0 0
0 0 0 0 0 0 0 0 0 0 0 0 0 0 0 0 0 0 0 0 0 0 0 0 0 0 0 0 2.835523515e-05 9.360389971e-05 0.0002748431693 0.0007129192962 0.001644551555 0.003395551691 0.006352300312 0.01059992148 0.01589162646 0.02174341276 0.02872924334 0.04035390957 0.06225053269 0.09644174114 0.1373759519 0.173382402 0.1925307118 0.1890685144 0.1655931769 0.1303058991 0.09326429948 0.06359877767 0.04585331974 0.03636995251 0.02876861498 0.02188201283 0.01935343461 0.02310751071 0.02867510949 0.03151968888 0.02972529945 0.0239321 0.01643672295 0.009633686644 0.004822910548 0.002054561088 0.0007556980377 0 0 0 0 0 0 0 0 0 0 0 0 0 0 0 0 0 0 0 0 0 0 0 0 0 0 0 0 0 0 0 0 0 0 0
0 0 0 0 0 0 0 0 0 0 0 0 0 0 0 0 0 0 0 0 0 0 0 0 0 0 0 2.807359298e-05 9.065542344e-05 0.0002832687942 0.0008000694371 0.001996201632 0.00440614732 0.008715871669 0.01549081793 0.02489403748 0.0362844533 0.04844783773 0.06118804765 0.07753569479 0.1042679245 0.1466920373 0.2004479709 0.2509668999 0.2814342639 0.2820396705 0.2536262322 0.2056124295 0.1523938514 0.108882088 0.08264815381 0.06775904829 0.05483397713 0.04260593914 0.03660956041 0.04069368662 0.04887210189 0.05325791625 0.05014698681 0.04040543015 0.02781281229 0.01636716909 0.008251306908 0.003577112365 0.001332863123 0.0001860357982 0 0 0 0 0 0 0 0 0 0 0 0 0 0 0 0 0 0 0 0 0 0 0 0 0 0 0 0 0 0 0 0 0 0
0 0 0 0 0 0 0 0 0 0 0 0 0 0 0 0 0 0 0 0 0 0 0 0 0 0 0 9.266816456e-05 0.000265857565 0.0007726695334 0.002084293123 0.005002957792 0.0106208724 0.02000937644 0.03386128112 0.05202085154 0.07317054326 0.09519282474 0.1169392713 0.1399770512 0.1690591779 0.2106967188 0.2661372456 0.3235840747 0.3634968111 0.3708734461 0.3424056051 0.286770737 0.2216757213 0.1671090768 0.1330956597 0.1124696266 0.09423802055 0.07657274463 0.06496677833 0.06509362435 0.07289448893 0.07763441693 0.07272569946 0.05866068603 0.04056757255 0.02408378949 0.01232714725 0.005481467601 0.002142286097 0.0007422083496 0.0001659542819 0 0 0 0 0 0 0 0 0 0 0 0 0 0 0 0 0 0 0 0 0 0 0 0 0 0 0 0 0 0 0 0 0
0 0 0 0 0 0 0 0 0 0 0 0 0 0 0 0 0 0 0 0 0 0 0 0 0 0 0.000110974284 0.0002791227264 0.000717575939 0.001913184385 0.004890172631 0.01128044069 0.02299065458 0.04146767655 0.06690346219 0.09799104574 0.1322915324 0.1670627928 0.2007713797 0.2334590213 0.2653255651 0.298589837 0.3391190299 0.3864298328 0.4257022178 0.4382701526 0.4152177357 0.3620783878 0.2961254406 0.2378294332 0.1981967831 0.1728025566 0.1518919112 0.1308508203 0.1112496702 0.09941313991 0.0982961228 0.09906633834 0.09146625301 0.07384184193 0.05155981866 0.03118479734 0.01646926885 0.007692268722 0.003227777891 0.001226491129 0.0003629860533 0.0001262799465 0 0 0 0 0 0 0 0 0 0 0 0 0 0 0 0 0 0 0 0 0 0 0 0 0 0 0 0 0 0 0 0
0 0 0 0 0 0 0 0 0 0 0 0 0 0 0 0 0 0 0 0 0 0 0 0 0 0.00011790765 0.0003122953859 0.0007494659232 0.001764913505 0.004305649199 0.01036449912 0.02291033098 0.04492544294 0.07780454456 0.1200818889 0.1679952621 0.2176042648 0.2665119296 0.3143012607 0.3602067674 0.3988092714 0.423325509 0.437038181 0.4522773138 0.471376367 0.4808644019 0.4678001832 0.4312267849 0.3805092352 0.3289807266 0.2875488458 0.2591207544 0.2375699401 0.2132302512 0.181571541 0.1488118225 0.1263197372 0.1144450574 0.1017850986 0.08206352085 0.05838255179 0.03662523099 0.02048451838 0.0103625175 0.004794737729 0.002024902461 0.0007266541223 0.0002641412726 0 0 0 0 0 0 0 0 0 0 0 0 0 0 0 0 0 0 0 0 0 0 0 0 0 0 0 0 0 0 0 0
0 0 0 0 0 0 0 0 0 0 0 0 0 0 0 0 0 0 0 0 0 0 0 0 0 0.0002882568094 0.0007559911216 0.001761518625 0.003888058538 0.008740553687 0.0197820881 0.04189674322 0.07925004468 0.132270453 0.196138966 0.2632755641 0.3284946935 0.3916992713 0.4556096301 0.5193431074 0.5709563144 0.5918552117 0.5766526637 0.5442686957 0.5208946747 0.5142267635 0.5144282182 0.5097566506 0.4925605807 0.4624894501 0.4273286215 0.3951730591 0.3648939409 0.3267793939 0.2740948309 0.2132505874 0.1606628437 0.1267135579 0.1047002336 0.08368465731 0.0613748021 0.04091422605 0.02490883089 0.0139157205 0.007116033683 0.003289039382 0.001324739148 0.0004972103856 0.0001627518818 0 0 0 0 0 0 0 0 0 0 0 0 0 0 0 0 0 0 0 0 0 0 0 0 0 0 0 0 0 0 0
0 0 0 0 0 0 0 0 0 0 0 0 0 0 0 0 0 0 0 0 0 0 0 0 0 0.0006014444827 0.001567694717 0.003584436313 0.007555762492 0.01582910225 0.03369329448 0.06851525667 0.125568679 0.2030902489 0.291011412 0.3769336909 0.4556793154 0.5322480906 0.6143635245 0.700802833 0.7716037257 0.7948813121 0.7549963337 0.6736570809 0.5982404472 0.5664420345 0.5824318669 0.623629214 0.6605154936 0.6731197099 0.6559253983 0.612393029 0.5488162969 0.4697778348 0.3783462343 0.2830259691 0.1997449293 0.14151592 0.1067563045 0.08350543696 0.06361992943 0.04573251882 0.03050032862 0.01863427968 0.01028325546 0.005059092634 0.002160743298 0.0008261080589 0.0002737092617 0 0 0 0 0 0 0 0 0 0 0 0 0 0 0 0 0 0 0 0 0 0 0 0 0 0 0 0 0 0 0
0 0 0 0 0 0 0 0 0 0 0 0 0 0 0 0 0 0 0 0 0 0 0 0 0.0003536138914 0.001070363579 0.002778993857 0.006276201873 0.01280690832 0.02531862396 0.05082208115 0.09935360141 0.1772173722 0.2796038041 0.3900743808 0.4912509284 0.5796154189 0.6675438596 0.7684210285 0.8794602228 0.9716456451 1.000537568 0.942943596 0.8251519946 0.7113723498 0.6631509125 0.7027273459 0.8044471314 0.9169326156 0.9917362038 0.9980227737 0.9278706128 0.7980005223 0.6404500264 0.4840457052 0.3458288336 0.2360045954 0.1600440474 0.1144222708 0.08759385008 0.06867716632 0.05227168881 0.0371914786 0.02404703078 0.01386580896 0.007036706943 0.003095148426 0.001193440464 0.0003973428279 0 0 0 0 0 0 0 0 0 0 0 0 0 0 0 0 0 0 0 0 0 0 0 0 0 0 0 0 0 0 0
0 0 0 0 0 0 0 0 0 0 0 0 0 0 0 0 0 0 0 0 0 0 0 0 0.0005370055833 0.001624236746 0.00420627004 0.009423780511 0.01880330936 0.03552920402 0.06754066728 0.1270215543 0.2212091067 0.3425606084 0.4692582376 0.5806153573 0.6761410559 0.7752390468 0.8947039719 1.028213159 1.138233602 1.171507448 1.103129616 0.9683060429 0.8454992079 0.809109068 0.8934716273 1.072954438 1.272615147 1.410252118 1.428925314 1.312652536 1.091589011 0.8285187251 0.5854866671 0.3959839678 0.2640479455 0.1796578095 0.1291301283 0.09870840618 0.0776775595 0.05996884957 0.04354680338 0.02873549221 0.01683637017 0.008644217646 0.003844869208 0.001485809611 0.000495062764 0.0001420261772 0 0 0 0 0 0 0 0 0 0 0 0 0 0 0 0 0 0 0 0 0 0 0 0 0 0 0 0 0 0
0 0 0 0 0 0 0 0 0 0 0 0 0 0 0 0 0 0 0 0 0 0 0 0 0.0006950160259 0.002101149417 0.005432947993 0.01211029672 0.02380807346 0.04350659308 0.07895040225 0.1430684885 0.243736816 0.3722474945 0.5049748089 0.6219200602 0.7268741696 0.842636985 0.9836574111 1.137604421 1.260268455 1.294451873 1.219251693 1.082557255 0.9762145423 0.9822743228 1.138324056 1.407477782 1.685278286 1.860100348 1.861934361 1.680107189 1.362562457 0.9968671609 0.6705131332 0.4323755446 0.2835730256 0.1980975059 0.1480737903 0.1148634012 0.08904212233 0.06695707465 0.04759277604 0.03103520348 0.0180950072 0.009228259996 0.004116599003 0.001587737983 0.0005281267752 0.0001513015921 0 0 0 0 0 0 0 0 0 0 0 0 0 0 0 0 0 0 0 0 0 0 0 0 0 0 0 0 0 0
0 0 0 0 0 0 0 0 0 0 0 0 0 0 0 0 0 0 0 0 0 0 0 0 0.0007666001803 0.002316934433 0.00598575818 0.01330388077 0.02592393048 0.0463463781 0.08120979664 0.1425258035 0.2381169251 0.3601009441 0.4877082515 0.6065106523 0.7253015665 0.8647885862 1.031340185 1.205724704 1.339686073 1.375318531 1.297379705 1.165552926 1.085360815 1.148877034 1.388301981 1.739168361 2.06406095 2.232661324 2.18084372 1.92110566 1.524012252 1.090634245 0.7154693723 0.450749123 0.2953782152 0.2137670272 0.1669920849 0.1317454623 0.1000671933 0.07183036022 0.048487903 0.03030802036 0.0172055711 0.008668577915 0.003797999155 0.001456178129 0.0004827451208 0.0001381889613 0 0 0 0 0 0 0 0 0 0 0 0 0 0 0 0 0 0 0 0 0 0 0 0 0 0 0 0 0 0
0 0 0 0 0 0 0 0 0 0 0 0 0 0 0 0 0 0 0 0 0 0 0 0 0.000720585041 0.002177700193 0.005624206418 0.01248543595 0.02423241652 0.04284867694 0.07358430474 0.1264148705 0.2082699007 0.3134322674 0.4272840593 0.5436192087 0.6747861799 0.8353106471 1.022574685 1.213269285 1.358809868 1.402944919 1.333794492 1.216460002 1.166324303 1.284049528 1.587893968 1.982515635 2.307096495 2.426897973 2.297848289 1.966020357 1.525417634 1.077925299 0.7055748113 0.4491244437 0.3025046209 0.2280602524 0.18431928 0.1468647093 0.1094578393 0.0750024667 0.04745089643 0.02779347929 0.01495803412 0.007273875626 0.003155763553 0.001152829503 0.0003808809727 0.0001097636355 0 0 0 0 0 0 0 0 0 0 0 0 0 0 0 0 0 0 0 0 0 0 0 0 0 0 0 0 0 0
0 0 0 0 0 0 0 0 0 0 0 0 0 0 0 0 0 0 0 0 0 0 0 0 0.0005772195664 0.001744592509 0.004506328463 0.01000677713 0.01943011849 0.03433596424 0.05881434904 0.1005486714 0.1651516537 0.2494131303 0.3453937919 0.4536245341 0.5864989164 0.7520177677 0.9430499222 1.136897199 1.28894125 1.348107135 1.304984311 1.223659712 1.217975169 1.378631493 1.700791588 2.075663075 2.345855253 2.391003376 2.191253512 1.820151153 1.385216269 0.9780621034 0.6564906554 0.4411170855 0.3180342348 0.2519546145 0.2074478219 0.1647166854 0.1204347686 0.07960505395 0.04763017848 0.02599353119 0.01302613094 0.00602543495 0.002502697632 0.000943859307 0.0002672583879 8.028834145e-05 0 0 0 0 0 0 0 0 0 0 0 0 0 0 0 0 0 0 0 0 0 0 0 0 0 0 0 0 0 0
0 0 0 0 0 0 0 0 0 0 0 0 0 0 0 0 0 0 0 0 0 0 0 0 0 0.001191242771 0.003079060214 0.006850269496 0.01336865218 0.02388618773 0.04162306418 0.0723643823 0.1206034999 0.1854552914 0.2639334556 0.3591252857 0.4801776614 0.6311867613 0.8057751421 0.9850651513 1.131529979 1.203625296 1.197513575 1.174763058 1.233208599 1.425962691 1.717395469 2.008250803 2.177643718 2.142013423 1.904747762 1.547592279 1.171811102 0.8488833684 0.6104915079 0.4569059148 0.3661643771 0.3073857362 0.2559885267 0.201274984 0.144856 0.09387775817 0.05454153457 0.02846323981 0.01347807473 0.005858910329 0.002380944402 0.0008702678034 0.0003239869328 6.198002979e-05 0 0 0 0 0 0 0 0 0 0 0 0 0 0 0 0 0 0 0 0 0 0 0 0 0 0 0 0 0 0
0 0 0 0 0 0 0 0 0 0 0 0 0 0 0 0 0 0 0 0 0 0 0 0 0 0.00069334115 0.001794490461 0.004008457623 0.007912817431 0.01452211268 0.02640677991 0.04800100867 0.0831837413 0.1329711701 0.1970383653 0.2775781769 0.3794673753 0.5054418992 0.6518001124 0.8034404601 0.9304990617 1.004046753 1.030647074 1.070790279 1.194910131 1.405998492 1.639967784 1.816099478 1.866697888 1.761127886 1.526148976 1.234613536 0.9622382881 0.7521290644 0.611285108 0.5240310441 0.4654436294 0.4120697804 0.3497758449 0.2765762464 0.1996591859 0.1297018866 0.07514203065 0.03866206403 0.01772979634 0.007348799612 0.002884319229 0.001147762428 0.0004560808721 0.0001879942486 0 0 0 0 0 0 0 0 0 0 0 0 0 0 0 0 0 0 0 0 0 0 0 0 0 0 0 0 0 0
0 0 0 0 0 0 0 0 0 0 0 0 0 0 0 0 0 0 0 0 0 0 0 0 0 0.0003440474735 0.000892750255 0.002010117411 0.004062453223 0.007876421362 0.01549841649 0.03043568207 0.05625102693 0.09528213579 0.1485748021 0.2172764779 0.3036453936 0.409462478 0.5310930578 0.6537200399 0.7528687411 0.8121983819 0.8512578953 0.9299094961 1.089558917 1.295343961 1.469302973 1.547070565 1.503882107 1.357388084 1.156756769 0.9611520537 0.8128105248 0.721755064 0.6729453207 0.6434739042 0.6125429027 0.5643725034 0.4913444784 0.396185047 0.2906816869 0.1911198202 0.1113088512 0.05703379648 0.02572498222 0.01040594418 0.004046480993 0.001727316721 0.0007584382701 0.0003493783273 0 0 0 0 0 0 0 0 0 0 0 0 0 0 0 0 0 0 0 0 0 0 0 0 0 0 0 0 0 0
0 0 0 0 0 0 0 0 0 0 0 0 0 0 0 0 0 0 0 0 0 0 0 0 0 0 0.0003799617118 0.0008707888238 0.001865273512 0.004008284643 0.008920473896 0.01937489256 0.03884921916 0.07091961731 0.1187168335 0.1848397559 0.2709912015 0.3757277132 0.4899828472 0.594540119 0.6663682169 0.6976710405 0.7180618463 0.7876017413 0.9316160544 1.101422233 1.221649612 1.241564585 1.157976444 1.012796086 0.8676528196 0.7704498332 0.7348359748 0.7446254426 0.7722816558 0.7932063577 0.7896710972 0.7498589591 0.668418695 0.5494796522 0.4090305851 0.2713836445 0.1586006371 0.08107961269 0.03629797701 0.01457694624 0.00578453061 0.002646261287 0.001326375544 0.0005784277964 0 0 0 0 0 0 0 0 0 0 0 0 0 0 0 0 0 0 0 0 0 0 0 0 0 0 0 0 0 0
0 0 0 0 0 0 0 0 0 0 0 0 0 0 0 0 0 0 0 0 0 0 0 0 0 0 0 0.0003338189583 0.000822572476 0.002100497069 0.005441835476 0.01329239969 0.02975725167 0.06063225786 0.1127198998 0.1913744793 0.2967832049 0.4206953324 0.5452052233 0.6451109321 0.6970751823 0.697033724 0.6771559765 0.6957358037 0.778718903 0.8855286825 0.9542978064 0.9468956325 0.8663501348 0.7548125887 0.6701821167 0.650912047 0.6975467028 0.7844870822 0.8782802937 0.9497630554 0.9790485517 0.9535464375 0.8665427056 0.7224197856 0.5428227669 0.3621916118 0.2123294608 0.1087125326 0.04869627698 0.01962277718 0.007935512995 0.00374750297 0.001911814061 0.0008254536726 0.0003441554556 0 0 0 0 0 0 0 0 0 0 0 0 0 0 0 0 0 0 0 0 0 0 0 0 0 0 0 0 0
0 0 0 0 0 0 0 0 0 0 0 0 0 0 0 0 0 0 0 0 0 0 0 0 0 0 0 0.0001204527802 0.0004089383171 0.001307509447 0.00400814535 0.01126484369 0.02849429489 0.06438166545 0.1291080148 0.2296879822 0.3632105088 0.5134594026 0.6534833295 0.7535834159 0.7924498779 0.7712711839 0.7229064037 0.6963089689 0.7129073906 0.7474996677 0.7606007094 0.7293988057 0.6590739775 0.5824312728 0.5446812427 0.576912381 0.6790023298 0.8244498198 0.9755482954 1.098008048 1.166866268 1.163526149 1.075921869 0.9081765189 0.688852671 0.4634609217 0.2740048988 0.1415657821 0.06400342994 0.02594647298 0.01038984386 0.004777355871 0.002396794472 0.001008230921 0.0004199400991 0 0 0 0 0 0 0 0 0 0 0 0 0 0 0 0 0 0 0 0 0 0 0 0 0 0 0 0 0
0 0 0 0 0 0 0 0 0 0 0 0 0 0 0 0 0 0 0 0 0 0 0 0 0 0 0 5.473838254e-05 0.0002823088075 0.001087960767 0.003779823773 0.01160509264 0.03122670546 0.07340534179 0.1507535103 0.2707634445 0.4273376455 0.5970618436 0.746004128 0.8433065904 0.8744225665 0.8504747799 0.8064373085 0.776582299 0.765175438 0.7517663503 0.7163255402 0.6522488496 0.5716785626 0.5053671518 0.4908129947 0.5525823506 0.6882731877 0.8705590199 1.061681157 1.226906179 1.336568321 1.362645829 1.283935716 1.101471171 0.8481246823 0.5791630938 0.3476135393 0.1823422457 0.08357553813 0.033987488 0.01310864503 0.005536044485 0.00261802536 0.001201422809 0.0004371743449 0 0 0 0 0 0 0 0 0 0 0 0 0 0 0 0 0 0 0 0 0 0 0 0 0 0 0 0 0
0 0 0 0 0 0 0 0 0 0 0 0 0 0 0 0 0 0 0 0 0 0 0 0 0 0 0 5.162080917e-05 0.000245795207 0.001034466372 0.003836708074 0.01208604136 0.03302656327 0.07829483712 0.1612481535 0.2890267597 0.4529740519 0.6255594085 0.7706025973 0.8613636422 0.894554396 0.891928682 0.8843437429 0.8842887248 0.8797378161 0.8543059901 0.7983109566 0.7108627598 0.6092369489 0.5313437094 0.5186556764 0.5916145772 0.740183032 0.9340683174 1.139216421 1.326048174 1.464527019 1.51925817 1.458812792 1.275684662 1.000565616 0.6950786532 0.4237669633 0.2254756887 0.1045508181 0.04257943335 0.01581740386 0.005967835082 0.002533013572 0.001109332318 0.000388795999 0 0 0 0 0 0 0 0 0 0 0 0 0 0 0 0 0 0 0 0 0 0 0 0 0 0 0 0 0
0 0 0 0 0 0 0 0 0 0 0 0 0 0 0 0 0 0 0 0 0 0 0 0 0 0 0 4.906314655e-05 0.0002386401615 0.001006838172 0.003675658498 0.01159940274 0.03169546958 0.07494631847 0.153627474 0.2736709194 0.4253984243 0.5819811223 0.7114223368 0.7964691897 0.8459554783 0.8853731876 0.9298775871 0.9692450349 0.9859503027 0.9722304541 0.9224784048 0.8328789168 0.7212348609 0.6326987612 0.6164582624 0.6926856032 0.8416469513 1.025992381 1.215551118 1.390890837 1.52969416 1.597097169 1.55386433 1.380307879 1.099047758 0.7734682637 0.4767265483 0.2560374074 0.1196340155 0.04881145529 0.01771216438 0.006096316632 0.002236638227 0.0008965648818 0.0002964710816 0 0 0 0 0 0 0 0 0 0 0 0 0 0 0 0 0 0 0 0 0 0 0 0 0 0 0 0 0
0 0 0 0 0 0 0 0 0 0 0 0 0 0 0 0 0 0 0 0 0 0 0 0 0 0 0 0 0.0002160845691 0.0009003450379 0.003246210574 0.01013133981 0.02737431314 0.06413002204 0.1302444853 0.2299806504 0.3546072296 0.4825890881 0.5916925001 0.6763960678 0.7522849757 0.8368524928 0.9255821032 0.9974855732 1.040301377 1.053715941 1.030471669 0.961248628 0.862367207 0.7806398756 0.7682025716 0.8472562918 0.9906536284 1.150614986 1.298221287 1.427383286 1.531517842 1.584456053 1.544115518 1.38012064 1.10598712 0.7824257833 0.4842651115 0.2610792362 0.1224341739 0.05003369017 0.01796060697 0.005842830465 0.001864420504 0.000651590389 0.0001956548179 0 0 0 0 0 0 0 0 0 0 0 0 0 0 0 0 0 0 0 0 0 0 0 0 0 0 0 0 0
0 0 0 0 0 0 0 0 0 0 0 0 0 0 0 0 0 0 0 0 0 0 0 0 0 0 0 0 0.0001850971854 0.0007512307967 0.002649560706 0.008106444992 0.02152922595 0.04970361103 0.09968516762 0.1742189207 0.2671372709 0.3649005692 0.4569088706 0.5464110961 0.6462166247 0.7595362446 0.8720028333 0.9665633754 1.039659795 1.0928763 1.114205695 1.08932734 1.02901989 0.9712330635 0.9636658602 1.034600673 1.159717109 1.284413556 1.378119383 1.445525501 1.496175476 1.514523944 1.45922034 1.295377796 1.032136004 0.7261423531 0.4471971127 0.2401760712 0.1123658651 0.04581355393 0.01633800074 0.005160957482 0.001484344509 0.0004436828665 0.0001142980913 0 0 0 0 0 0 0 0 0 0 0 0 0 0 0 0 0 0 0 0 0 0 0 0 0 0 0 0 0
0 0 0 0 0 0 0 0 0 0 0 0 0 0 0 0 0 0 0 0 0 0 0 0 0 0 0 0 0.0001556605729 0.0006060317934 0.002064462351 0.006128552652 0.01587170805 0.03595790927 0.071136305 0.1234109304 0.1899295653 0.2652736546 0.3482651714 0.4446869806 0.5585215468 0.6835128427 0.8077996691 0.924907353 1.037272559 1.143204959 1.22413253 1.258429703 1.244906391 1.207191001 1.186698722 1.220582452 1.300915428 1.38014525 1.427563559 1.450323411 1.462560414 1.450277256 1.371573567 1.194426771 0.9327988963 0.6433083974 0.388865675 0.2054333483 0.09478152426 0.03819120045 0.01345945341 0.004165199544 0.0011519495 0.0002919609192 0 0 0 0 0 0 0 0 0 0 0 0 0 0 0 0 0 0 0 0 0 0 0 0 0 0 0 0 0 0
0 0 0 0 0 0 0 0 0 0 0 0 0 0 0 0 0 0 0 0 0 0 0 0 0 0 0 0 0.0001318752791 0.000489606747 0.001600435408 0.004568575573 0.01145585915 0.02541188317 0.04978009898 0.08664943847 0.1366426239 0.2009739505 0.2840924592 0.390307001 0.5172284383 0.6568341244 0.8031432596 0.9563515389 1.119244711 1.28506008 1.427375722 1.512266627 1.524574549 1.479762975 1.417141026 1.380402763 1.384991088 1.408748041 1.429102738 1.446343446 1.46023685 1.44149493 1.342588419 1.140436463 0.8635399833 0.5758141564 0.3363588458 0.1718957331 0.07687933135 0.03011146875 0.01033951402 0.00311418486 0.0008272838542 0.0001290612423 0 0 0 0 0 0 0 0 0 0 0 0 0 0 0 0 0 0 0 0 0 0 0 0 0 0 0 0 0 0
0 0 0 0 0 0 0 0 0 0 0 0 0 0 0 0 0 0 0 0 0 0 0 0 0 0 0 0 0 0.000395286934 0.001240161312 0.003416165829 0.008304532603 0.01812492539 0.03560208876 0.06340538985 0.1053396196 0.1673000499 0.2567089171 0.3776249426 0.5276654178 0.7011106659 0.8927977708 1.098331721 1.314235414 1.531668999 1.720921804 1.83571455 1.847133846 1.76668772 1.636885886 1.508486881 1.419606107 1.382944923 1.393149311 1.437686084 1.486058241 1.481842331 1.36968954 1.138570308 0.8358340631 0.5370299367 0.3010208314 0.1472090236 0.06292726622 0.02355757971 0.007742644475 0.002235324261 0.0005677653438 7.148464139e-05 0 0 0 0 0 0 0 0 0 0 0 0 0 0 0 0 0 0 0 0 0 0 0 0 0 0 0 0 0 0
0 0 0 0 0 0 0 0 0 0 0 0 0 0 0 0 0 0 0 0 0 0 0 0 0 0 0 0 0 0.0003001300268 0.0009255798594 0.002502956386 0.005984685368 0.01306180459 0.02634173136 0.04906212273 0.08714773449 0.1492330417 0.2449000983 0.3813142579 0.5612377038 0.7827543284 1.035974858 1.301926559 1.563896547 1.813502796 2.028505792 2.158757594 2.159777714 2.032394007 1.82304643 1.597559063 1.417291453 1.324097509 1.328445578 1.403513087 1.487505698 1.500228286 1.381747268 1.131825086 0.8123199346 0.5070827434 0.2745821785 0.1289995034 0.05269194772 0.01876436774 0.00584986654 0.001599962248 0.0003247748576 0 0 0 0 0 0 0 0 0 0 0 0 0 0 0 0 0 0 0 0 0 0 0 0 0 0 0 0 0 0 0
0 0 0 0 0 0 0 0 0 0 0 0 0 0 0 0 0 0 0 0 0 0 0 0 0 0 0 0 0 8.89098749e-05 0.0006511622831 0.00176975928 0.004259435902 0.009606219118 0.0201332835 0.03950986503 0.07436040944 0.1345982461 0.2323605161 0.380075553 0.5878426489 0.8576486379 1.172759231 1.496127093 1.793007354 2.053583407 2.27155777 2.405844854 2.397902536 2.228205038 1.941660754 1.624885872 1.365701627 1.223985793 1.214344799 1.297665812 1.393908284 1.413092849 1.296955092 1.052029423 0.74432562 0.456231793 0.2415518616 0.1103982988 0.04357596241 0.01491521314 0.004436858806 0.001151467446 0.0002276726028 0 0 0 0 0 0 0 0 0 0 0 0 0 0 0 0 0 0 0 0 0 0 0 0 0 0 0 0 0 0 0
0 0 0 0 0 0 0 0 0 0 0 0 0 0 0 0 0 0 0 0 0 0 0 0 0 0 0 0 0 0 0.0002985921513 0.001227726629 0.003030292547 0.007127105327 0.01567373449 0.03196272355 0.06278236935 0.1188968227 0.2150683001 0.3690337358 0.5970660316 0.9036932488 1.266530508 1.634049631 1.954158548 2.210627579 2.411678022 2.534228114 2.514677828 2.312576883 1.964967813 1.574390488 1.251976821 1.067907688 1.032036277 1.096708891 1.178810657 1.193140226 1.089391193 0.8767118309 0.6142728265 0.3722617389 0.1944709158 0.08744214432 0.03382011794 0.01127992673 0.003248110993 0.0007697978344 0.0001649960158 0 0 0 0 0 0 0 0 0 0 0 0 0 0 0 0 0 0 0 0 0 0 0 0 0 0 0 0 0 0 0
0 0 0 0 0 0 0 0 0 0 0 0 0 0 0 0 0 0 0 0 0 0 0 0 0 0 0 0 0 0 0.0002451542773 0.0007366180214 0.002125915567 0.00502709823 0.01183621147 0.02514239062 0.05167155836 0.1030450987 0.1961696113 0.3522789573 0.5906997133 0.9166361278 1.30494172 1.69703849 2.029535614 2.277225108 2.454177828 2.554593132 2.519773609 2.296572865 1.911633836 1.472507343 1.10318375 0.8793803811 0.8061365821 0.8330234279 0.884005438 0.8874473061 0.8039575436 0.6417722132 0.4459865761 0.2680633213 0.1388405225 0.06183517829 0.02364685734 0.007773213813 0.002156922102 0.0005227315123 0 0 0 0 0 0 0 0 0 0 0 0 0 0 0 0 0 0 0 0 0 0 0 0 0 0 0 0 0 0 0 0
0 0 0 0 0 0 0 0 0 0 0 0 0 0 0 0 0 0 0 0 0 0 0 0 0 0 0 0 0 0 0.0001729160545 0.0005178751049 0.001352153795 0.003123656722 0.008210658129 0.01906065411 0.04173879294 0.08875262584 0.1780536802 0.3321157188 0.5705008664 0.8977004649 1.288302274 1.683857262 2.018815003 2.263577639 2.43247759 2.52703519 2.491120487 2.26329385 1.861432403 1.392755641 0.9865383758 0.7209771493 0.5996868186 0.5765102002 0.5885157087 0.5791926516 0.5181229155 0.40953016 0.2822082278 0.1683770286 0.08664970006 0.03832982609 0.01457121336 0.004726877436 0.001321595106 0.0003170625425 0 0 0 0 0 0 0 0 0 0 0 0 0 0 0 0 0 0 0 0 0 0 0 0 0 0 0 0 0 0 0 0
0 0 0 0 0 0 0 0 0 0 0 0 0 0 0 0 0 0 0 0 0 0 0 0 0 0 0 0 0 0 0 0.0003148366429 0.0008275272697 0.001942475673 0.005511190244 0.01418195173 0.03363396467 0.07626694985 0.1598766807 0.3064414994 0.534236273 0.8465580451 1.2192648 1.599086843 1.927627538 2.180810835 2.373663604 2.50133872 2.495176765 2.282011451 1.875154526 1.385181275 0.947452834 0.6421208209 0.4702388366 0.3909947876 0.3597822672 0.335673382 0.2925510787 0.227799483 0.1553571176 0.09201378383 0.04710037307 0.0207589665 0.007856961212 0.002557628938 0.0007142463106 0 0 0 0 0 0 0 0 0 0 0 0 0 0 0 0 0 0 0 0 0 0 0 0 0 0 0 0 0 0 0 0 0
0 0 0 0 0 0 0 0 0 0 0 0 0 0 0 0 0 0 0 0 0 0 0 0 0 0 0 0 0 0 0 0.0001677811754 0.0004504365525 0.001095198528 0.004069685506 0.01064259639 0.02784962984 0.06589266922 0.1415559473 0.2747279812 0.4816937902 0.7648471254 1.102579297 1.44996996 1.762018426 2.027069914 2.26102233 2.442600373 2.482134957 2.295667927 1.896659182 1.400889399 0.9488257808 0.6215048554 0.4169395887 0.2947094621 0.2237154045 0.1817565241 0.1477719362 0.1114877596 0.07483933428 0.04394127344 0.02238600058 0.009872264206 0.003752345553 0.001227364086 0.000345046591 0 0 0 0 0 0 0 0 0 0 0 0 0 0 0 0 0 0 0 0 0 0 0 0 0 0 0 0 0 0 0 0 0
0 0 0 0 0 0 0 0 0 0 0 0 0 0 0 0 0 0 0 0 0 0 0 0 0 0 0 0 0 0 0 0 0.0002279590734 0.0005830224704 0.003681992174 0.01013039031 0.02612729312 0.06147475048 0.1298683942 0.247623779 0.4275415472 0.6705574188 0.9584645701 1.256551256 1.535384433 1.795852397 2.051732046 2.26622024 2.33827662 2.183506012 1.81698517 1.351878496 0.9225073284 0.6037386606 0.3923151696 0.2525934273 0.1604782053 0.1042851584 0.07157913407 0.049607774 0.03213154839 0.01857246403 0.009498189064 0.004217389829 0.001621395683 0.0005385510175 0 0 0 0 0 0 0 0 0 0 0 0 0 0 0 0 0 0 0 0 0 0 0 0 0 0 0 0 0 0 0 0 0 0
0 0 0 0 0 0 0 0 0 0 0 0 0 0 0 0 0 0 0 0 0 0 0 0 0 0 0 0 0 0 0 0 0 0.001472773755 0.004329344214 0.01254822507 0.03091566166 0.06886832817 0.1376610527 0.2484060058 0.4074176278 0.610701608 0.8407914485 1.072957214 1.293934623 1.515445598 1.7482116 1.949686903 2.025490724 1.902759478 1.59655182 1.204890757 0.8404018342 0.5617903134 0.3650057964 0.226009224 0.1306184132 0.07118936538 0.03861751346 0.02206160491 0.01298982336 0.007184564876 0.003710454199 0.001677247389 0.0006601938426 0 0 0 0 0 0 0 0 0 0 0 0 0 0 0 0 0 0 0 0 0 0 0 0 0 0 0 0 0 0 0 0 0 0 0
0 0 0 0 0 0 0 0 0 0 0 0 0 0 0 0 0 0 0 0 0 0 0 0 0 0 0 0 0 0 0 0 0 0.002188837096 0.006478845713 0.01736788651 0.04133804516 0.08763409427 0.1668124486 0.2860050438 0.4445485963 0.6291169195 0.8155455504 0.9819522855 1.127651826 1.274914763 1.436119753 1.575838499 1.621764056 1.520904357 1.286544593 0.9921861344 0.7174097636 0.4980664661 0.3295522948 0.2016878927 0.1116032705 0.05573389477 0.02573846102 0.0116616118 0.005621321296 0.002651709915 0.001388931678 0.0006426760814 0 0 0 0 0 0 0 0 0 0 0 0 0 0 0 0 0 0 0 0 0 0 0 0 0 0 0 0 0 0 0 0 0 0 0 0
0 0 0 0 0 0 0 0 0 0 0 0 0 0 0 0 0 0 0 0 0 0 0 0 0 0 0 0 0 0 0 0 0.0009445147399 0.003119041443 0.009096422813 0.02356975835 0.05405921286 0.1105799053 0.2029298225 0.336693432 0.5076863871 0.6964605926 0.8712136014 1.005186038 1.097476383 1.169911085 1.235785554 1.277809305 1.259248006 1.1551685 0.978631133 0.7757010668 0.5885173762 0.4286400558 0.2916075946 0.1792522399 0.09765624483 0.0469922626 0.0201938881 0.007965358712 0.003098683753 0.0009673811739 0.0005066308659 0 0 0 0 0 0 0 0 0 0 0 0 0 0 0 0 0 0 0 0 0 0 0 0 0 0 0 0 0 0 0 0 0 0 0 0 0
0 0 0 0 0 0 0 0 0 0 0 0 0 0 0 0 0 0 0 0 0 0 0 0 0 0 0 0 0 0 0 0 0.001216218757 0.003998920014 0.01152965153 0.02919616561 0.06534554904 0.1295171313 0.2299822695 0.3705524339 0.5463910681 0.7394104698 0.9192143023 1.058192228 1.147643561 1.191937551 1.190391693 1.137799695 1.036389466 0.8992993807 0.7492257926 0.6094844636 0.4863857863 0.3703716955 0.2582548306 0.1601076538 0.08705572506 0.04139524047 0.01732743784 0.006425487992 0.002145786247 0 0 0 0 0 0 0 0 0 0 0 0 0 0 0 0 0 0 0 0 0 0 0 0 0 0 0 0 0 0 0 0 0 0 0 0 0 0 0
0 0 0 0 0 0 0 0 0 0 0 0 0 0 0 0 0 0 0 0 0 0 0 0 0 0 0 0 0 0 0 0 0.001381275236 0.004524412762 0.01294558756 0.03244445798 0.07120531446 0.1376552603 0.2372801782 0.3706761511 0.533498323 0.7149619675 0.8968271537 1.059093077 1.183975995 1.249724343 1.232509746 1.127117232 0.9600845724 0.7782314967 0.6240789384 0.5113520189 0.4202076325 0.3271481164 0.2303493369 0.1433274264 0.07817580464 0.03735719654 0.01571235579 0.005784559872 0.001909069579 0.0004152584677 0 0 0 0 0 0 0 0 0 0 0 0 0 0 0 0 0 0 0 0 0 0 0 0 0 0 0 0 0 0 0 0 0 0 0 0 0 0
0 0 0 0 0 0 0 0 0 0 0 0 0 0 0 0 0 0 0 0 0 0 0 0 0 0 0 0 0 0 0 0 0.001398866341 0.004551541541 0.01292039304 0.03215608452 0.06962966645 0.1321920829 0.22227017 0.3370538811 0.4725133878 0.6275688779 0.8022627964 0.9893964358 1.162975696 1.27572689 1.281154541 1.166915428 0.9682705829 0.7510800799 0.5761440933 0.4611769687 0.3768278404 0.292997619 0.2067257181 0.1300453968 0.07270341654 0.03619252048 0.01609023674 0.006302724991 0.002242868249 0.0006644185879 0.000204165716 0 0 0 0 0 0 0 0 0 0 0 0 0 0 0 0 0 0 0 0 0 0 0 0 0 0 0 0 0 0 0 0 0 0 0 0 0
0 0 0 0 0 0 0 0 0 0 0 0 0 0 0 0 0 0 0 0 0 0 0 0 0 0 0 0 0 0 0 0 0.001329896749 0.00425332677 0.01193161285 0.0293504243 0.06270588818 0.1172508431 0.1932833781 0.2856410774 0.3901444257 0.5134431765 0.6723474319 0.8726734653 1.084693379 1.245330278 1.290951636 1.197044003 0.99587277 0.7603480131 0.5634136532 0.4337160982 0.3465854711 0.2697976351 0.1951901962 0.1288855585 0.07703394577 0.04134441478 0.01973656415 0.008194136347 0.002960005302 0.0009777709075 0.0002849509708 0 0 0 0 0 0 0 0 0 0 0 0 0 0 0 0 0 0 0 0 0 0 0 0 0 0 0 0 0 0 0 0 0 0 0 0 0
0 0 0 0 0 0 0 0 0 0 0 0 0 0 0 0 0 0 0 0 0 0 0 0 0 0 0 0 0 0 0 0 0.001271303135 0.004003821601 0.01099868783 0.02634676106 0.05531067426 0.1019036974 0.1654898361 0.2400992838 0.3208802369 0.4166952214 0.5530752168 0.7462669226 0.9707138892 1.16068393 1.24365349 1.18263498 1.000530399 0.76808139 0.5623645665 0.4223249325 0.3348945582 0.2683496495 0.2056594566 0.1452890689 0.09229794076 0.05182403417 0.02545419576 0.0108190005 0.003990975713 0.001288812306 0.0003631215918 9.056691425e-05 0 0 0 0 0 0 0 0 0 0 0 0 0 0 0 0 0 0 0 0 0 0 0 0 0 0 0 0 0 0 0 0 0 0 0 0
0 0 0 0 0 0 0 0 0 0 0 0 0 0 0 0 0 0 0 0 0 0 0 0 0 0 0 0 0 0 0 0 0.001219772683 0.003859004976 0.01040707181 0.02442829552 0.05044817124 0.0919365321 0.1483781951 0.2143174936 0.2844248742 0.3648763942 0.4793910478 0.6489984445 0.8581498874 1.049486621 1.152039793 1.122755296 0.9744298228 0.7679233946 0.5743931147 0.4358960513 0.350291489 0.2896811355 0.2309899326 0.1685585216 0.1091871102 0.06181736225 0.03034522435 0.01284824375 0.004720487133 0.001502909397 0.0004183587925 0.000104674015 0 0 0 0 0 0 0 0 0 0 0 0 0 0 0 0 0 0 0 0 0 0 0 0 0 0 0 0 0 0 0 0 0 0 0 0
0 0 0 0 0 0 0 0 0 0 0 0 0 0 0 0 0 0 0 0 0 0 0 0 0 0 0 0 0 0 0 0 0.001093288239 0.00372535106 0.009987661317 0.0232004059 0.047513006 0.08631538004 0.1397777864 0.2037915002 0.2738219895 0.3535777309 0.4601628785 0.6106231009 0.7955772431 0.9702337048 1.0742934 1.067469696 0.9555640453 0.7858003231 0.6158215669 0.4824830312 0.3901866073 0.3204820412 0.2535327301 0.1836468324 0.1180089773 0.06619097067 0.03215152685 0.01350594143 0.004913637756 0.00156687269 0.0004540941999 0.0001296792975 0 0 0 0 0 0 0 0 0 0 0 0 0 0 0 0 0 0 0 0 0 0 0 0 0 0 0 0 0 0 0 0 0 0 0 0
0 0 0 0 0 0 0 0 0 0 0 0 0 0 0 0 0 0 0 0 0 0 0 0 0 0 0 0 0 0 0 0 0.0008675072097 0.00363810198 0.009730145843 0.02248045672 0.04581231124 0.08308386045 0.1350403286 0.1989325839 0.2722704867 0.3598132783 0.4756205688 0.6299431842 0.8101571753 0.9765964213 1.078812701 1.083388362 0.9943135988 0.8488211626 0.692309252 0.5544995685 0.4427671829 0.3494967481 0.2644228474 0.1846278173 0.1154166853 0.06338956793 0.03030500418 0.01259439071 0.004605787328 0.001556831131 0.0005354997372 0.0001961909463 0 0 0 0 0 0 0 0 0 0 0 0 0 0 0 0 0 0 0 0 0 0 0 0 0 0 0 0 0 0 0 0 0 0 0 0
0 0 0 0 0 0 0 0 0 0 0 0 0 0 0 0 0 0 0 0 0 0 0 0 0 0 0 0 0 0 0 0 0.001085480294 0.003654340778 0.009679676235 0.02218385925 0.0448209614 0.0807189055 0.1305474919 0.1927269531 0.2675444973 0.3636624211 0.4962824086 0.6708716995 0.8680712382 1.04551118 1.155181322 1.167348142 1.086198754 0.94493768 0.7839722243 0.6305272128 0.4937735741 0.3729855331 0.2665958971 0.1760957373 0.1050983744 0.05571212567 0.02600532905 0.01078342641 0.004181438073 0.001692838289 0.0007403613085 0.0003147000596 0 0 0 0 0 0 0 0 0 0 0 0 0 0 0 0 0 0 0 0 0 0 0 0 0 0 0 0 0 0 0 0 0 0 0 0
0 0 0 0 0 0 0 0 0 0 0 0 0 0 0 0 0 0 0 0 0 0 0 0 0 0 0 0 0 0 0 0 0.001162045706 0.003425943561 0.009150077032 0.02117199869 0.04233536188 0.07539207707 0.1209169826 0.1784699732 0.2516774528 0.3535685885 0.5002775352 0.6930850949 0.9079576692 1.100927244 1.224815012 1.249635031 1.176016131 1.032551037 0.8587978147 0.6856904695 0.5270084086 0.3856687086 0.2637480713 0.1653933888 0.09364351497 0.04740223685 0.02154024015 0.009187198048 0.004133451213 0.002074451297 0.001031346806 0.0004572120856 0 0 0 0 0 0 0 0 0 0 0 0 0 0 0 0 0 0 0 0 0 0 0 0 0 0 0 0 0 0 0 0 0 0 0 0
0 0 0 0 0 0 0 0 0 0 0 0 0 0 0 0 0 0 0 0 0 0 0 0 0 0 0 0 0 0 0 0 0.00106179402 0.003120561071 0.007961123005 0.0183414617 0.03636955409 0.06424772947 0.1027482046 0.1531301603 0.2223559434 0.3258400353 0.4777137073 0.6754863885 0.8947837124 1.095098894 1.232335211 1.274392378 1.214224674 1.072858532 0.8890388596 0.7001143766 0.5275354634 0.3775615079 0.2518274892 0.1533023309 0.08390179701 0.04112599367 0.01851196984 0.008446404629 0.004433721759 0.002486468522 0.001290878383 0.0005900853766 9.566894873e-05 0 0 0 0 0 0 0 0 0 0 0 0 0 0 0 0 0 0 0 0 0 0 0 0 0 0 0 0 0 0 0 0 0 0 0
0 0 0 0 0 0 0 0 0 0 0 0 0 0 0 0 0 0 0 0 0 0 0 0 0 0 0 0 0 0 0 0 0.0008275322768 0.002425667576 0.006168598689 0.01392708146 0.02754355627 0.04872247918 0.07894112346 0.1215136428 0.1854407139 0.2850857352 0.4309766067 0.6196802807 0.8306182361 1.028903109 1.173049226 1.227924194 1.179828345 1.044250593 0.8588107995 0.6646405701 0.4893580563 0.3427450555 0.2250192115 0.135533589 0.07364518254 0.0360341026 0.01652759924 0.008053966655 0.004578915218 0.002688629505 0.001464703064 0.0007442769461 0.0002880471335 0.0001683469121 8.385455992e-05 0 0 0 0 0 0 0 0 0 0 0 0 0 0 0 0 0 0 0 0 0 0 0 0 0 0 0 0 0 0 0 0 0
0 0 0 0 0 0 0 0 0 0 0 0 0 0 0 0 0 0 0 0 0 0 0 0 0 0 0 0 0 0 0 0 0.0005502372486 0.00161057229 0.004093662892 0.009162577467 0.01843279219 0.03351819586 0.05715574488 0.09425125487 0.1530583095 0.2438502386 0.3744523325 0.5441995302 0.7385014796 0.9265957301 1.066680831 1.121201813 1.075448224 0.9454086314 0.7681596113 0.5833595023 0.4188491833 0.2860954164 0.1847537183 0.1108474458 0.06070635982 0.0302567042 0.01433424583 0.007299352853 0.004365755948 0.002803797917 0.00183599379 0.001078542676 0.0007391556647 0.0004319830444 0.0002151733122 9.133633578e-05 0 0 0 0 0 0 0 0 0 0 0 0 0 0 0 0 0 0 0 0 0 0 0 0 0 0 0 0 0 0 0 0
0 0 0 0 0 0 0 0 0 0 0 0 0 0 0 0 0 0 0 0 0 0 0 0 0 0 0 0 0 0 0 0 0.0003128293969 0.0009188537557 0.002361486456 0.005459959934 0.0116120647 0.02321529308 0.04432961562 0.08013119544 0.1361264829 0.2176992611 0.330082101 0.4753234728 0.6444484212 0.810291483 0.9315775766 0.9715748428 0.919238518 0.7946085141 0.6343099454 0.4724447789 0.3312081463 0.2202472727 0.1392756434 0.08303920665 0.04598987078 0.02357786836 0.01171152334 0.006438571663 0.004486615412 0.003690269349 0.003101493702 0.002359109543 0.001616402276 0.0009446110352 0.0004705083917 0.0001997196436 7.224254496e-05 0 0 0 0 0 0 0 0 0 0 0 0 0 0 0 0 0 0 0 0 0 0 0 0 0 0 0 0 0 0 0
0 0 0 0 0 0 0 0 0 0 0 0 0 0 0 0 0 0 0 0 0 0 0 0 0 0 0 0 0 0 0 0 0 0.00046355818 0.001262051618 0.003271889894 0.008042578388 0.01872842447 0.03995018281 0.07697200079 0.1339790628 0.2129543293 0.3141408709 0.4360657115 0.5714480283 0.6996572452 0.7869676159 0.8029327191 0.7413203152 0.6245248935 0.486878323 0.35533989 0.2440308526 0.1582914506 0.0976444764 0.05752109005 0.03236664224 0.01769647654 0.01016794477 0.007047255209 0.006268431013 0.006089634407 0.005534858608 0.004398015109 0.00301228689 0.001760156852 0.000876715124 0.0003721414494 0.0001346092661 0 0 0 0 0 0 0 0 0 0 0 0 0 0 0 0 0 0 0 0 0 0 0 0 0 0 0 0 0 0 0
0 0 0 0 0 0 0 0 0 0 0 0 0 0 0 0 0 0 0 0 0 0 0 0 0 0 0 0 0 0 0 0 0 0.0002296245066 0.0007308224006 0.002288784143 0.006500125697 0.01656290445 0.03761600579 0.07564827442 0.1358256754 0.2191699915 0.3203367664 0.4286668727 0.5317666769 0.6153849605 0.6601860955 0.6480281648 0.5777933789 0.4707550054 0.3563256697 0.2543220083 0.1715893886 0.109017011 0.06560415061 0.03844999823 0.02331013641 0.01575801837 0.01199942144 0.01013685837 0.0096684737 0.009576197429 0.008750631128 0.006988095422 0.004783833197 0.00279494182 0.001392075388 0.0005908912273 0.0002137342539 6.588173047e-05 0 0 0 0 0 0 0 0 0 0 0 0 0 0 0 0 0 0 0 0 0 0 0 0 0 0 0 0 0 0
0 0 0 0 0 0 0 0 0 0 0 0 0 0 0 0 0 0 0 0 0 0 0 0 0 0 0 0 0 0 0 0 0 0 0.0004863248701 0.001735941118 0.005280261438 0.01414291323 0.03349627109 0.07059608493 0.1319321228 0.2189771143 0.3228210957 0.4250785187 0.5064055151 0.5545395929 0.5626701967 0.5263926127 0.4503508814 0.3534052674 0.2589907637 0.1807015746 0.1201817317 0.07528827929 0.04485629533 0.02791218292 0.02120935268 0.01873421005 0.01648657697 0.01441401018 0.01346667863 0.01308194853 0.01188181513 0.009464164607 0.00647436266 0.003781928524 0.001883573667 0.0007995056385 0.000289194601 8.914047669e-05 0 0 0 0 0 0 0 0 0 0 0 0 0 0 0 0 0 0 0 0 0 0 0 0 0 0 0 0 0 0
0 0 0 0 0 0 0 0 0 0 0 0 0 0 0 0 0 0 0 0 0 0 0 0 0 0 0 0 0 0 0 0 0 0 0.0003186054109 0.001244105027 0.003939424999 0.01109204656 0.02755695875 0.06064252897 0.11767757 0.2002978593 0.298701044 0.3918823057 0.4577062606 0.4843962865 0.4716380536 0.4238746867 0.349846489 0.2658278034 0.1897128184 0.130316185 0.08624643051 0.05408236769 0.03325239631 0.02439209523 0.02331292984 0.02301511219 0.02092074904 0.01807067026 0.01624439974 0.01533314513 0.01376477381 0.01092619647 0.007467316688 0.00436093604 0.002171765522 0.0009218242543 0.0003334395519 0.0001027780904 2.699607433e-05 0 0 0 0 0 0 0 0 0 0 0 0 0 0 0 0 0 0 0 0 0 0 0 0 0 0 0 0 0
0 0 0 0 0 0 0 0 0 0 0 0 0 0 0 0 0 0 0 0 0 0 0 0 0 0 0 0 0 0 0 0 0 0 0 0.000636671787 0.002683244398 0.007934930507 0.02061321796 0.04702457026 0.09368732164 0.1621706114 0.2438551863 0.3198015265 0.3699807286 0.3842852497 0.3648158203 0.3192001841 0.2570336817 0.19119544 0.1344567602 0.09208924883 0.06147138196 0.03933951066 0.02611869021 0.02295130352 0.02465552522 0.0252252861 0.02308303 0.01958403046 0.01689404236 0.01539230428 0.01361104879 0.01075383116 0.007340294486 0.004285199455 0.002133877191 0.0009057095905 0.0003276041828 0.0001009801734 2.652388535e-05 0 0 0 0 0 0 0 0 0 0 0 0 0 0 0 0 0 0 0 0 0 0 0 0 0 0 0 0 0
0 0 0 0 0 0 0 0 0 0 0 0 0 0 0 0 0 0 0 0 0 0 0 0 0 0 0 0 0 0 0 0 0 0 0 0 0.001662706224 0.005133958919 0.01379949013 0.03226708037 0.06531106643 0.1141869732 0.1724492151 0.2260615376 0.2600118308 0.2668822806 0.2491476109 0.214037826 0.1695349789 0.1245653758 0.08722285293 0.06022041407 0.04095553583 0.02713469661 0.019948779 0.02022162053 0.02299053186 0.0238886606 0.02190184368 0.01828042744 0.01514098161 0.01325002788 0.01149365123 0.009024947403 0.006149502276 0.003588362873 0.001786641222 0.0007583041797 0.0002742814885 8.454472155e-05 2.220701548e-05 0 0 0 0 0 0 0 0 0 0 0 0 0 0 0 0 0 0 0 0 0 0 0 0 0 0 0 0 0
0 0 0 0 0 0 0 0 0 0 0 0 0 0 0 0 0 0 0 0 0 0 0 0 0 0 0 0 0 0 0 0 0 0 0 0 0 0.002936950074 0.008127001087 0.01928474208 0.03939746434 0.06921960362 0.1047632524 0.1372302298 0.1571077795 0.1597985431 0.1472467463 0.12469686 0.09757488538 0.07120583431 0.05000619439 0.03505984655 0.02443002224 0.01693029726 0.01397742183 0.0157592412 0.01851195883 0.01942613964 0.01781897271 0.01466925855 0.01169796533 0.009793677731 0.008293882784 0.006459497955 0.004391152082 0.002560677216 0.001274756225 0.0005410205634 0.0001956863776 6.03182772e-05 1.5843569e-05 0 0 0 0 0 0 0 0 0 0 0 0 0 0 0 0 0 0 0 0 0 0 0 0 0 0 0 0 0
0 0 0 0 0 0 0 0 0 0 0 0 0 0 0 0 0 0 0 0 0 0 0 0 0 0 0 0 0 0 0 0 0 0 0 0 0 0.001436668706 0.004047294992 0.009941578452 0.02041358616 0.0359680269 0.05447214716 0.0712448935 0.08126093528 0.08201629231 0.07472299335 0.06249161635 0.04841138856 0.03521036826 0.02492769372 0.01783342295 0.01277447224 0.009362548442 0.00873836894 0.01066708753 0.01280560523 0.01352700863 0.0124131664 0.01010521792 0.007789780891 0.006223554513 0.005118952741 0.003944137575 0.002672781545 0.001557274951 0.0007750695284 0.0003289259245 0.0001189704778 3.667129889e-05 9.63220034e-06 0 0 0 0 0 0 0 0 0 0 0 0 0 0 0 0 0 0 0 0 0 0 0 0 0 0 0 0 0
0 0 0 0 0 0 0 0 0 0 0 0 0 0 0 0 0 0 0 0 0 0 0 0 0 0 0 0 0 0 0 0 0 0 0 0 0 0 0.001800800632 0.004342065713 0.009023199273 0.01597535212 0.02420119762 0.03160686285 0.03590343143 0.0359937533 0.03245375847 0.02683316485 0.02060645008 0.01497481429 0.01073176125 0.007859835104 0.005806029245 0.004561784377 0.004810644737 0.006229772325 0.007588052311 0.008055936621 0.007396174872 0.005968285259 0.004467316951 0.003404957671 0.002704912459 0.00205525903 0.00138677448 0.0008071161314 0.0004015832306 0.0001703945617 6.163513361e-05 1.899842805e-05 4.990184875e-06 0 0 0 0 0 0 0 0 0 0 0 0 0 0 0 0 0 0 0 0 0 0 0 0 0 0 0 0 0
0 0 0 0 0 0 0 0 0 0 0 0 0 0 0 0 0 0 0 0 0 0 0 0 0 0 0 0 0 0 0 0 0 0 0 0 0 0 0 0.001648667895 0.003402367048 0.006051729583 0.009171652403 0.01196597637 0.01354187026 0.01348931436 0.01204608158 0.009857970596 0.007510046924 0.005464327734 0.003977672249 0.002990361741 0.002286911857 0.001951445836 0.00231499985 0.003124842643 0.003846541951 0.004098876924 0.003764674515 0.003017972645 0.002205094353 0.001605201961 0.001225193297 0.0009140451137 0.0006135366899 0.000356524778 0.0001772123841 7.522340112e-05 2.72101184e-05 8.387238723e-06 2.203019434e-06 0 0 0 0 0 0 0 0 0 0 0 0 0 0 0 0 0 0 0 0 0 0 0 0 0 0 0 0 0
0 0 0 0 0 0 0 0 0 0 0 0 0 0 0 0 0 0 0 0 0 0 0 0 0 0 0 0 0 0 0 0 0 0 0 0 0 0 0 0 0.001102128358 0.001947266928 0.002967702899 0.003866929555 0.004362859036 0.004313527016 0.003819502118 0.003093643249 0.002337287636 0.001710586219 0.001268608639 0.0009806595299 0.0007815435577 0.000737783456 0.0009667489775 0.001343747116 0.001664481583 0.001781090214 0.001637553962 0.001306039088 0.000935443847 0.000652391537 0.0004753784632 0.0003474418715 0.000231482072 0.000134229261 6.666665503e-05 2.829856196e-05 1.023631151e-05 3.15523238e-06 8.28767386e-07 0 0 0 0 0 0 0 0 0 0 0 0 0 0 0 0 0 0 0 0 0 0 0 0 0 0 0 0 0
0 0 0 0 0 0 0 0 0 0 0 0 0 0 0 0 0 0 0 0 0 0 0 0 0 0 0 0 0 0 0 0 0 0 0 0 0 0 0 0 0 0.0005379609589 0.000814437809 0.001059340682 0.001191072585 0.00117946499 0.001030453975 0.0008313796928 0.00062456901 0.0004579212242 0.0003466857811 0.0002758924483 0.0002289271729 0.0002449408063 0.0003474948711 0.0004939922753 0.0006159748483 0.0006600500419 0.0006080299238 0.0004831100107 0.0003406024361 0.0002272626711 0.0001588444639 0.0001129255385 7.449871595e-05 4.29029327e-05 2.137153071e-05 9.071808533e-06 3.281489495e-06 1.011487475e-06 0 0 0 0 0 0 0 0 0 0 0 0 0 0 0 0 0 0 0 0 0 0 0 0 0 0 0 0 0 0
0 0 0 0 0 0 0 0 0 0 0 0 0 0 0 0 0 0 0 0 0 0 0 0 0 0 0 0 0 0 0 0 0 0 0 0 0 0 0 0 0 0 0 0.0002492769509 0.0002796482568 0.0002735101984 0.0002368458091 0.0001848229525 0.000131344488 0.0001048613673 8.134547602e-05 6.712363025e-05 5.801127786e-05 7.103136409e-05 0.000107899345 0.0001554957037 0.0001947317258 0.0002091060336 0.0001918603141 0.0001481321395 9.943959182e-05 6.864675472e-05 4.56817078e-05 3.141362493e-05 2.004895738e-05 1.171986287e-05 5.838167038e-06 2.478220225e-06 0 0 0 0 0 0 0 0 0 0 0 0 0 0 0 0 0 0 0 0 0 0 0 0 0 0 0 0 0 0 0 0
0 0 0 0 0 0 0 0 0 0 0 0 0 0 0 0 0 0 0 0 0 0 0 0 0 0 0 0 0 0 0 0 0 0 0 0 0 0 0 0 0 0 0 0 0 0 0 0 0 0 1.135471144e-05 1.116101123e-05 1.321229909e-05 1.810357639e-05 2.873670647e-05 4.173908634e-05 5.091949491e-05 5.523974038e-05 5.106677545e-05 4.022843959e-05 2.700466069e-05 1.544763571e-05 0 0 0 0 0 0 0 0 0 0 0 0 0 0 0 0 0 0 0 0 0 0 0 0 0 0 0 0 0 0 0 0 0 0 0 0 0 0
0 0 0 0 0 0 0 0 0 0 0 0 0 0 0 0 0 0 0 0 0 0 0 0 0 0 0 0 0 0 0 0 0 0 0 0 0 0 0 0 0 0 0 0 0 0 0 0 0 0 0 0 0 3.533830536e-06 6.195505924e-06 9.255984338e-06 1.178354161e-05 1.278350527e-05 1.181756536e-05 0 0 0 0 0 0 0 0 0 0 0 0 0 0 0 0 0 0 0 0 0 0 0 0 0 0 0 0 0 0 0 0 0 0 0 0 0 0 0 0 0
0 0 0 0 0 0 0 0 0 0 0 0 0 0 0 0 0 0 0 0 0 0 0 0 0 0 0 0 0 0 0 0 0 0 0 0 0 0 0 0 0 0 0 0 0 0 0 0 0 0 0 0 0 0 0 0 0 0 0 0 0 0 0 0 0 0 0 0 0 0 0 0 0 0 0 0 0 0 0 0 0 0 0 0 0 0 0 0 0 0 0 0 0 0 0 0 0 0 0 0
0 0 0 0 0 0 0 0 0 0 0 0 0 0 0 0 0 0 0 0 0 0 0 0 0 0 0 0 0 0 0 0 0 0 0 0 0 0 0 0 0 0 0 0 0 0 0 0 0 0 0 0 0 0 0 0 0 0 0 0 0 0 0 0 0 0 0 0 0 0 0 0 0 0 0 0 0 0 0 0 0 0 0 0 0 0 0 0 0 0 0 0 0 0 0 0 0 0 0 0
0 0 0 0 0 0 0 0 0 0 0 0 0 0 0 0 0 0 0 0 0 0 0 0 0 0 0 0 0 0 0 0 0 0 0 0 0 0 0 0 0 0 0 0 0 0 0 0 0 0 0 0 0 0 0 0 0 0 0 0 0 0 0 0 0 0 0 0 0 0 0 0 0 0 0 0 0 0 0 0 0 0 0 0 0 0 0 0 0 0 0 0 0 0 0 0 0 0 0 0
0 0 0 0 0 0 0 0 0 0 0 0 0 0 0 0 0 0 0 0 0 0 0 0 0 0 0 0 0 0 0 0 0 0 0 0 0 0 0 0 0 0 0 0 0 0 0 0 0 0 0 0 0 0 0 0 0 0 0 0 0 0 0 0 0 0 0 0 0 0 0 0 0 0 0 0 0 0 0 0 0 0 0 0 0 0 0 0 0 0 0 0 0 0 0 0 0 0 0 0
0 0 0 0 0 0 0 0 0 0 0 0 0 0 0 0 0 0 0 0 0 0 0 0 0 0 0 0 0 0 0 0 0 0 0 0 0 0 0 0 0 0 0 0 0 0 0 0 0 0 0 0 0 0 0 0 0 0 0 0 0 0 0 0 0 0 0 0 0 0 0 0 0 0 0 0 0 0 0 0 0 0 0 0 0 0 0 0 0 0 0 0 0 0 0 0 0 0 0 0
0 0 0 0 0 0 0 0 0 0 0 0 0 0 0 0 0 0 0 0 0 0 0 0 0 0 0 0 0 0 0 0 0 0 0 0 0 0 0 0 0 0 0 0 0 0 0 0 0 0 0 0 0 0 0 0 0 0 0 0 0 0 0 0 0 0 0 0 0 0 0 0 0 0 0 0 0 0 0 0 0 0 0 0 0 0 0 0 0 0 0 0 0 0 0 0 0 0 0 0
0 0 0 0 0 0 0 0 0 0 0 0 0 0 0 0 0 0 0 0 0 0 0 0 0 0 0 0 0 0 0 0 0 0 0 0 0 0 0 0 0 0 0 0 0 0 0 0 0 0 0 0 0 0 0 0 0 0 0 0 0 0 0 0 0 0 0 0 0 0 0 0 0 0 0 0 0 0 0 0 0 0 0 0 0 0 0 0 0 0 0 0 0 0 0 0 0 0 0 0
0 0 0 0 0 0 0 0 0 0 0 0 0 0 0 0 0 0 0 0 0 0 0 0 0 0 0 0 0 0 0 0 0 0 0 0 0 0 0 0 0 0 0 0 0 0 0 0 0 0 0 0 0 0 0 0 0 0 0 0 0 0 0 0 0 0 0 0 0 0 0 0 0 0 0 0 0 0 0 0 0 0 0 0 0 0 0 0 0 0 0 0 0 0 0 0 0 0 0 0
0 0 0 0 0 0 0 0 0 0 0 0 0 0 0 0 0 0 0 0 0 0 0 0 0 0 0 0 0 0 0 0 0 0 0 0 0 0 0 0 0 0 0 0 0 0 0 0 0 0 0 0 0 0 0 0 0 0 0 0 0 0 0 0 0 0 0 0 0 0 0 0 0 0 0 0 0 0 0 0 0 0 0 0 0 0 0 0 0 0 0 0 0 0 0 0 0 0 0 0
0 0 0 0 0 0 0 0 0 0 0 0 0 0 0 0 0 0 0 0 0 0 0 0 0 0 0 0 0 0 0 0 0 0 0 0 0 0 0 0 0 0 0 0 0 0 0 0 0 0 0 0 0 0 0 0 0 0 0 0 0 0 0 0 0 0 0 0 0 0 0 0 0 0 0 0 0 0 0 0 0 0 0 0 0 0 0 0 0 0 0 0 0 0 0 0 0 0 0 0
0 0 0 0 0 0 0 0 0 0 0 0 0 0 0 0 0 0 0 0 0 0 0 0 0 0 0 0 0 0 0 0 0 0 0 0 0 0 0 0 0 0 0 0 0 0 0 0 0 0 0 0 0 0 0 0 0 0 0 0 0 0 0 0 0 0 0 0 0 0 0 0 0 0 0 0 0 0 0 0 0 0 0 0 0 0 0 0 0 0 0 0 0 0 0 0 0 0 0 0
0 0 0 0 0 0 0 0 0 0 0 0 0 0 0 0 0 0 0 0 0 0 0 0 0 0 0 0 0 0 0 0 0 0 0 0 0 0 0 0 0 0 0 0 0 0 0 0 0 0 0 0 0 0 0 0 0 0 0 0 0 0 0 0 0 0 0 0 0 0 0 0 0 0 0 0 0 0 0 0 0 0 0 0 0 0 0 0 0 0 0 0 0 0 0 0 0 0 0 0
0 0 0 0 0 0 0 0 0 0 0 0 0 0 0 0 0 0 0 0 0 0 0 0 0 0 0 0 0 0 0 0 0 0 0 0 0 0 0 0 0 0 0 0 0 0 0 0 0 0 0 0 0 0 0 0 0 0 0 0 0 0 0 0 0 0 0 0 0 0 0 0 0 0 0 0 0 0 0 0 0 0 0 0 0 0 0 0 0 0 0 0 0 0 0 0 0 0 0 0
