0 0 0 0 0 0 0 0 0 0 0 0 0 0 0 0 0 0 0 0 0 0 0 0 0 0 0 0 0 0 0 0 0 0 0 0 0 0 0 0 0 0 0 0 0 0 0 0 0 0 0 0 0 0 0 0 0 0 0 0 0 0 0 0 0 0 0 0 0 0 0 0 0 0 0 0 0 0 0 0 0 0 0 0 0 0 0 0 0 0 0 0 0 0 0 0 0 0 0 0
0 0 0 0 0 0 0 0 0 0 0 0 0 0 0 0 0 0 0 0 0 0 0 0 0 0 0 0 0 0 0 0 0 0 0 0 0 0 0 0 0 0 0 0 0 0 0 0 0 0 0 0 0 0 0 0 0 0 0 0 0 0 0 0 0 0 0 0 0 0 0 0 0 0 0 0 0 0 0 0 0 0 0 0 0 0 0 0 0 0 0 0 0 0 0 0 0 0 0 0
0 0 0 0 0 0 0 0 0 0 0 0 0 0 0 0 0 0 0 0 0 0 0 0 0 0 0 0 0 0 0 0 0 0 0 0 0 0 0 0 0 0 0 0 0 0 0 0 0 0 0 0 0 0 0 0 0 0 0 0 0 0 0 0 0 0 0 0 0 0 0 0 0 0 0 0 0 0 0 0 0 0 0 0 0 0 0 0 0 0 0 0 0 0 0 0 0 0 0 0
0 0 0 0 0 0 0 0 0 0 0 0 0 0 0 0 0 0 0 0 0 0 0 0 0 0 0 0 0 0 0 0 0 0 0 0 0 0 0 0 0 0 0 0 0 0 0 0 0 0 0 0 0 0 0 0 0 0 0 0 0 0 0 0 0 0 0 0 0 0 0 0 0 0 0 0 0 0 0 0 0 0 0 0 0 0 0 0 0 0 0 0 0 0 0 0 0 0 0 0
0 0 0 0 0 0 0 0 0 0 0 0 0 0 0 0 0 0 0 0 0 0 0 0 0 0 3.60063e-06 3.7863e-06 3.39283e-06 2.59073e-06 1.68574e-06 9.34715e-07 0 0 0 0 0 0 0 0 0 0 0 0 0 0 0 0 0 0 0 0 0 0 0 0 0 0 0 0 0 0 0 0 0 0 0 0 0 0 0 0 0 0 0 0 0 0 0 0 0 0 0 0 0 0 0 0 0 0 0 0 0 0 0 0 0 0 0 0
0 0 0 0 0 0 0 0 0 0 0 0 0 0 0 0 0 0 0 0 0 0 0 6.96543e-06 1.18371e-05 1.71418e-05 2.1153e-05 2.22436e-05 1.99322e-05 1.52199e-05 9.90343e-06 5.49125e-06 2.5946e-06 0 0 0 0 0 0 0 0 0 0 0 0 0 1.03178e-05 1.27861e-05 1.35023e-05 1.21503e-05 9.31698e-06 0 0 0 0 0 0 0 0 0 0 0 0 0 0 0 0 0 0 0 0 0 0 0 0 0 0 0 0 0 0 0 0 0 0 0 0 0 0 0 0 0 0 0 0 0 0 0 0 0
0 0 0 0 0 0 0 0 0 0 0 0 0 0 0 0 0 0 0 0 0 0 1.74854e-05 3.48705e-05 5.92587e-05 8.58142e-05 0.000105896 0.000111355 9.97836e-05 7.6194e-05 4.95785e-05 2.74902e-05 1.29889e-05 5.22979e-06 0 0 0 0 0 3.98745e-06 5.81767e-06 7.39804e-06 8.65687e-06 1.77006e-05 2.79457e-05 4.13609e-05 5.90844e-05 7.2425e-05 7.64818e-05 6.88235e-05 5.27749e-05 3.4485e-05 1.92021e-05 1.0212e-05 3.69407e-06 2.52135e-06 0 0 0 0 0 0 0 3.39163e-07 2.7292e-07 1.87146e-07 0 0 0 0 0 0 0 0 0 0 0 0 0 0 0 0 0 0 0 0 0 0 0 0 0 0 0 0 0 0 0 0 0 0
0 0 0 0 0 0 0 0 0 0 0 0 0 0 0 0 0 0 0 0 1.16056e-05 3.18732e-05 7.45918e-05 0.000148756 0.000252795 0.000366082 0.000451749 0.000475046 0.000425675 0.000325042 0.000211501 0.000117273 5.54108e-05 2.23104e-05 7.65473e-06 0 1.40395e-05 1.34959e-05 1.75941e-05 2.76823e-05 3.79733e-05 5.25933e-05 6.70508e-05 9.44457e-05 0.000141777 0.000211749 0.000291635 0.000353942 0.000369763 0.000332198 0.000254736 0.000167959 9.59315e-05 5.04415e-05 2.77986e-05 1.79535e-05 1.4534e-05 1.37712e-05 1.36663e-05 1.21613e-05 9.6639e-06 7.01595e-06 2.57439e-06 2.12956e-06 1.71315e-06 1.16755e-06 6.82241e-07 3.39708e-07 0 0 0 0 0 0 0 0 0 0 0 0 0 0 0 0 0 0 0 0 0 0 0 0 0 0 0 0 0 0 0 0
0 0 0 0 0 0 0 0 0 0 0 0 0 0 0 0 0 0 0 1.30906e-05 4.21893e-05 0.000115867 0.000271161 0.000540763 0.000918974 0.0013308 0.00164223 0.00173104 0.00155657 0.00119866 0.000795856 0.000462259 0.000241046 0.000138094 9.11711e-05 8.09308e-05 6.87394e-05 6.91419e-05 9.46931e-05 0.000147437 0.000210609 0.000270747 0.000339426 0.000445488 0.000626848 0.000897534 0.00121401 0.00146243 0.00152798 0.00137429 0.00105848 0.000700243 0.00040577 0.000217962 0.000121524 8.5489e-05 7.97649e-05 8.18991e-05 8.01041e-05 7.08186e-05 5.61685e-05 4.05117e-05 2.74606e-05 1.72325e-05 1.11203e-05 6.25124e-06 3.65163e-06 1.806e-06 7.66302e-07 0 0 0 0 0 0 0 0 0 0 0 0 0 0 0 0 0 0 0 0 0 0 0 0 0 0 0 0 0 0 0
0 0 0 0 0 0 0 0 0 0 0 0 0 0 0 0 0 0 0 4.05513e-05 0.000130691 0.000358923 0.000839986 0.00167515 0.00284675 0.00412598 0.00509786 0.005377 0.00485395 0.00377264 0.00255766 0.00154948 0.000906865 0.000572458 0.000426598 0.000348954 0.000291476 0.000305629 0.000447861 0.000683328 0.000947631 0.00119787 0.00145564 0.00181569 0.00240512 0.00329011 0.00434224 0.00517682 0.00539612 0.00484485 0.00372905 0.00247652 0.0014465 0.000793202 0.000473822 0.000368258 0.000371807 0.000394506 0.000387054 0.000341425 0.00027083 0.000196418 0.00013321 8.72628e-05 5.61776e-05 3.47936e-05 1.89839e-05 8.24587e-06 3.47155e-06 1.25521e-06 0 0 0 0 0 0 0 0 0 0 0 0 0 0 0 0 0 0 0 0 0 0 0 0 0 0 0 0 0 0
0 0 0 0 0 0 0 0 0 0 0 0 0 0 0 0 0 0 2.8303e-05 0.000107044 0.000344986 0.000947458 0.00221732 0.00442191 0.00752018 0.0109021 0.013489 0.0142764 0.0129929 0.0102873 0.0072595 0.00473991 0.00302712 0.00203451 0.00153814 0.00124784 0.00105208 0.00115971 0.00175477 0.00266145 0.00364618 0.00454496 0.00538716 0.00644015 0.0080608 0.0104543 0.0133278 0.0156549 0.0162272 0.0145584 0.0112367 0.00749179 0.00442676 0.00249937 0.00160015 0.00138834 0.00150077 0.00162606 0.00159789 0.00140461 0.00111301 0.000807159 0.000548056 0.000358877 0.000231042 0.000144153 8.36146e-05 4.26707e-05 1.98422e-05 4.88771e-06 1.49301e-06 0 0 0 0 0 0 0 0 0 0 0 0 0 0 0 0 0 0 0 0 0 0 0 0 0 0 0 0 0
0 0 0 0 0 0 0 0 0 0 0 0 0 0 0 0 0 0 6.36646e-05 0.000240786 0.000776025 0.00213124 0.00498904 0.0099532 0.0169305 0.0245744 0.0304967 0.0325079 0.0300752 0.0246604 0.0185099 0.0131413 0.0090641 0.0063271 0.00476581 0.00381998 0.00326212 0.00378423 0.00584134 0.00883714 0.0120067 0.014787 0.0171743 0.0198482 0.0235748 0.0288687 0.0352895 0.0405818 0.0417409 0.0374047 0.0289531 0.0194532 0.0116733 0.00685764 0.00480049 0.00462879 0.0052452 0.00573277 0.00563924 0.00495098 0.00392344 0.00285424 0.00194745 0.00128186 0.000831332 0.000524793 0.000310214 0.000165454 7.71603e-05 3.18552e-05 1.13374e-05 0 0 0 0 0 0 0 0 0 0 0 0 0 0 0 0 0 0 0 0 0 0 0 0 0 0 0 0 0
0 0 0 0 0 0 0 0 0 0 0 0 0 0 0 0 0 2.74958e-05 0.000122035 0.000461547 0.0014875 0.00408523 0.00956592 0.0190927 0.0325114 0.0473138 0.0590848 0.0639037 0.0609906 0.0529556 0.0430836 0.0331514 0.0240634 0.0170428 0.0126628 0.0100121 0.00869464 0.010644 0.0166649 0.0250724 0.0337986 0.041166 0.0470437 0.0528563 0.0601024 0.0695742 0.0809481 0.0904741 0.0920259 0.0823348 0.0640018 0.0434469 0.0266764 0.0165475 0.0128779 0.0135775 0.0158151 0.0173365 0.017033 0.0149591 0.0118959 0.00872171 0.00601899 0.00401081 0.0026344 0.00168996 0.0010191 0.000555614 0.000266751 0.000111211 4.02599e-05 1.25017e-05 0 0 0 0 0 0 0 0 0 0 0 0 0 0 0 0 0 0 0 0 0 0 0 0 0 0 0 0
0 0 0 0 0 0 0 0 0 0 0 0 0 0 0 0 0 4.49123e-05 0.000199334 0.000753901 0.00242971 0.00667614 0.0156353 0.0312357 0.0533108 0.0780099 0.0986755 0.109744 0.110431 0.103638 0.0914781 0.0746586 0.0557683 0.0395351 0.0288374 0.0224713 0.0199579 0.0256805 0.0406756 0.0608757 0.081433 0.0982438 0.110607 0.12146 0.133267 0.146578 0.161604 0.174177 0.174416 0.155715 0.121788 0.083899 0.0531735 0.0355005 0.0309422 0.0348353 0.0411092 0.0450034 0.0441404 0.0388396 0.0311273 0.0231591 0.0162986 0.0110744 0.00739824 0.00482416 0.00295978 0.0016418 0.000801609 0.000338814 0.000123568 3.87004e-05 1.01779e-05 0 0 0 0 0 0 0 0 0 0 0 0 0 0 0 0 0 0 0 0 0 0 0 0 0 0 0
0 0 0 0 0 0 0 0 0 0 0 0 0 0 0 0 0 6.25135e-05 0.000277455 0.00104935 0.00338336 0.00929774 0.0217928 0.0436242 0.0748134 0.110719 0.143591 0.167645 0.181802 0.185326 0.174341 0.147448 0.111603 0.0786691 0.0562391 0.0432342 0.0394731 0.053291 0.0851374 0.126771 0.168344 0.20129 0.223708 0.240855 0.256618 0.270131 0.282173 0.291181 0.285493 0.254066 0.200424 0.140888 0.093297 0.0684443 0.0664087 0.0779096 0.092135 0.10041 0.0983349 0.0869386 0.0706511 0.0538066 0.0389386 0.0271276 0.0184422 0.0121777 0.00755771 0.00423931 0.0020902 0.000892302 0.000327165 0.000102752 2.76007e-05 6.28546e-06 0 0 0 0 0 0 0 0 0 0 0 0 0 0 0 0 0 0 0 0 0 0 0 0 0 0
0 0 0 0 0 0 0 0 0 0 0 0 0 0 0 0 1.42361e-05 7.41469e-05 0.000329089 0.00124464 0.00401497 0.0110414 0.025925 0.0521146 0.0902681 0.136602 0.185203 0.232239 0.273764 0.298636 0.292511 0.252134 0.191798 0.134118 0.0939793 0.0713796 0.0674315 0.095343 0.153387 0.227317 0.300071 0.356161 0.391311 0.413718 0.429607 0.435839 0.432982 0.42576 0.406236 0.359744 0.28694 0.207187 0.145561 0.119302 0.126608 0.151595 0.17821 0.19291 0.188807 0.16847 0.139943 0.110108 0.0824681 0.0589814 0.0406735 0.0270284 0.0168534 0.00950134 0.00470837 0.00202026 0.000744432 0.000235457 6.2859e-05 1.43768e-05 0 0 0 0 0 0 0 0 0 0 0 0 0 0 0 0 0 0 0 0 0 0 0 0 0 0
0 0 0 0 0 0 0 0 0 0 0 0 0 0 0 0 1.43888e-05 7.49434e-05 0.00033262 0.00125901 0.00406237 0.0111886 0.0263677 0.0534701 0.0944717 0.14886 0.215965 0.294395 0.372783 0.425244 0.42601 0.370786 0.282526 0.196051 0.134881 0.10154 0.100108 0.148008 0.23951 0.354049 0.465815 0.55039 0.598988 0.622024 0.62965 0.618081 0.587183 0.549455 0.50706 0.445441 0.359824 0.268826 0.204027 0.188187 0.213216 0.256484 0.297989 0.319898 0.313519 0.284114 0.243524 0.19949 0.154969 0.113479 0.0789504 0.0524405 0.032626 0.0183897 0.00912937 0.00392722 0.00145469 0.000464157 0.000128654 3.15791e-05 7.1925e-06 0 0 0 0 0 0 0 0 0 0 0 0 0 0 0 0 0 0 0 0 0 0 0 0 0
0 0 0 0 0 0 0 0 0 0 0 0 0 0 0 0 1.2393e-05 6.4547e-05 0.00028648 0.00108535 0.00350673 0.00968948 0.0230107 0.0474925 0.0870421 0.146179 0.230405 0.338575 0.450273 0.527002 0.534454 0.467859 0.357089 0.246598 0.167286 0.125755 0.13102 0.201918 0.328759 0.486422 0.640857 0.757324 0.819126 0.835308 0.821444 0.779171 0.710277 0.633103 0.56179 0.486887 0.39818 0.310433 0.2595 0.267563 0.31585 0.377561 0.431788 0.459321 0.452252 0.419565 0.374468 0.320605 0.257734 0.192308 0.134277 0.0886507 0.0547514 0.030727 0.01524 0.00657963 0.0024585 0.000801114 0.000232426 6.16516e-05 1.56652e-05 3.45944e-06 0 0 0 0 0 0 0 0 0 0 0 0 0 0 0 0 0 0 0 0 0 0 0 0
0 0 0 0 0 0 0 0 0 0 0 0 0 0 0 0 0 4.73739e-05 0.000210259 0.00079815 0.00258605 0.00719393 0.0173521 0.0370209 0.0720216 0.131249 0.223698 0.346802 0.474794 0.563792 0.576336 0.507488 0.389357 0.269526 0.182327 0.139502 0.155887 0.248176 0.405792 0.603126 0.800014 0.950936 1.02698 1.02989 0.979951 0.89253 0.778946 0.661214 0.560705 0.475292 0.392755 0.323815 0.303268 0.342237 0.411609 0.484966 0.544245 0.573725 0.570234 0.546423 0.511159 0.457135 0.378669 0.286794 0.200414 0.131111 0.0800744 0.0446278 0.0221304 0.00961697 0.00367303 0.00125286 0.000396133 0.00011954 3.29681e-05 8.46155e-06 2.14362e-06 0 0 0 0 0 0 0 0 0 0 0 0 0 0 0 0 0 0 0 0 0 0 0
0 0 0 0 0 0 0 0 0 0 0 0 0 0 0 0 0 2.96288e-05 0.000131501 0.000501267 0.00163377 0.00460775 0.0114523 0.0258273 0.0544249 0.107544 0.194288 0.311241 0.433395 0.519812 0.535936 0.476908 0.371407 0.262383 0.182599 0.148654 0.178253 0.284744 0.46287 0.690455 0.923819 1.10774 1.19925 1.18828 1.09602 0.954461 0.792578 0.638085 0.513577 0.422114 0.354427 0.318361 0.335925 0.399135 0.477031 0.548585 0.601718 0.628722 0.634543 0.633405 0.622899 0.580349 0.494151 0.380114 0.266575 0.173144 0.1046 0.0579432 0.0288696 0.0128343 0.00514224 0.00192545 0.000688394 0.00023442 7.34523e-05 1.7506e-05 4.5611e-06 0 0 0 0 0 0 0 0 0 0 0 0 0 0 0 0 0 0 0 0 0 0 0
0 0 0 0 0 0 0 0 0 0 0 0 0 0 0 0 0 1.57908e-05 7.00838e-05 0.000269521 0.000889158 0.00257528 0.00674145 0.0164315 0.037637 0.0792286 0.148547 0.242773 0.342323 0.415311 0.434627 0.395871 0.320483 0.241507 0.185906 0.169991 0.208392 0.316263 0.498224 0.737106 0.988727 1.19229 1.29481 1.27529 1.15146 0.965406 0.763036 0.581635 0.444554 0.358404 0.320101 0.329256 0.378627 0.446191 0.510888 0.562148 0.596507 0.616408 0.63522 0.664869 0.688055 0.667838 0.586971 0.462677 0.329501 0.215035 0.12976 0.072205 0.0368014 0.0172787 0.00765444 0.00325356 0.001317 0.000491345 0.000164358 4.99832e-05 8.471e-06 0 0 0 0 0 0 0 0 0 0 0 0 0 0 0 0 0 0 0 0 0 0 0
0 0 0 0 0 0 0 0 0 0 0 0 0 0 0 0 0 7.44007e-06 3.23149e-05 0.000125395 0.000422091 0.00128106 0.00361906 0.00961402 0.023578 0.0517541 0.0993617 0.164987 0.236214 0.292385 0.315728 0.303339 0.269652 0.236222 0.217771 0.220392 0.256531 0.349455 0.512614 0.733108 0.97025 1.1659 1.26609 1.24455 1.11319 0.913994 0.699918 0.515907 0.38933 0.332006 0.341528 0.395755 0.462007 0.515172 0.54587 0.557793 0.560288 0.567054 0.597474 0.657698 0.717419 0.729616 0.6693 0.548584 0.403527 0.269616 0.165876 0.094979 0.0512345 0.0265568 0.0134005 0.00645634 0.00284231 0.00111989 0.000393141 0.000126991 4.02696e-05 0 0 0 0 0 0 0 0 0 0 0 0 0 0 0 0 0 0 0 0 0 0 0
0 0 0 0 0 0 0 0 0 0 0 0 0 0 0 0 0 0 1.53266e-05 5.46641e-05 0.000187701 0.000605203 0.00183887 0.00522861 0.0133929 0.0301655 0.058988 0.099809 0.146568 0.188734 0.217931 0.235295 0.250735 0.270668 0.28993 0.304072 0.327481 0.391537 0.514815 0.685806 0.871493 1.02639 1.10622 1.08646 0.973759 0.803162 0.623278 0.47745 0.392708 0.379976 0.430114 0.511263 0.584053 0.62015 0.613916 0.580444 0.544401 0.533103 0.570967 0.657683 0.753974 0.804358 0.772068 0.659524 0.502978 0.347207 0.22168 0.134426 0.0795544 0.0464607 0.0261407 0.013554 0.00622401 0.00252908 0.00091935 0.000314302 0.000105667 0 0 0 0 0 0 0 0 0 0 0 0 0 0 0 0 0 0 0 0 0 0 0
0 0 0 0 0 0 0 0 0 0 0 0 0 0 0 0 0 0 0 5.13927e-05 0.000131198 0.000371251 0.0010969 0.00309407 0.00787437 0.0176629 0.0346458 0.0594874 0.0903249 0.124291 0.162169 0.210649 0.27334 0.33937 0.38811 0.408105 0.414586 0.444924 0.520243 0.626141 0.736707 0.826571 0.871132 0.855303 0.784411 0.684075 0.586058 0.512192 0.475456 0.48872 0.552168 0.639639 0.71098 0.734058 0.701757 0.634153 0.567631 0.54249 0.587437 0.696178 0.823018 0.904698 0.893277 0.783676 0.614292 0.438995 0.295819 0.195327 0.128792 0.082921 0.0497126 0.0266698 0.0125547 0.00517331 0.00194587 0.00070673 0.000257536 0 0 0 0 0 0 0 0 0 0 0 0 0 0 0 0 0 0 0 0 0 0 0
0 0 0 0 0 0 0 0 0 0 0 0 0 0 0 0 0 0 6.0914e-05 0.000141117 0.000294597 0.000629241 0.00147975 0.00358447 0.00821617 0.0171219 0.0319221 0.0530535 0.0795406 0.11172 0.156428 0.22483 0.316793 0.411899 0.480134 0.503971 0.497634 0.501118 0.536767 0.585858 0.623971 0.644186 0.649073 0.643811 0.637897 0.63818 0.637231 0.624647 0.611316 0.62641 0.68354 0.762528 0.824903 0.836475 0.786513 0.695937 0.609635 0.578421 0.631341 0.754128 0.89659 0.992427 0.989604 0.881351 0.708733 0.530191 0.385175 0.280183 0.201725 0.137508 0.0849193 0.0462509 0.0220199 0.00926392 0.0036447 0.00145243 0.000650513 0.000383542 0.000269393 0.000191685 0.00011717 6.15064e-05 0 0 0 0 0 0 0 0 0 0 0 0 0 0 0 0 0 0
0 0 0 0 0 0 0 0 0 0 0 0 0 0 0 0 0 8.62726e-05 0.000221484 0.000491322 0.000985029 0.0019156 0.0038965 0.008102 0.0162134 0.0303811 0.0526902 0.0834999 0.119932 0.158177 0.201724 0.26557 0.357761 0.459 0.534482 0.56241 0.554585 0.548357 0.562828 0.577121 0.566735 0.534968 0.511435 0.531695 0.603696 0.693988 0.75746 0.774319 0.76591 0.774831 0.822488 0.892941 0.949179 0.953151 0.887842 0.77393 0.665906 0.625379 0.6786 0.801167 0.940378 1.03305 1.03121 0.931023 0.774165 0.615318 0.485019 0.380931 0.288534 0.20187 0.126182 0.0692444 0.0333378 0.0143969 0.00604252 0.0027682 0.00165378 0.00130004 0.00103252 0.000738269 0.000453632 0.000240102 0.000110178 4.42501e-05 0 0 0 0 0 0 0 0 0 0 0 0 0 0 0 0
0 0 0 0 0 0 0 0 0 0 0 0 0 0 0 0 0 0.000269074 0.00068805 0.00152279 0.00301153 0.00569709 0.0110347 0.0214621 0.0393544 0.0663722 0.10376 0.151664 0.205802 0.256563 0.297506 0.33839 0.399312 0.47811 0.544978 0.576136 0.579303 0.582976 0.597119 0.599344 0.567792 0.511894 0.481472 0.536607 0.669201 0.811524 0.904561 0.931158 0.922019 0.927896 0.975001 1.05006 1.11332 1.11756 1.03753 0.895574 0.758745 0.699802 0.74098 0.848513 0.969342 1.04686 1.04084 0.952086 0.820159 0.689303 0.576014 0.471367 0.364607 0.257339 0.161534 0.0890775 0.043509 0.0196774 0.00917032 0.00543803 0.00450749 0.00409664 0.0033829 0.0024316 0.00150499 0.000806052 0.000376811 0.000155399 5.70789e-05 0 0 0 0 0 0 0 0 0 0 0 0 0 0 0
0 0 0 0 0 0 0 0 0 0 0 0 0 0 0 0 0.000238742 0.00071306 0.00182607 0.00402922 0.00791082 0.0147289 0.0278513 0.0526451 0.0928851 0.147379 0.210883 0.278394 0.345563 0.403177 0.439332 0.455068 0.471629 0.506278 0.54697 0.57379 0.589701 0.612213 0.64016 0.648231 0.616229 0.557582 0.534639 0.619047 0.789357 0.959885 1.06507 1.09124 1.07753 1.08161 1.13342 1.21962 1.29385 1.29943 1.20671 1.04395 0.890679 0.823274 0.853227 0.940941 1.03747 1.09289 1.0726 0.980646 0.85581 0.735569 0.627388 0.519027 0.402607 0.284006 0.178293 0.0988957 0.0494044 0.0241062 0.0139426 0.0116889 0.0118292 0.0113194 0.00948136 0.0068608 0.00429042 0.00233619 0.00111914 0.00047649 0.0001812 6.13836e-05 0 0 0 0 0 0 0 0 0 0 0 0 0 0
0 0 0 0 0 0 0 0 0 0 0 0 0 0 0 0 0.000539243 0.00162464 0.00413447 0.00909653 0.0177547 0.0326411 0.0606039 0.112629 0.195197 0.301003 0.409357 0.49889 0.561601 0.600334 0.615532 0.608571 0.595056 0.593916 0.603543 0.611438 0.621913 0.650169 0.69042 0.712342 0.691629 0.641156 0.630814 0.740008 0.940786 1.13377 1.24525 1.26343 1.23562 1.22742 1.27242 1.3552 1.42426 1.42096 1.32039 1.16077 1.02709 0.980884 1.013 1.08445 1.15699 1.18719 1.14157 1.02429 0.876758 0.740212 0.622758 0.509824 0.391971 0.274565 0.171876 0.0961314 0.0502323 0.0286429 0.0232288 0.0252757 0.0276509 0.0269602 0.0227735 0.0166279 0.0105499 0.00587287 0.00289884 0.00127757 0.000502288 0.000174736 5.32189e-05 0 0 0 0 0 0 0 0 0 0 0 0 0
0 0 0 0 0 0 0 0 0 0 0 0 0 0 0 0.000110964 0.00107845 0.0031687 0.00801704 0.0175614 0.0340707 0.0619368 0.113195 0.207618 0.356173 0.542099 0.719701 0.838217 0.876816 0.857079 0.816844 0.77992 0.757299 0.751873 0.749945 0.734522 0.712711 0.71231 0.741278 0.76916 0.76181 0.726084 0.736574 0.878375 1.11661 1.3375 1.45648 1.46055 1.40399 1.36201 1.37374 1.42313 1.45939 1.43247 1.3318 1.20599 1.12898 1.12525 1.16426 1.21828 1.2665 1.27374 1.20545 1.06125 0.882053 0.716438 0.581404 0.463679 0.34992 0.241789 0.150442 0.0855064 0.0490744 0.037011 0.040816 0.0498956 0.0561594 0.0552519 0.0470405 0.0347629 0.0224852 0.0128655 0.0065664 0.00299349 0.00121106 0.000430168 0.000132755 3.53307e-05 0 0 0 0 0 0 0 0 0 0 0 0
0 0 0 0 0 0 0 0 0 0 0 0 0 0 9.34426e-05 0.000565939 0.00186606 0.00537999 0.0134208 0.0291336 0.056104 0.10095 0.18194 0.329834 0.56174 0.849638 1.11679 1.27457 1.28144 1.17494 1.04267 0.955983 0.932811 0.949463 0.962569 0.93652 0.872604 0.810988 0.790039 0.799154 0.798132 0.783761 0.831595 1.0249 1.31572 1.57605 1.70964 1.699 1.60199 1.5038 1.45371 1.44013 1.41857 1.35537 1.26005 1.18655 1.17743 1.21155 1.24908 1.28206 1.31042 1.30879 1.24014 1.09367 0.90081 0.711465 0.55466 0.426314 0.312722 0.211657 0.130694 0.076892 0.0520912 0.0527441 0.0683653 0.0871997 0.0990919 0.09797 0.0841017 0.0630912 0.0417816 0.0246569 0.0130129 0.00611256 0.00252946 0.000912096 0.000284088 7.60203e-05 0 0 0 0 0 0 0 0 0 0 0 0
0 0 0 0 0 0 0 0 0 0 0 0 0 0 0.000207644 0.000979097 0.00298658 0.00817361 0.0197248 0.0419884 0.0798982 0.142323 0.253495 0.454761 0.769738 1.16056 1.52131 1.72656 1.71216 1.52409 1.2899 1.13279 1.09646 1.1381 1.17901 1.15862 1.06648 0.943391 0.849008 0.8088 0.79817 0.809028 0.912031 1.17462 1.53051 1.8414 2.00155 1.98585 1.84895 1.68249 1.55239 1.46109 1.37229 1.26652 1.1714 1.13889 1.1745 1.22497 1.2547 1.2766 1.30848 1.33101 1.29906 1.18361 0.998521 0.78988 0.600207 0.443455 0.31376 0.207352 0.12787 0.0796062 0.0641576 0.0771223 0.105842 0.135937 0.15412 0.152334 0.131631 0.100313 0.0681079 0.0414322 0.0225225 0.0108342 0.00455833 0.00166104 0.000520742 0.000139862 3.21173e-05 0 0 0 0 0 0 0 0 0 0 0
0 0 0 0 0 0 0 0 0 0 0 0 0 0.000108303 0.000496046 0.0016673 0.00462813 0.011629 0.0263879 0.0539242 0.100222 0.176244 0.310794 0.55226 0.929056 1.39823 1.83558 2.09053 2.08046 1.85057 1.54445 1.31277 1.23117 1.26794 1.32544 1.32063 1.22853 1.07881 0.928707 0.827768 0.789598 0.82231 0.985569 1.31644 1.73285 2.09459 2.29145 2.28824 2.12684 1.89686 1.68467 1.51976 1.37596 1.23426 1.12558 1.09804 1.13989 1.19001 1.22312 1.26732 1.34802 1.44007 1.48029 1.41503 1.23938 0.999031 0.754782 0.544118 0.37483 0.244464 0.152814 0.100839 0.0894222 0.112962 0.154633 0.195185 0.217568 0.212766 0.183672 0.141433 0.0979752 0.061074 0.0339537 0.0166153 0.00707211 0.00259663 0.000818232 0.000220618 5.08491e-05 0 0 0 0 0 0 0 0 0 0 0
0 0 0 0 0 0 0 0 0 0 0 0 0 0.000290393 0.000946728 0.00277177 0.00707865 0.0162603 0.0338902 0.0646867 0.115002 0.197757 0.344553 0.605414 1.00996 1.51634 1.99809 2.29748 2.32193 2.10717 1.78667 1.50241 1.34351 1.3202 1.35902 1.36917 1.30736 1.1798 1.02209 0.88493 0.817174 0.860244 1.062 1.42838 1.87302 2.26438 2.49516 2.52015 2.36024 2.09178 1.81564 1.59513 1.42069 1.26255 1.13596 1.08498 1.10847 1.15978 1.22446 1.33449 1.50714 1.69997 1.82697 1.80974 1.62935 1.33848 1.02104 0.738219 0.510562 0.337799 0.217762 0.149676 0.134611 0.165768 0.219082 0.267162 0.288649 0.275251 0.23383 0.179322 0.125099 0.0790176 0.0445379 0.0220453 0.00946807 0.00350204 0.00111137 0.000302011 7.02934e-05 0 0 0 0 0 0 0 0 0 0 0
0 0 0 0 0 0 0 0 0 0 0 0 0.000144531 0.000519672 0.00160385 0.00438878 0.0105454 0.0225598 0.0434637 0.0768164 0.12842 0.212463 0.361015 0.620092 1.01651 1.51425 1.99992 2.32734 2.40543 2.25607 1.98259 1.69044 1.45588 1.33095 1.30898 1.32394 1.31477 1.25346 1.14207 1.0148 0.932644 0.961806 1.14885 1.48832 1.90353 2.28112 2.52511 2.58406 2.45545 2.1921 1.89344 1.64779 1.46784 1.31616 1.18564 1.11356 1.12106 1.18841 1.30894 1.50547 1.77908 2.0712 2.27591 2.29379 2.09738 1.75105 1.36153 1.00839 0.719249 0.494517 0.332718 0.235066 0.205132 0.236939 0.298208 0.349963 0.364856 0.33606 0.276618 0.207182 0.142847 0.0901743 0.0511498 0.0255658 0.0111104 0.0041685 0.001346 0.000374054 8.94899e-05 1.84556e-05 0 0 0 0 0 0 0 0 0 0
0 0 0 0 0 0 0 0 0 0 0 6.42768e-05 0.000251817 0.000857698 0.00252527 0.00655893 0.015015 0.0305331 0.055754 0.0933058 0.148223 0.234182 0.379272 0.619696 0.975509 1.41883 1.86047 2.18289 2.31024 2.2517 2.06935 1.82038 1.55757 1.35346 1.26582 1.28292 1.34243 1.38035 1.35597 1.27064 1.17496 1.14745 1.25064 1.49156 1.81314 2.12647 2.35374 2.4434 2.37246 2.16491 1.90131 1.67419 1.51406 1.38709 1.27249 1.20003 1.20778 1.3 1.47284 1.73609 2.07985 2.43782 2.69186 2.72937 2.51988 2.13813 1.70594 1.31074 0.979059 0.70887 0.501275 0.363344 0.303493 0.32024 0.378462 0.427241 0.431415 0.384396 0.305056 0.220386 0.148028 0.0925969 0.0529045 0.0269512 0.0120404 0.00467807 0.00157525 0.000458915 0.000115704 2.52293e-05 0 0 0 0 0 0 0 0 0 0
0 0 0 0 0 0 0 0 0 0 3.4804e-05 0.000136654 0.000488592 0.00149697 0.00406491 0.00981729 0.0211932 0.0410139 0.0719823 0.116807 0.180599 0.274937 0.419159 0.633776 0.926541 1.27579 1.62305 1.89371 2.0408 2.06543 1.98704 1.81829 1.59283 1.38916 1.29578 1.34484 1.48858 1.63683 1.70499 1.65627 1.5254 1.40032 1.36691 1.4572 1.63994 1.85373 2.04184 2.1573 2.16285 2.05641 1.88994 1.73565 1.62197 1.52506 1.42869 1.36213 1.37156 1.47383 1.66433 1.94414 2.30098 2.67089 2.93572 2.98106 2.77703 2.40173 1.9787 1.59114 1.25643 0.965722 0.721943 0.540084 0.434844 0.411639 0.443904 0.476515 0.466394 0.404465 0.311659 0.218366 0.143704 0.0901799 0.0529804 0.0282088 0.013281 0.00545531 0.00194152 0.000596044 0.000157574 3.57678e-05 0 0 0 0 0 0 0 0 0 0
0 0 0 0 0 0 0 0 0 0 8.28193e-05 0.000312749 0.00104729 0.0029889 0.00747943 0.0165857 0.032974 0.0594976 0.0988969 0.154326 0.231164 0.33846 0.486478 0.679384 0.907988 1.14866 1.37026 1.54737 1.67156 1.74252 1.74643 1.66685 1.52678 1.40098 1.37807 1.50096 1.7318 1.97021 2.1046 2.07186 1.8946 1.66569 1.48838 1.41905 1.45476 1.56275 1.70734 1.84836 1.94306 1.97379 1.96082 1.93053 1.8818 1.79956 1.69173 1.60249 1.58467 1.65811 1.81484 2.05204 2.36184 2.69142 2.93428 2.98408 2.81233 2.49091 2.13212 1.80648 1.51768 1.2452 0.988861 0.769636 0.609511 0.521228 0.495872 0.491201 0.461174 0.390544 0.296205 0.206184 0.13753 0.0897575 0.0556365 0.0312728 0.0154525 0.00661214 0.00243347 0.000767683 0.000206964 4.77125e-05 0 0 0 0 0 0 0 0 0 0
0 0 0 0 0 0 0 0 0 4.08538e-05 0.000178594 0.000667202 0.00218092 0.00605601 0.014576 0.03071 0.0573801 0.0967222 0.150065 0.2193 0.308752 0.425374 0.573998 0.748545 0.927101 1.08029 1.19193 1.27351 1.34966 1.42241 1.46287 1.44874 1.40169 1.38451 1.46411 1.66806 1.95935 2.24244 2.40387 2.37349 2.16675 1.87274 1.59748 1.41017 1.3311 1.35471 1.46629 1.63639 1.82765 2.01605 2.18385 2.2956 2.30955 2.21599 2.05429 1.89658 1.80729 1.80567 1.87995 2.02775 2.24971 2.50779 2.71244 2.77019 2.65326 2.41987 2.1631 1.93882 1.73814 1.52522 1.28826 1.04775 0.833254 0.667006 0.558366 0.491844 0.431763 0.35556 0.269201 0.191853 0.1342 0.0924374 0.0597879 0.0345896 0.0174374 0.00756871 0.00281462 0.000894763 0.000242172 0 0 0 0 0 0 0 0 0 0 0
0 0 0 0 0 0 0 0 0 7.6289e-05 0.000332922 0.00125148 0.00402353 0.0110592 0.0262319 0.0540915 0.0980249 0.158541 0.233388 0.320256 0.420343 0.539055 0.679393 0.831094 0.96833 1.06479 1.11814 1.15721 1.20983 1.2668 1.30033 1.30718 1.32073 1.38971 1.54798 1.79578 2.09263 2.35935 2.50322 2.46665 2.2636 1.96997 1.67708 1.44972 1.31813 1.29576 1.38876 1.58726 1.86792 2.19942 2.5238 2.75272 2.81144 2.69038 2.45351 2.20132 2.01231 1.90554 1.86854 1.90524 2.02683 2.20759 2.37249 2.44056 2.38487 2.24816 2.10255 1.99211 1.90074 1.77671 1.58883 1.34878 1.09161 0.85212 0.655961 0.512778 0.408963 0.322023 0.243836 0.179411 0.130797 0.0925994 0.0605597 0.035139 0.0177058 0.00768393 0.00285679 0.00090796 0.000244678 0 0 0 0 0 0 0 0 0 0 0
0 0 0 0 0 0 0 0 0 0.000121621 0.000530488 0.00200269 0.00639571 0.0174946 0.0412007 0.0840493 0.1499 0.236874 0.337744 0.444744 0.555992 0.676669 0.808901 0.938363 1.03874 1.09651 1.1312 1.17874 1.24444 1.29655 1.31534 1.32322 1.36651 1.47938 1.66492 1.89908 2.13944 2.3298 2.41271 2.35809 2.18493 1.95101 1.71991 1.53595 1.42261 1.39777 1.48413 1.69827 2.03405 2.45146 2.86503 3.15813 3.23805 3.09179 2.79479 2.46442 2.18669 1.97892 1.83245 1.76429 1.7977 1.9132 2.04211 2.11241 2.10092 2.04087 1.98729 1.97527 1.98644 1.95712 1.83507 1.61783 1.34117 1.05082 0.786116 0.573203 0.418201 0.308553 0.228449 0.168935 0.123739 0.0868574 0.0559338 0.0319583 0.0159244 0.00681245 0.00251673 0.000796128 0.000211661 0 0 0 0 0 0 0 0 0 0 0
0 0 0 0 0 0 0 0 0 0.00016533 0.000736856 0.00274889 0.00873892 0.0237997 0.0557411 0.11285 0.199107 0.309912 0.433139 0.557139 0.680336 0.811107 0.950195 1.07514 1.15713 1.19759 1.23609 1.30211 1.37365 1.41452 1.42819 1.4557 1.5337 1.66864 1.84142 2.01739 2.15814 2.23269 2.22396 2.13632 1.99868 1.85168 1.72868 1.64614 1.60717 1.61881 1.70901 1.915 2.24756 2.66614 3.0793 3.37017 3.44652 3.29212 2.97976 2.62515 2.30792 2.03891 1.81661 1.67575 1.65077 1.72056 1.81413 1.86546 1.86128 1.83706 1.83809 1.88976 1.97211 2.01693 1.95876 1.78192 1.51728 1.21353 0.916568 0.661102 0.464781 0.326069 0.231367 0.165601 0.117095 0.0789191 0.0488625 0.0269897 0.0131114 0.0055026 0.00194124 0.000607747 0 0 0 0 0 0 0 0 0 0 0 0
0 0 0 0 0 0 0 0 0 0.00020672 0.000887928 0.0032828 0.0103558 0.0280099 0.0651456 0.13086 0.228677 0.351672 0.484623 0.61528 0.746769 0.893458 1.05374 1.19591 1.29092 1.35527 1.43393 1.52702 1.58477 1.58823 1.58661 1.64264 1.76359 1.91391 2.05649 2.1566 2.18476 2.13425 2.02655 1.89936 1.78976 1.72268 1.70912 1.74425 1.80715 1.883 1.98901 2.1651 2.43334 2.76638 3.0908 3.31453 3.3633 3.22017 2.94304 2.62757 2.33276 2.05922 1.81429 1.64902 1.60199 1.64343 1.69844 1.70859 1.6747 1.64372 1.65872 1.73321 1.84298 1.92428 1.91233 1.78494 1.56377 1.29001 1.00589 0.746694 0.534867 0.376249 0.263213 0.182771 0.12353 0.0789003 0.046327 0.0244706 0.0114429 0.00469351 0.00165555 0.000412298 0 0 0 0 0 0 0 0 0 0 0 0
0 0 0 0 0 0 0 0 0 0.000230263 0.000969224 0.00351621 0.010915 0.0291273 0.0669123 0.132851 0.229453 0.348549 0.474562 0.597784 0.727798 0.884206 1.06253 1.22729 1.35846 1.48817 1.64912 1.79538 1.84879 1.8093 1.7769 1.84565 1.99692 2.15255 2.25824 2.28295 2.20822 2.04754 1.85538 1.69808 1.61278 1.60312 1.66781 1.79835 1.95911 2.11101 2.24778 2.39198 2.56316 2.75385 2.92849 3.03783 3.03673 2.91011 2.6948 2.45578 2.2251 1.99404 1.77817 1.63544 1.59653 1.62045 1.63519 1.59551 1.51493 1.45063 1.44797 1.51052 1.60896 1.69044 1.70324 1.62614 1.47013 1.26178 1.03137 0.807495 0.61134 0.452159 0.328002 0.231351 0.155502 0.0972863 0.055571 0.0285223 0.0130191 0.00523862 0.00181492 0.000519094 0 0 0 0 0 0 0 0 0 0 0 0
0 0 0 0 0 0 0 0 4.15103e-05 0.000247097 0.00100985 0.00355581 0.0107473 0.027982 0.0628787 0.122415 0.207722 0.310567 0.417192 0.521502 0.637138 0.785034 0.959808 1.13233 1.30072 1.50844 1.76305 1.97616 2.0507 1.99722 1.94684 2.01913 2.18393 2.33303 2.398 2.3546 2.1985 1.9584 1.71095 1.54407 1.48749 1.51584 1.61972 1.80285 2.03145 2.25082 2.42994 2.56374 2.65418 2.70456 2.71998 2.69972 2.63065 2.50245 2.33404 2.16243 1.9984 1.82992 1.67614 1.58753 1.57559 1.58875 1.56517 1.47859 1.35333 1.24871 1.21141 1.24182 1.30885 1.37225 1.39708 1.36674 1.28278 1.15643 1.00336 0.840932 0.684383 0.542963 0.418443 0.308518 0.212779 0.134339 0.0764287 0.0387406 0.0173945 0.00688067 0.00233543 0.000707592 0 0 0 0 0 0 0 0 0 0 0 0
0 0 0 0 0 0 0 0 5.09106e-05 0.000258717 0.00103063 0.00352151 0.010369 0.0262365 0.0573914 0.108979 0.180893 0.265352 0.350701 0.432513 0.523399 0.642153 0.786984 0.943422 1.12916 1.38959 1.70719 1.97327 2.08789 2.06368 2.0343 2.12209 2.2932 2.42647 2.44641 2.34093 2.12725 1.84785 1.58772 1.44109 1.42306 1.48011 1.59548 1.78758 2.03751 2.29133 2.50533 2.65191 2.71089 2.68147 2.59047 2.47017 2.33111 2.17068 2.00235 1.85179 1.7247 1.61205 1.52883 1.50456 1.5257 1.53184 1.47311 1.34487 1.18324 1.04402 0.970308 0.964716 1.00006 1.0466 1.08208 1.09342 1.07554 1.0282 0.953859 0.857693 0.748171 0.63341 0.516354 0.397418 0.281715 0.180054 0.102298 0.0512435 0.0225433 0.00869918 0.00292029 0.000864777 0.000221846 0 0 0 0 0 0 0 0 0 0 0
0 0 0 0 0 0 0 0 5.34055e-05 0.000251027 0.00101244 0.00339332 0.00981116 0.024471 0.0528384 0.0992723 0.163376 0.237801 0.31089 0.375631 0.439221 0.518245 0.6193 0.743596 0.919251 1.1849 1.51309 1.80315 1.96608 2.00781 2.03734 2.15508 2.32629 2.43279 2.40034 2.23381 1.98001 1.6993 1.47501 1.3873 1.42545 1.51487 1.63126 1.79885 2.01797 2.25308 2.46709 2.62663 2.69705 2.66531 2.55548 2.40246 2.22006 2.01194 1.80074 1.6227 1.49631 1.41944 1.39502 1.42451 1.47081 1.46849 1.37882 1.21626 1.02882 0.867404 0.76669 0.731665 0.742693 0.778624 0.825005 0.870687 0.906389 0.923048 0.911251 0.866577 0.794162 0.702548 0.594712 0.471133 0.340152 0.219055 0.124134 0.0614654 0.0265334 0.00998226 0.00328156 0.000938281 0.000235317 0 0 0 0 0 0 0 0 0 0 0
0 0 0 0 0 0 0 8.96102e-06 5.8477e-05 0.000245241 0.000931836 0.00308094 0.00889725 0.0223837 0.0490927 0.0941245 0.158291 0.234446 0.308223 0.366399 0.409324 0.453871 0.518471 0.615078 0.76588 0.996717 1.29057 1.57773 1.78794 1.91207 2.01441 2.15775 2.30987 2.37035 2.27583 2.04938 1.76805 1.51287 1.36177 1.36641 1.48263 1.61868 1.73804 1.86074 2.0068 2.17137 2.34069 2.49305 2.59198 2.61089 2.55354 2.43253 2.24767 2.00579 1.74563 1.52429 1.38042 1.31933 1.32918 1.38536 1.43596 1.41884 1.30775 1.13002 0.937676 0.772147 0.657068 0.598976 0.587116 0.609052 0.658326 0.726663 0.800011 0.858915 0.883631 0.865181 0.809884 0.729096 0.626719 0.502612 0.365672 0.235986 0.133218 0.0653168 0.0277472 0.0102077 0.00326633 0.00090804 0.000220792 0 0 0 0 0 0 0 0 0 0 0
0 0 0 0 0 0 0 1.52825e-05 6.36922e-05 0.000242155 0.000851225 0.00272755 0.00788365 0.0202894 0.0460874 0.0918815 0.160197 0.243992 0.32583 0.386735 0.421644 0.448049 0.495241 0.583167 0.719752 0.911943 1.15744 1.42655 1.67234 1.86738 2.02467 2.16607 2.26561 2.25353 2.08912 1.81229 1.51979 1.30675 1.24356 1.35099 1.55466 1.74687 1.8739 1.94761 2.00664 2.07961 2.18088 2.3078 2.43014 2.51034 2.52753 2.46675 2.31242 2.07358 1.80079 1.56299 1.40807 1.34532 1.35486 1.39879 1.42487 1.38598 1.27188 1.11377 0.950454 0.802336 0.682618 0.603707 0.565117 0.561905 0.596882 0.667553 0.754641 0.827871 0.860493 0.843076 0.785294 0.70232 0.600517 0.479965 0.348211 0.223882 0.125637 0.0610486 0.0255998 0.00924914 0.00288795 0.000783248 0.000184633 3.78984e-05 0 0 0 0 0 0 0 0 0 0
0 0 0 0 0 0 3.84004e-06 1.8984e-05 7.58668e-05 0.000270377 0.000877541 0.00264011 0.00737885 0.0189212 0.0436437 0.0890075 0.158737 0.246633 0.33512 0.403997 0.445542 0.474154 0.52134 0.615239 0.760784 0.948143 1.17161 1.42449 1.68224 1.90804 2.07616 2.17654 2.19113 2.08661 1.85352 1.54563 1.26345 1.10086 1.11675 1.30754 1.58094 1.81967 1.95649 1.99659 1.9912 1.99328 2.03688 2.13242 2.25713 2.37015 2.43749 2.43109 2.33095 2.14822 1.93118 1.73515 1.59188 1.50721 1.4697 1.45338 1.42497 1.3623 1.27039 1.17038 1.06909 0.959518 0.848783 0.756459 0.690212 0.649958 0.64589 0.68665 0.755338 0.814422 0.831441 0.797153 0.724472 0.631958 0.528596 0.415254 0.297338 0.189143 0.105097 0.0505351 0.0209374 0.00746426 0.00228636 0.000606148 0.000139073 2.77119e-05 0 0 0 0 0 0 0 0 0 0
0 0 0 0 0 0 0 2.30688e-05 9.42117e-05 0.000338206 0.00107578 0.00306863 0.00796632 0.0190178 0.0416949 0.0827867 0.146496 0.229005 0.317122 0.39499 0.454684 0.502996 0.564788 0.675825 0.851534 1.07333 1.31573 1.56438 1.80394 2.00339 2.12609 2.14934 2.06489 1.8713 1.58786 1.27559 1.02419 0.911411 0.979612 1.21097 1.51266 1.77232 1.92112 1.95948 1.9382 1.91482 1.92715 1.98933 2.08773 2.19089 2.26987 2.30254 2.27791 2.20919 2.1244 2.03434 1.92761 1.79866 1.66128 1.53342 1.42469 1.34291 1.29809 1.28466 1.271 1.22621 1.14805 1.05376 0.95613 0.86417 0.797856 0.779529 0.802636 0.826684 0.812309 0.749185 0.653494 0.547192 0.441225 0.336449 0.235415 0.147045 0.0804914 0.0382055 0.015639 0.00551279 0.00166997 0.000437489 9.90938e-05 1.9457e-05 0 0 0 0 0 0 0 0 0 0
0 0 0 0 0 0 0 2.17343e-05 0.00011736 0.000436161 0.00140833 0.00395782 0.00974825 0.0213035 0.0420556 0.0761363 0.126979 0.194505 0.273698 0.356904 0.436991 0.512355 0.600969 0.744724 0.968324 1.24555 1.5268 1.77431 1.96789 2.09015 2.11978 2.04413 1.86906 1.61506 1.31735 1.03297 0.830778 0.763524 0.852901 1.07618 1.35871 1.61125 1.77641 1.84935 1.86331 1.85713 1.85772 1.88088 1.92908 1.99175 2.0567 2.11856 2.18356 2.26639 2.36086 2.41458 2.35996 2.1742 1.9026 1.62804 1.42433 1.33148 1.34882 1.43537 1.52788 1.57232 1.54612 1.45606 1.32128 1.16701 1.02963 0.945571 0.916105 0.896637 0.840257 0.736214 0.606289 0.478133 0.365135 0.266799 0.181083 0.1108 0.0598677 0.0282476 0.0115832 0.00412405 0.00127135 0.000342916 8.05914e-05 0 0 0 0 0 0 0 0 0 0 0
0 0 0 0 0 0 0 2.87074e-05 0.000139871 0.000533207 0.0017462 0.00491117 0.0118767 0.0248229 0.0453411 0.0738361 0.11062 0.158085 0.220796 0.300927 0.393791 0.495342 0.62367 0.820481 1.10289 1.4319 1.73969 1.96902 2.09317 2.11012 2.02636 1.85379 1.61554 1.34383 1.075 0.850787 0.714239 0.692036 0.78377 0.965681 1.19376 1.41774 1.60242 1.73551 1.8173 1.85018 1.84353 1.82043 1.80725 1.81825 1.85849 1.93943 2.08528 2.31096 2.57536 2.76759 2.76759 2.53304 2.13577 1.72132 1.43085 1.3352 1.41366 1.59355 1.79054 1.92795 1.96005 1.88208 1.71745 1.50647 1.30502 1.16472 1.08859 1.02352 0.917219 0.76233 0.588782 0.431509 0.307009 0.212664 0.140147 0.085123 0.0465086 0.0225788 0.00967836 0.00364897 0.00120376 0.000345444 8.67243e-05 0 0 0 0 0 0 0 0 0 0 0
0 0 0 0 0 0 0 0 0.000147484 0.000573665 0.00192458 0.00542349 0.0130611 0.0269203 0.0476898 0.0733532 0.100559 0.130256 0.172932 0.241338 0.338903 0.470504 0.659853 0.933152 1.27899 1.63993 1.93903 2.11464 2.14479 2.04678 1.8565 1.61166 1.3495 1.10422 0.900768 0.757276 0.691129 0.710174 0.800359 0.937255 1.10387 1.29322 1.49841 1.69802 1.85177 1.92082 1.90001 1.82705 1.75467 1.71646 1.72677 1.80742 1.99614 2.30874 2.68246 2.9701 3.01593 2.76065 2.28982 1.78917 1.44782 1.35865 1.48098 1.72206 1.99046 2.19918 2.28877 2.24245 2.0769 1.83613 1.59109 1.407 1.28494 1.16523 0.999406 0.790288 0.575761 0.394065 0.261623 0.172672 0.112556 0.0700965 0.0402758 0.0208303 0.00952117 0.00381863 0.00132562 0.000382828 9.90608e-05 0 0 0 0 0 0 0 0 0 0 0
0 0 0 0 0 0 0 0 0.000141412 0.000553648 0.00183605 0.00520251 0.0125279 0.0257484 0.0452678 0.0683568 0.0901355 0.109128 0.135924 0.192144 0.297461 0.474048 0.746478 1.11362 1.52786 1.90649 2.16468 2.24991 2.16151 1.9449 1.66439 1.3776 1.12776 0.941237 0.822862 0.765019 0.763863 0.814522 0.900813 1.00745 1.13782 1.31123 1.5368 1.78396 1.9827 2.06629 2.02314 1.90567 1.78489 1.70321 1.67777 1.73527 1.91913 2.2457 2.64793 2.97098 3.04748 2.80732 2.33332 1.8209 1.47807 1.40447 1.54271 1.79404 2.07915 2.32293 2.46536 2.474 2.34454 2.11178 1.85423 1.64417 1.4767 1.29195 1.05845 0.798003 0.555046 0.363337 0.232644 0.152365 0.102748 0.0679766 0.0416462 0.0227531 0.0108716 0.00449419 0.00156216 0.000475932 0.000101776 0 0 0 0 0 0 0 0 0 0 0
0 0 0 0 0 0 0 0 0 0.000466083 0.00154994 0.00439389 0.0106256 0.0219417 0.0387152 0.0586269 0.0772875 0.0925775 0.113433 0.166651 0.289182 0.517607 0.873296 1.33399 1.82054 2.21994 2.43337 2.41898 2.20561 1.87368 1.5164 1.20657 0.986849 0.871232 0.846281 0.885032 0.959916 1.04446 1.124 1.20969 1.33146 1.51088 1.74312 1.99062 2.183 2.25161 2.18456 2.03627 1.87712 1.74981 1.67929 1.70014 1.85306 2.14725 2.52003 2.83135 2.9241 2.72471 2.30162 1.83681 1.53222 1.47699 1.60116 1.81273 2.0609 2.30068 2.47947 2.54576 2.46876 2.27112 2.03331 1.82421 1.62742 1.38724 1.09679 0.801204 0.548853 0.361911 0.239622 0.167744 0.123311 0.0879793 0.0568406 0.0321287 0.0156825 0.00654619 0.00234751 0.000668 0 0 0 0 0 0 0 0 0 0 0 0
0 0 0 0 0 0 0 0 0 0.000373301 0.0012556 0.00360246 0.00883557 0.0185543 0.0333407 0.0517362 0.070356 0.0874088 0.110271 0.166832 0.304889 0.571002 0.986983 1.52007 2.0695 2.49618 2.6848 2.59717 2.28468 1.85864 1.43976 1.1158 0.929567 0.888243 0.970439 1.13082 1.30748 1.4433 1.52203 1.58661 1.70189 1.88545 2.09983 2.29572 2.42411 2.44238 2.34557 2.17449 1.97968 1.79936 1.67455 1.65582 1.77929 2.03864 2.37115 2.65692 2.76012 2.61157 2.26531 1.88012 1.6312 1.58358 1.66682 1.80618 1.98088 2.1787 2.35666 2.44808 2.40554 2.24692 2.05 1.86921 1.67351 1.41465 1.10875 0.816632 0.581181 0.409117 0.295575 0.229398 0.184111 0.138835 0.092591 0.0533327 0.0263368 0.0111043 0.00400111 0.00105943 0.000266311 0 0 0 0 0 0 0 0 0 0 0
0 0 0 0 0 0 0 0 6.99637e-05 0.000285619 0.00116882 0.00342796 0.00858133 0.0184158 0.0339214 0.053962 0.0754056 0.0958702 0.121097 0.178596 0.321554 0.602331 1.04431 1.61208 2.19641 2.64547 2.83268 2.71639 2.35493 1.87647 1.42349 1.10061 0.955114 0.992238 1.18686 1.47597 1.76466 1.96564 2.0557 2.10096 2.20097 2.37994 2.56867 2.69013 2.71072 2.63161 2.47363 2.26612 2.03409 1.80584 1.6332 1.58073 1.68322 1.92113 2.22817 2.50005 2.62377 2.54056 2.29232 2.00344 1.80241 1.73294 1.74886 1.80048 1.88278 2.00311 2.12997 2.19561 2.15266 2.02128 1.87028 1.73241 1.56623 1.33554 1.07134 0.831298 0.637766 0.487065 0.38536 0.3274 0.278851 0.21677 0.146912 0.0854858 0.0425236 0.0180495 0.00653736 0.00201246 0.000407832 0 0 0 0 0 0 0 0 0 0 0
0 0 0 0 0 0 0 0 8.37011e-05 0.000341703 0.00118874 0.00364955 0.00922046 0.0199655 0.0371945 0.0597019 0.0839866 0.106832 0.133021 0.189416 0.329288 0.604452 1.03761 1.59525 2.17279 2.62313 2.82058 2.71821 2.36732 1.89667 1.45999 1.17228 1.07806 1.17991 1.45919 1.84851 2.23119 2.49575 2.60916 2.64814 2.73647 2.9132 3.08781 3.14419 3.04164 2.82168 2.55241 2.27676 2.00636 1.75514 1.568 1.50498 1.59499 1.81473 2.10378 2.37717 2.54592 2.55922 2.43362 2.2386 2.05264 1.92145 1.84384 1.79801 1.779 1.79676 1.83435 1.83925 1.77501 1.66204 1.55087 1.45234 1.32736 1.15817 0.978827 0.821957 0.682551 0.560686 0.481366 0.438813 0.388185 0.307116 0.210198 0.123184 0.0616435 0.0263195 0.00957972 0.00297514 0.000788012 0 0 0 0 0 0 0 0 0 0 0
0 0 0 0 0 0 0 0 8.53309e-05 0.000348366 0.00121196 0.00361716 0.00921646 0.0201131 0.037552 0.0606662 0.0861004 0.11093 0.140208 0.199203 0.335073 0.592761 0.990593 1.49718 2.02077 2.43527 2.63251 2.56786 2.28136 1.89048 1.54201 1.33388 1.29036 1.42379 1.74093 2.18186 2.61982 2.93044 3.07375 3.12557 3.21518 3.39135 3.55536 3.56017 3.34818 2.98351 2.57996 2.2144 1.90699 1.66259 1.5067 1.47375 1.57151 1.77536 2.04451 2.32539 2.55504 2.6786 2.66819 2.53411 2.32568 2.10846 1.92439 1.77647 1.6562 1.56865 1.51223 1.45852 1.38346 1.2966 1.21822 1.14271 1.05055 0.948303 0.860795 0.783867 0.694628 0.607128 0.558678 0.535409 0.484848 0.387837 0.267318 0.157585 0.0792979 0.0340344 0.0124589 0.00388931 0.00103537 0 0 0 0 0 0 0 0 0 0 0
0 0 0 0 0 0 0 0 7.41287e-05 0.00030266 0.00105844 0.00315287 0.00800754 0.017631 0.0332228 0.0545757 0.0798425 0.10848 0.147455 0.218275 0.355928 0.594273 0.944513 1.37404 1.80407 2.13809 2.30218 2.27119 2.08264 1.83597 1.64113 1.54222 1.54313 1.68702 2.01307 2.46787 2.92058 3.24642 3.40674 3.47195 3.56044 3.71879 3.85124 3.80448 3.51407 3.05146 2.55078 2.11352 1.78019 1.56165 1.46762 1.49884 1.63095 1.83124 2.07894 2.35552 2.62291 2.81725 2.8708 2.75527 2.50955 2.21542 1.9396 1.70218 1.4978 1.33022 1.20992 1.13075 1.07606 1.03238 0.984041 0.918539 0.845591 0.793542 0.769853 0.742763 0.688409 0.630932 0.606425 0.594205 0.542446 0.435783 0.301561 0.178524 0.0902192 0.0388924 0.0142979 0.00448221 0.00119809 0 0 0 0 0 0 0 0 0 0 0
0 0 0 0 0 0 0 0 5.48765e-05 0.000224107 0.000787112 0.0023498 0.00606373 0.0134003 0.0258584 0.0443162 0.0699507 0.106801 0.164568 0.258705 0.408671 0.633287 0.93517 1.27994 1.59808 1.82009 1.91404 1.89348 1.80973 1.73658 1.7148 1.72509 1.77367 1.94355 2.2937 2.76042 3.2031 3.50284 3.63361 3.66938 3.71884 3.82215 3.89259 3.79092 3.46015 2.96964 2.44675 1.99312 1.66341 1.48427 1.46128 1.56683 1.74552 1.95123 2.17225 2.41468 2.66188 2.85246 2.90579 2.7803 2.50911 2.17387 1.84544 1.55353 1.3031 1.10285 0.968622 0.904308 0.89102 0.891413 0.869001 0.8177 0.768831 0.75412 0.762587 0.757726 0.723366 0.678169 0.647032 0.617486 0.552271 0.439244 0.302878 0.179242 0.0906859 0.039166 0.014429 0.00453402 0.00121484 0.000258687 0 0 0 0 0 0 0 0 0 0
0 0 0 0 0 0 0 0 3.46176e-05 0.000141479 0.000500919 0.0015035 0.00396778 0.00902302 0.0183549 0.034569 0.0628495 0.11253 0.195788 0.322724 0.497174 0.716775 0.970769 1.22799 1.43417 1.54333 1.55826 1.53333 1.53876 1.61145 1.72048 1.81606 1.93012 2.17605 2.60268 3.11039 3.5364 3.76626 3.79689 3.72522 3.67025 3.67623 3.66768 3.52246 3.19216 2.73594 2.25832 1.8462 1.5596 1.43913 1.48993 1.66442 1.8843 2.09006 2.2701 2.44296 2.61069 2.73067 2.73698 2.59282 2.32175 1.98778 1.65154 1.34905 1.09985 0.920455 0.824488 0.808705 0.840981 0.870615 0.862719 0.82738 0.808068 0.826811 0.86015 0.877158 0.862127 0.812984 0.740184 0.652771 0.545588 0.415769 0.279783 0.163259 0.0818893 0.0351691 0.0129091 0.0040452 0.00108203 0.000236808 0 0 0 0 0 0 0 0 0 0
0 0 0 0 0 0 0 0 1.86356e-05 7.62338e-05 0.000274504 0.000833571 0.00232338 0.00565405 0.0129034 0.0285033 0.0612861 0.125063 0.234949 0.398214 0.604861 0.827962 1.03574 1.20035 1.29677 1.31351 1.27897 1.26238 1.32548 1.46701 1.62965 1.77928 1.98174 2.35532 2.9045 3.47942 3.88972 4.02123 3.89704 3.65183 3.43639 3.31621 3.23087 3.0682 2.77762 2.3975 2.00365 1.6677 1.45429 1.41174 1.53875 1.77185 2.01843 2.20924 2.33058 2.40922 2.46693 2.49021 2.44125 2.29246 2.04988 1.74843 1.43447 1.15278 0.940185 0.821761 0.805916 0.872471 0.96641 1.02268 1.00998 0.957237 0.929394 0.956703 1.01313 1.06362 1.07788 1.02931 0.915582 0.760312 0.588973 0.418781 0.266798 0.149254 0.0724206 0.0302781 0.0108708 0.0033454 0.000880904 0.000193744 0 0 0 0 0 0 0 0 0 0
0 0 0 0 0 0 0 0 8.56278e-06 3.51787e-05 0.000131703 0.000429443 0.00132424 0.00372289 0.0101013 0.0262811 0.0635964 0.139399 0.271817 0.466721 0.703342 0.933531 1.10318 1.18188 1.1759 1.12206 1.07569 1.08616 1.16675 1.29602 1.44383 1.62026 1.91697 2.42486 3.09057 3.72591 4.12118 4.15976 3.88363 3.4612 3.0793 2.83368 2.68509 2.52883 2.30346 2.01866 1.72062 1.47061 1.34022 1.38005 1.57603 1.85109 2.105 2.26443 2.31682 2.29949 2.25718 2.20824 2.13922 2.02095 1.83115 1.57439 1.28909 1.03474 0.866645 0.819523 0.901377 1.07459 1.25349 1.34712 1.31535 1.19998 1.09975 1.08476 1.14208 1.22151 1.26883 1.23691 1.11319 0.922528 0.701447 0.48286 0.295431 0.15817 0.0733657 0.0293236 0.0100735 0.00297097 0.000751247 0.000160772 0 0 0 0 0 0 0 0 0 0
0 0 0 0 0 0 0 0 0 1.44065e-05 6.67116e-05 0.00023813 0.0009044 0.00302492 0.00944354 0.0268267 0.0681487 0.152966 0.301053 0.516763 0.771797 1.00399 1.14407 1.15774 1.07201 0.966279 0.922101 0.953965 1.01991 1.09548 1.19549 1.37803 1.74061 2.32752 3.04683 3.70311 4.08589 4.07632 3.71737 3.1871 2.69215 2.35421 2.1592 2.01614 1.8559 1.66069 1.44979 1.2762 1.21693 1.32159 1.5634 1.85549 2.09549 2.21315 2.20289 2.11512 2.01684 1.95185 1.91672 1.86392 1.73815 1.52215 1.25653 1.01864 0.880678 0.889895 1.06138 1.34113 1.61072 1.74846 1.69681 1.50128 1.2887 1.17912 1.19414 1.27404 1.34255 1.33813 1.23715 1.05251 0.814945 0.56447 0.343708 0.181619 0.0826403 0.032246 0.0107689 0.00307563 0.000742798 0.000155268 0 0 0 0 0 0 0 0 0 0
0 0 0 0 0 0 0 0 0 5.73433e-06 4.44966e-05 0.000207694 0.000887954 0.00326097 0.0106075 0.0303852 0.0764906 0.168899 0.326353 0.550119 0.806688 1.02771 1.1393 1.10788 0.970867 0.828519 0.777251 0.80842 0.848619 0.87503 0.933055 1.10979 1.48576 2.06566 2.75591 3.38659 3.76724 3.77733 3.43801 2.90412 2.37695 1.99331 1.76465 1.6227 1.5029 1.37018 1.22207 1.10113 1.08366 1.21827 1.47197 1.75351 1.96399 2.0428 1.99557 1.88379 1.78633 1.75595 1.7839 1.80183 1.73262 1.54924 1.29794 1.07063 0.952859 1.00477 1.24791 1.61399 1.95968 2.13733 2.07048 1.80126 1.47172 1.23803 1.16501 1.20375 1.2678 1.2877 1.22638 1.07594 0.853039 0.599131 0.36692 0.193935 0.0879529 0.0341196 0.0113048 0.00319669 0.000767184 0.00015735 0 0 0 0 0 0 0 0 0 0
0 0 0 0 0 0 0 0 0 8.04621e-06 5.46861e-05 0.000266165 0.00116529 0.00432205 0.0138585 0.0384908 0.0929234 0.195721 0.360625 0.581786 0.82093 1.01109 1.08546 1.01887 0.853053 0.687389 0.617666 0.632225 0.652832 0.659793 0.707638 0.879214 1.22196 1.72629 2.32756 2.90225 3.29308 3.37712 3.1376 2.68318 2.19071 1.80077 1.54602 1.38538 1.27163 1.16579 1.04983 0.952232 0.941202 1.06589 1.29659 1.54572 1.72337 1.78189 1.73645 1.64999 1.59484 1.61291 1.68712 1.74647 1.71258 1.557 1.32758 1.1221 1.03456 1.13294 1.43502 1.86142 2.25811 2.46336 2.38525 2.05789 1.62816 1.27134 1.08631 1.05033 1.08198 1.10958 1.08324 0.97467 0.786777 0.558123 0.343251 0.181581 0.0822721 0.0318549 0.0105282 0.0029587 0.000711561 0 0 0 0 0 0 0 0 0 0 0
0 0 0 0 0 0 0 0 0 1.02865e-05 7.4302e-05 0.000376712 0.00163456 0.00602219 0.0190016 0.0514315 0.119746 0.240712 0.419614 0.637258 0.846305 0.984976 1.00521 0.900871 0.718413 0.543256 0.456076 0.452495 0.467706 0.488322 0.560658 0.733197 1.0218 1.4241 1.9138 2.41652 2.81073 2.97394 2.85383 2.51142 2.09099 1.7251 1.45865 1.27438 1.14611 1.04017 0.929861 0.830175 0.797367 0.880834 1.06267 1.26811 1.42124 1.48565 1.47764 1.44729 1.44407 1.4902 1.56838 1.62505 1.59882 1.46671 1.27248 1.10835 1.06908 1.22196 1.57127 2.03139 2.45234 2.67205 2.5896 2.22804 1.73024 1.27851 0.991888 0.87355 0.856254 0.87148 0.861852 0.786842 0.640745 0.455916 0.28023 0.147901 0.0668082 0.0257877 0.00849743 0.00238479 0.000572013 0 0 0 0 0 0 0 0 0 0 0
0 0 0 0 0 0 0 0 0 1.25305e-05 9.82886e-05 0.000496912 0.00213675 0.00787599 0.0246783 0.0660478 0.151154 0.296318 0.498828 0.72355 0.908217 0.991481 0.946315 0.794484 0.594719 0.418674 0.324283 0.312371 0.338264 0.392222 0.496665 0.665085 0.900076 1.20786 1.58801 2.00401 2.36821 2.56989 2.53982 2.30364 1.97081 1.65502 1.40473 1.21979 1.08754 0.97683 0.857304 0.738528 0.669394 0.698992 0.823992 0.988479 1.13217 1.22424 1.2708 1.29842 1.33022 1.37282 1.41506 1.42996 1.38486 1.26869 1.11704 1.00609 1.02068 1.21677 1.58446 2.04211 2.45694 2.67944 2.6069 2.24887 1.73407 1.23961 0.892154 0.712233 0.647929 0.639035 0.629135 0.57504 0.467481 0.330966 0.202041 0.105848 0.0474712 0.0182027 0.00595644 0.00166613 0.000397806 0 0 0 0 0 0 0 0 0 0 0
0 0 0 0 0 0 0 0 0 1.92514e-05 0.000115245 0.000581904 0.00250319 0.00919442 0.0287544 0.0766889 0.174493 0.338932 0.562524 0.798879 0.972952 1.01952 0.923836 0.730148 0.512697 0.337991 0.245844 0.237448 0.281562 0.361148 0.476449 0.627926 0.815731 1.04664 1.32854 1.64697 1.94471 2.13497 2.15179 2.00038 1.7575 1.51218 1.31053 1.16266 1.05719 0.955918 0.826946 0.684076 0.579321 0.56464 0.648198 0.791687 0.947568 1.08261 1.1832 1.24887 1.28261 1.28615 1.26092 1.20789 1.12481 1.01395 0.900394 0.838354 0.892183 1.098 1.43816 1.84694 2.21949 2.42982 2.38139 2.06972 1.59921 1.12741 0.775421 0.571907 0.477908 0.445848 0.428671 0.387347 0.311527 0.217864 0.131253 0.0678603 0.030052 0.0113825 0.00368914 0.00102206 0.00010126 0 0 0 0 0 0 0 0 0 0 0
0 0 0 0 0 0 0 0 0 1.9771e-05 0.000117753 0.000594758 0.00256061 0.00939295 0.0293902 0.0783381 0.178005 0.344873 0.569905 0.803705 0.968197 0.998138 0.883958 0.678452 0.461647 0.296744 0.213194 0.211786 0.266981 0.353884 0.462848 0.591368 0.738734 0.90836 1.10673 1.32896 1.54165 1.68655 1.71412 1.62243 1.46215 1.29716 1.16723 1.08492 1.02959 0.951981 0.822661 0.665591 0.542541 0.511289 0.584757 0.73708 0.930296 1.12103 1.26843 1.34476 1.34162 1.26952 1.15212 1.01754 0.886828 0.770067 0.680429 0.649752 0.717366 0.897211 1.16966 1.49044 1.78762 1.9661 1.94393 1.70624 1.32798 0.93492 0.629946 0.441808 0.34187 0.296431 0.273366 0.241956 0.19164 0.131935 0.0782086 0.0397472 0.0173084 0.00645233 0.0020586 0.000336926 7.40737e-05 0 0 0 0 0 0 0 0 0 0 0
0 0 0 0 0 0 0 0 0 1.75585e-05 0.00010415 0.000527585 0.00227259 0.00834299 0.0261058 0.0696045 0.158169 0.306345 0.5058 0.712092 0.855377 0.878023 0.77322 0.590517 0.402537 0.263344 0.194927 0.200315 0.26031 0.34774 0.448808 0.559385 0.677372 0.801695 0.933756 1.07151 1.19861 1.28383 1.29928 1.24453 1.15121 1.06166 1.0077 0.996419 0.992949 0.942215 0.823206 0.671773 0.558672 0.540791 0.627319 0.807259 1.05362 1.3061 1.49109 1.55607 1.49046 1.32354 1.10637 0.890929 0.712558 0.58221 0.500308 0.479859 0.539553 0.675679 0.867219 1.08696 1.29244 1.42108 1.41249 1.24941 0.979647 0.692241 0.463657 0.316847 0.231369 0.185198 0.160968 0.138438 0.107897 0.0732494 0.0427899 0.0214149 0.0091713 0.00336024 0.00105332 0.000210005 0 0 0 0 0 0 0 0 0 0 0 0
0 0 0 0 0 0 0 0 0 1.34654e-05 7.99244e-05 0.000404262 0.00174415 0.00640653 0.0200543 0.0535001 0.121625 0.235643 0.389127 0.547823 0.657954 0.675426 0.595732 0.458075 0.318628 0.217456 0.17112 0.187775 0.254491 0.345618 0.445973 0.549534 0.651717 0.746435 0.829286 0.898446 0.950243 0.976258 0.968734 0.931073 0.882046 0.849566 0.858112 0.903461 0.938746 0.911473 0.812217 0.686481 0.606629 0.617371 0.724166 0.937517 1.24047 1.55104 1.7633 1.80643 1.67467 1.41874 1.11407 0.829811 0.609273 0.462068 0.376854 0.351069 0.39159 0.486303 0.611528 0.747108 0.868861 0.941095 0.927848 0.818253 0.641491 0.453502 0.303083 0.204574 0.143735 0.106736 0.0860402 0.0710999 0.0544504 0.0365661 0.0211444 0.0104651 0.00442672 0.00159995 0.000432369 0.000111552 0 0 0 0 0 0 0 0 0 0 0 0
0 0 0 0 0 0 0 0 0 8.90039e-06 5.2857e-05 0.000267499 0.00115363 0.00424147 0.0132832 0.0354514 0.0806334 0.156291 0.258198 0.363674 0.437116 0.449502 0.398396 0.310404 0.222813 0.161585 0.14155 0.1754 0.25273 0.351382 0.45618 0.55888 0.652314 0.726761 0.773822 0.791737 0.785514 0.762751 0.729946 0.693574 0.665788 0.667654 0.716206 0.794885 0.852598 0.845468 0.773904 0.686673 0.648369 0.688887 0.818654 1.06919 1.42622 1.7868 2.02112 2.04761 1.86628 1.54388 1.17245 0.832284 0.57241 0.403891 0.308534 0.269791 0.287259 0.349632 0.432946 0.517181 0.58368 0.611239 0.58335 0.500318 0.383638 0.266528 0.175662 0.116942 0.0799768 0.0558019 0.0413257 0.0322892 0.0241438 0.0160679 0.00922984 0.00453783 0.00181946 0.000646378 0.000195697 0 0 0 0 0 0 0 0 0 0 0 0 0
0 0 0 0 0 0 0 0 0 0 3.00639e-05 0.000152214 0.000656724 0.00241452 0.0075663 0.0202012 0.0459649 0.0891305 0.147312 0.207618 0.249833 0.257615 0.229978 0.182561 0.136713 0.108429 0.113214 0.163103 0.248015 0.350487 0.45577 0.553908 0.636482 0.692944 0.713959 0.698357 0.655604 0.601286 0.549138 0.507772 0.487381 0.50535 0.570513 0.659196 0.725401 0.735802 0.695635 0.64958 0.648951 0.714874 0.870781 1.16177 1.56624 1.96619 2.22116 2.24526 2.04019 1.67916 1.26339 0.881814 0.588766 0.397475 0.287676 0.233473 0.226616 0.260469 0.316542 0.375178 0.417319 0.424909 0.389152 0.317473 0.230497 0.151257 0.0941038 0.0597246 0.0393966 0.0260969 0.0177609 0.0128899 0.00931825 0.0061274 0.00344881 0.00168408 0.000701806 0.000249294 7.5485e-05 0 0 0 0 0 0 0 0 0 0 0 0 0
0 0 0 0 0 0 0 0 0 0 1.46779e-05 7.43385e-05 0.000320839 0.00117999 0.00369817 0.00987684 0.0224803 0.0436095 0.072108 0.101698 0.122554 0.126843 0.114364 0.0930913 0.0739709 0.0677178 0.088949 0.144349 0.226414 0.322024 0.417424 0.502272 0.568717 0.60785 0.611801 0.580186 0.52325 0.457999 0.399765 0.357805 0.341143 0.362748 0.425107 0.505945 0.570049 0.593066 0.580547 0.568624 0.595784 0.68218 0.866063 1.19324 1.6273 2.04475 2.3082 2.33415 2.12371 1.74999 1.31825 0.92294 0.620349 0.421507 0.303873 0.238083 0.208893 0.211851 0.240027 0.279429 0.310909 0.315657 0.284851 0.225506 0.156027 0.0951268 0.0529605 0.0293572 0.017479 0.0108384 0.0067977 0.00450067 0.0031021 0.00200153 0.00113538 0.000553747 0.000230603 8.19411e-05 0 0 0 0 0 0 0 0 0 0 0 0 0 0
0 0 0 0 0 0 0 0 0 0 0 3.11078e-05 0.000134292 0.000494024 0.00154869 0.00413712 0.00941888 0.0182755 0.0302307 0.0426682 0.0515143 0.0535838 0.0489705 0.0412891 0.0359656 0.0410077 0.0664634 0.115364 0.183547 0.261413 0.337189 0.401852 0.449432 0.474024 0.470525 0.439267 0.388781 0.333043 0.284898 0.251891 0.239694 0.255783 0.301587 0.363138 0.416518 0.443612 0.448031 0.457143 0.50043 0.602189 0.809315 1.15435 1.58579 1.98525 2.22957 2.24575 2.03749 1.67656 1.26695 0.900914 0.628706 0.453399 0.348058 0.282034 0.236774 0.207594 0.198584 0.209905 0.227313 0.230749 0.208889 0.165002 0.112739 0.0665668 0.0343449 0.0161858 0.00777718 0.0041377 0.00232906 0.0014019 0.000903373 0.000566865 0.00031896 0.000155196 6.45901e-05 0 0 0 0 0 0 0 0 0 0 0 0 0 0 0
0 0 0 0 0 0 0 0 0 0 0 0 4.80928e-05 0.000176951 0.000554812 0.00148237 0.00337561 0.00655148 0.0108419 0.015317 0.0185364 0.0194132 0.0180809 0.0160838 0.0163419 0.0242122 0.0449793 0.0806244 0.129145 0.183838 0.236011 0.279056 0.309462 0.324764 0.323297 0.306309 0.278973 0.248822 0.222781 0.204869 0.197104 0.202609 0.224651 0.259607 0.294092 0.314823 0.323433 0.339981 0.388435 0.49752 0.71235 1.04615 1.43976 1.78739 1.98593 1.97866 1.77704 1.45244 1.10237 0.807945 0.605541 0.485718 0.414181 0.358091 0.301242 0.243985 0.19609 0.168639 0.161161 0.157079 0.141325 0.111869 0.0765426 0.0449985 0.0227319 0.00997873 0.00398779 0.00160771 0.000749676 0.000396025 0.000229092 0.000137905 7.65219e-05 3.69707e-05 0 0 0 0 0 0 0 0 0 0 0 0 0 0 0 0
0 0 0 0 0 0 0 0 0 0 0 0 0 5.41677e-05 0.000169861 0.000453898 0.0010338 0.00200691 0.00332283 0.00469991 0.00570563 0.00603391 0.00578389 0.00562759 0.00722775 0.0133905 0.026689 0.0485895 0.0781028 0.111104 0.142116 0.167245 0.185522 0.198129 0.207211 0.214063 0.21723 0.214528 0.207141 0.199325 0.19469 0.194673 0.199662 0.209462 0.220498 0.2268 0.22989 0.243877 0.288085 0.391517 0.590997 0.886305 1.22002 1.50135 1.6459 1.61305 1.42371 1.1497 0.879545 0.678651 0.565475 0.515275 0.484954 0.44099 0.373889 0.293789 0.216829 0.156284 0.119259 0.100591 0.0859369 0.0672023 0.0459343 0.0270181 0.0136151 0.0058643 0.00219448 0.000743571 0.000256668 0.000105513 5.11592e-05 2.89783e-05 1.571e-05 0 0 0 0 0 0 0 0 0 0 0 0 0 0 0 0 0
0 0 0 0 0 0 0 0 0 0 0 0 0 0 4.44071e-05 0.000118674 0.000270257 0.000524946 0.000869666 0.00123197 0.00150187 0.00161165 0.00161385 0.0018476 0.00310959 0.00662689 0.0136678 0.0250928 0.0404443 0.0575272 0.0734967 0.0868498 0.0991469 0.115103 0.138619 0.16655 0.18944 0.199927 0.199123 0.194954 0.194487 0.197708 0.199482 0.196814 0.19089 0.183465 0.178511 0.186026 0.219513 0.303259 0.467918 0.71084 0.981954 1.20332 1.30368 1.25358 1.08132 0.858892 0.666137 0.552453 0.517751 0.524756 0.526816 0.492627 0.419013 0.324363 0.231099 0.153907 0.0990122 0.0662975 0.0484324 0.0356603 0.0239711 0.0140478 0.00707206 0.00304318 0.00112329 0.000357485 0.000103346 3.094e-05 1.01038e-05 0 0 0 0 0 0 0 0 0 0 0 0 0 0 0 0 0 0 0
0 0 0 0 0 0 0 0 0 0 0 0 0 0 0 0 0 0.000117188 0.000194285 0.000275786 0.000338078 0.000365825 0.000403578 0.000592335 0.00124876 0.00284207 0.00599682 0.0110866 0.0179101 0.0255116 0.032805 0.0401234 0.0511449 0.0715249 0.10209 0.135791 0.162052 0.174031 0.174098 0.172565 0.178185 0.188448 0.193598 0.188521 0.176496 0.163471 0.155237 0.159085 0.18216 0.240915 0.364168 0.555096 0.772276 0.947317 1.01754 0.960353 0.807867 0.630382 0.49867 0.445667 0.456439 0.492153 0.510534 0.483779 0.411611 0.31542 0.220319 0.141849 0.0848678 0.0483221 0.0280301 0.017481 0.0109791 0.00630542 0.00315717 0.00135554 0.000496894 0.000155401 4.15379e-05 0 0 0 0 0 0 0 0 0 0 0 0 0 0 0 0 0 0 0 0 0
0 0 0 0 0 0 0 0 0 0 0 0 0 0 0 0 0 0 0 0 0 0 5.79757e-05 0.000168763 0.000441387 0.00106008 0.00225429 0.00418517 0.00678208 0.00973092 0.0129365 0.0178638 0.0283854 0.047602 0.0742091 0.102216 0.123429 0.132713 0.132963 0.134676 0.145824 0.161295 0.169553 0.16572 0.154184 0.142168 0.135478 0.139408 0.156628 0.19576 0.282452 0.426967 0.596901 0.733333 0.782427 0.727013 0.599037 0.462639 0.376168 0.354883 0.377318 0.414541 0.434468 0.413651 0.351572 0.267299 0.183906 0.115872 0.0671509 0.0357919 0.0178359 0.00885524 0.00466258 0.00247383 0.00120979 0.000516288 0.000189267 5.93157e-05 1.58547e-05 0 0 0 0 0 0 0 0 0 0 0 0 0 0 0 0 0 0 0 0 0
0 0 0 0 0 0 0 0 0 0 0 0 0 0 0 0 0 0 0 0 0 0 0 4.66744e-05 0.000138825 0.000338141 0.000723886 0.00135005 0.0022032 0.00325001 0.00484243 0.00850703 0.0165051 0.0300872 0.0482409 0.0670747 0.081152 0.0871831 0.0879659 0.0922959 0.105595 0.121589 0.130304 0.12838 0.120191 0.112097 0.108624 0.113495 0.127221 0.153154 0.210726 0.312967 0.436974 0.536377 0.569157 0.523448 0.42711 0.332934 0.282651 0.275334 0.290789 0.314539 0.327245 0.310861 0.263401 0.198734 0.134788 0.0832312 0.0471185 0.0243618 0.0114261 0.00492373 0.00207009 0.000911454 0.000408641 0.000169456 6.1745e-05 1.92929e-05 5.15693e-06 0 0 0 0 0 0 0 0 0 0 0 0 0 0 0 0 0 0 0 0 0
0 0 0 0 0 0 0 0 0 0 0 0 0 0 0 0 0 0 0 0 0 0 0 0 3.25237e-05 9.22118e-05 0.000198545 0.000372485 0.000621542 0.00100767 0.00191189 0.00421774 0.00895116 0.0167485 0.0270807 0.0377565 0.0456962 0.0491528 0.0503806 0.0554861 0.0670957 0.0797897 0.0868084 0.0864119 0.082016 0.0779745 0.0771955 0.0820796 0.0923839 0.108675 0.143424 0.20815 0.288865 0.353677 0.37397 0.342864 0.282187 0.23076 0.211582 0.212147 0.217807 0.226124 0.229362 0.215213 0.18069 0.134625 0.0895771 0.053916 0.0296647 0.0149134 0.00677832 0.00275899 0.00101661 0.000358777 0.000130067 4.9113e-05 1.73358e-05 0 0 0 0 0 0 0 0 0 0 0 0 0 0 0 0 0 0 0 0 0 0 0
0 0 0 0 0 0 0 0 0 0 0 0 0 0 0 0 0 0 0 0 0 0 0 0 0 1.7449e-05 4.63436e-05 8.88877e-05 0.000159073 0.000322213 0.00079186 0.00194491 0.00424902 0.00801679 0.0130056 0.0181579 0.0219866 0.023751 0.0250099 0.0291942 0.0371244 0.0451953 0.0498299 0.0502411 0.0486202 0.0473375 0.0478792 0.0517668 0.0585535 0.0677153 0.0860115 0.121532 0.167179 0.204156 0.215971 0.200413 0.174624 0.163653 0.170386 0.176857 0.175706 0.17207 0.166591 0.151967 0.124882 0.090839 0.0586003 0.033928 0.0178682 0.00860506 0.00375988 0.00146745 0.000503717 0.00015028 3.57365e-05 8.07445e-06 0 0 0 0 0 0 0 0 0 0 0 0 0 0 0 0 0 0 0 0 0 0 0 0
0 0 0 0 0 0 0 0 0 0 0 0 0 0 0 0 0 0 0 0 0 0 0 0 0 0 7.08386e-06 1.88875e-05 4.07476e-05 0.00010938 0.000308789 0.000785685 0.00173072 0.00328069 0.00533158 0.0074563 0.00904465 0.00986346 0.0107682 0.0133813 0.0177227 0.0219904 0.0244906 0.0251572 0.0249357 0.0248967 0.0257224 0.0281927 0.0320096 0.0365302 0.044728 0.0613394 0.0835008 0.101985 0.109566 0.108931 0.114584 0.134821 0.156855 0.165612 0.159047 0.145866 0.132437 0.115755 0.0923749 0.0653072 0.0406811 0.0225264 0.0112486 0.00511894 0.00211881 0.000787845 0.000259372 7.40247e-05 1.83521e-05 3.39797e-06 0 0 0 0 0 0 0 0 0 0 0 0 0 0 0 0 0 0 0 0 0 0 0 0
0 0 0 0 0 0 0 0 0 0 0 0 0 0 0 0 0 0 0 0 0 0 0 0 0 0 0 0 1.10867e-05 3.57022e-05 0.000105822 0.000272493 0.000602918 0.00114372 0.00185784 0.00258213 0.00317936 0.00351956 0.00398295 0.00532249 0.00731055 0.00916801 0.010345 0.0108174 0.0110268 0.0113076 0.0119053 0.0132116 0.0150535 0.016939 0.0200183 0.0266142 0.035904 0.0445745 0.0519265 0.064551 0.0897015 0.121948 0.147489 0.155392 0.144915 0.125196 0.105787 0.0877119 0.0678637 0.0469081 0.0285116 0.0152915 0.00732585 0.00317764 0.00125117 0.000443339 0.000139348 3.72976e-05 9.03165e-06 0 0 0 0 0 0 0 0 0 0 0 0 0 0 0 0 0 0 0 0 0 0 0 0 0
0 0 0 0 0 0 0 0 0 0 0 0 0 0 0 0 0 0 0 0 0 0 0 0 0 0 0 0 0 0 2.62004e-05 8.07866e-05 0.000179286 0.000340854 0.000554719 0.000731002 0.000880322 0.00102413 0.0012597 0.00170303 0.00253604 0.0032706 0.00374311 0.00397434 0.00419999 0.00441291 0.00472465 0.00530056 0.00605927 0.00674563 0.00772211 0.00993682 0.0135102 0.0183654 0.0273943 0.0455131 0.0729832 0.103219 0.125667 0.131627 0.120211 0.099093 0.0780379 0.0607523 0.045285 0.0306731 0.0183413 0.00964238 0.00449681 0.00188767 0.000717725 0.000245978 7.48673e-05 1.93735e-05 4.56036e-06 0 0 0 0 0 0 0 0 0 0 0 0 0 0 0 0 0 0 0 0 0 0 0 0 0
0 0 0 0 0 0 0 0 0 0 0 0 0 0 0 0 0 0 0 0 0 0 0 0 0 0 0 0 0 0 0 0 0 0 0 0 0 0 0.000297968 0.000517971 0.000772888 0.00100227 0.00116229 0.00126413 0.00133634 0.00134798 0.0016068 0.00181976 0.00208569 0.00230042 0.00257267 0.00327688 0.00487627 0.00861153 0.0170421 0.0322227 0.0534893 0.0761952 0.0927684 0.0967311 0.0871557 0.0694853 0.0514529 0.0373221 0.0265167 0.0175187 0.0103207 0.00533175 0.00244467 0.00100125 0.000370521 0.00012383 3.41474e-05 9.31925e-06 0 0 0 0 0 0 0 0 0 0 0 0 0 0 0 0 0 0 0 0 0 0 0 0 0 0
0 0 0 0 0 0 0 0 0 0 0 0 0 0 0 0 0 0 0 0 0 0 0 0 0 0 0 0 0 0 0 0 0 0 0 0 0 0 0 0 0.000200912 0.000262353 0.0003091 0.000345228 0.000375285 0.000385554 0.00035649 0.000533477 0.000612991 0.000670886 0.000756979 0.00105347 0.0020342 0.0046834 0.0103864 0.0202264 0.0337898 0.0481835 0.0586224 0.0609546 0.054454 0.0424517 0.029954 0.0202528 0.0135389 0.00864435 0.00500412 0.00254577 0.00115046 0.000461566 0.000166706 4.51836e-05 1.443e-05 0 0 0 0 0 0 0 0 0 0 0 0 0 0 0 0 0 0 0 0 0 0 0 0 0 0 0
0 0 0 0 0 0 0 0 0 0 0 0 0 0 0 0 0 0 0 0 0 0 0 0 0 0 0 0 0 0 0 0 0 0 0 0 0 0 0 0 0 0 0 0 0 0 0 0 0 0 0.000137743 0.000398611 0.000970932 0.00245408 0.00556998 0.0108986 0.0182302 0.0259973 0.0316137 0.0328141 0.0291703 0.0224209 0.0152751 0.00969023 0.00602368 0.00368626 0.00202997 0.00104172 0.000465257 9.9503e-05 0 0 0 0 0 0 0 0 0 0 0 0 0 0 0 0 0 0 0 0 0 0 0 0 0 0 0 0 0 0
0 0 0 0 0 0 0 0 0 0 0 0 0 0 0 0 0 0 0 0 0 0 0 0 0 0 0 0 0 0 0 0 0 0 0 0 0 0 0 0 0 0 0 0 0 0 0 0 0 0 6.87353e-05 0.000165462 0.000437506 0.0011245 0.00256058 0.00501467 0.00838592 0.0119553 0.0145367 0.0150735 0.0133587 0.0101781 0.00677505 0.0040904 0.00237069 0.00119177 0.00070058 0 0 0 0 0 0 0 0 0 0 0 0 0 0 0 0 0 0 0 0 0 0 0 0 0 0 0 0 0 0 0 0 0
0 0 0 0 0 0 0 0 0 0 0 0 0 0 0 0 0 0 0 0 0 0 0 0 0 0 0 0 0 0 0 0 0 0 0 0 0 0 0 0 0 0 0 0 0 0 0 0 0 0 0 6.79909e-05 0.000174182 0.000442532 0.00100475 0.0019664 0.00328718 0.00468706 0.00569492 0.00589636 0.00520236 0.00391133 0.00250589 0.00136809 0 0 0 0 0 0 0 0 0 0 0 0 0 0 0 0 0 0 0 0 0 0 0 0 0 0 0 0 0 0 0 0 0 0 0 0
0 0 0 0 0 0 0 0 0 0 0 0 0 0 0 0 0 0 0 0 0 0 0 0 0 0 0 0 0 0 0 0 0 0 0 0 0 0 0 0 0 0 0 0 0 0 0 0 0 0 0 2.39597e-05 5.92851e-05 0.000148538 0.000336031 0.000656332 0.0010982 0.00156588 0.0019026 0.0019699 0.00173804 0.00130672 0.000837186 0 0 0 0 0 0 0 0 0 0 0 0 0 0 0 0 0 0 0 0 0 0 0 0 0 0 0 0 0 0 0 0 0 0 0 0 0
0 0 0 0 0 0 0 0 0 0 0 0 0 0 0 0 0 0 0 0 0 0 0 0 0 0 0 0 0 0 0 0 0 0 0 0 0 0 0 0 0 0 0 0 0 0 0 0 0 0 0 7.24044e-06 1.72596e-05 4.25341e-05 9.51589e-05 0.000186852 0.000312646 0.000445791 0.000541651 0.00056081 0.000494802 0 0 0 0 0 0 0 0 0 0 0 0 0 0 0 0 0 0 0 0 0 0 0 0 0 0 0 0 0 0 0 0 0 0 0 0 0 0 0
0 0 0 0 0 0 0 0 0 0 0 0 0 0 0 0 0 0 0 0 0 0 0 0 0 0 0 0 0 0 0 0 0 0 0 0 0 0 0 0 0 0 0 0 0 0 0 0 0 0 0 0 2.18315e-06 0 2.30852e-05 4.53296e-05 7.58478e-05 0.000108147 0 0 0 0 0 0 0 0 0 0 0 0 0 0 0 0 0 0 0 0 0 0 0 0 0 0 0 0 0 0 0 0 0 0 0 0 0 0 0 0 0 0
0 0 0 0 0 0 0 0 0 0 0 0 0 0 0 0 0 0 0 0 0 0 0 0 0 0 0 0 0 0 0 0 0 0 0 0 0 0 0 0 0 0 0 0 0 0 0 0 0 0 0 0 0 0 0 0 0 0 0 0 0 0 0 0 0 0 0 0 0 0 0 0 0 0 0 0 0 0 0 0 0 0 0 0 0 0 0 0 0 0 0 0 0 0 0 0 0 0 0 0
0 0 0 0 0 0 0 0 0 0 0 0 0 0 0 0 0 0 0 0 0 0 0 0 0 0 0 0 0 0 0 0 0 0 0 0 0 0 0 0 0 0 0 0 0 0 0 0 0 0 0 0 0 0 0 0 0 0 0 0 0 0 0 0 0 0 0 0 0 0 0 0 0 0 0 0 0 0 0 0 0 0 0 0 0 0 0 0 0 0 0 0 0 0 0 0 0 0 0 0
0 0 0 0 0 0 0 0 0 0 0 0 0 0 0 0 0 0 0 0 0 0 0 0 0 0 0 0 0 0 0 0 0 0 0 0 0 0 0 0 0 0 0 0 0 0 0 0 0 0 0 0 0 0 0 0 0 0 0 0 0 0 0 0 0 0 0 0 0 0 0 0 0 0 0 0 0 0 0 0 0 0 0 0 0 0 0 0 0 0 0 0 0 0 0 0 0 0 0 0
