0 0 0 0 0 0 0 0 0 0 0 0 0 0 0 0 0 0 0 0 0 0 0 0 0 0 0 0 0 0 0 0 0 0 0 0 0 0 0 0 0 0 0 0 0 0 0 0 0 0 0 0 0 0 0 0 0 0 0 0 0 0 0 0 0 0 0 0 0 0 0 0 0 0 0 0 0 0 0 0 0 0 0 0 0 0 0 0 0 0 0 0 0 0 0 0 0 0 0 0
0 0 0 0 0 0 0 0 0 0 0 0 0 0 0 0 0 0 0 0 0 0 0 0 0 0 0 0 0 0 0 0 0 0 0 0 0 0 0 0 0 0 0 0 0 0 0 0 0 0 0 0 0 0 0 0 0 0 0 0 0 0 0 0 0 0 0 0 0 0 0 0 0 0 0 0 0 0 0 0 0 0 0 0 0 0 0 0 0 0 0 0 0 0 0 0 0 0 0 0
0 0 0 0 0 0 0 0 0 0 0 0 0 0 0 0 0 0 0 0 0 0 0 0 0 0 0 0 0 0 0 0 0 0 0 0 0 0 0 0 0 0 0 0 0 0 0 0 0 0 0 0 0 0 0 0 0 0 0 0 0 0 0 0 0 0 0 0 0 0 0 0 0 0 0 0 0 0 0 0 0 0 0 0 0 0 0 0 0 0 0 0 0 0 0 0 0 0 0 0
0 0 0 0 0 0 0 0 0 0 0 0 0 0 0 0 0 0 0 0 0 0 0 0 0 0 0 0 0 0 0 0 0 0 0 0 0 0 0 0 0 0 0 0 0 0 0 0 0 0 0 0 0 0 0 0 0 0 0 0 0 0 0 0 0 0 0 0 0 0 0 0 0 0 0 0 0 0 0 0 0 0 0 0 0 0 0 0 0 0 0 0 0 0 0 0 0 0 0 0
0 0 0 0 0 0 0 0 0 0 0 0 0 0 0 0 0 0 0 0 0 0 0 0 0 0 0 0 0 0 0 0 0 0 0 0 0 0 0 0 0 0 0 0 0 0 0 0 0 0 0 0 0 0 0 0 0 0 0 0 0 0 0 0 0 0 0 0 0 0 0 0 0 0 0 0 0 0 0 0 0 0 0 0 0 0 0 0 0 0 0 0 0 0 0 0 0 0 0 0
0 0 0 0 0 0 0 0 0 0 0 0 0 0 0 0 0 0 0 0 0 0 0 0 0 0 0 0 0 0 0 0 0 0 0 0 0 0 0 0 0 0 0 0 0 0 0 0 0 0 0 0 0 0 0 0 0 0 0 0 0 0 0 0 0 0 0 0 0 0 0 0 0 0 0 0 0 0 0 0 0 0 0 0 0 0 0 0 0 0 0 0 0 0 0 0 0 0 0 0
0 0 0 0 0 0 0 0 0 0 0 0 0 0 0 0 0 0 0 0 0 0 0 0 0 0 0 0 0 0 0 0 0 0 0 0 0 0 0 0 0 0 0 0 0 0 0 0 0 0 0 0 0 0 0 0 0 0 0 0 0 0 0 0 0 0 0 0 0 0 0 0 0 0 0 0 0 0 0 0 0 0 0 0 0 0 0 0 0 0 0 0 0 0 0 0 0 0 0 0
0 0 0 0 0 0 0 0 0 0 0 0 0 0 0 0 0 0 0 0 0 0 0 0 0 0 0 0 0 0 0 0 0 0 0 0 0 0 0 0 0 0 0 0 0 0 0 0 0 0 0 0 0 0 0 0 0 0 0 0 0 0 0 0 0 0 0 0 0 0 0 0 0 0 0 0 0 0 0 0 0 0 0 0 0 0 0 0 0 0 0 0 0 0 0 0 0 0 0 0
0 0 0 0 0 0 0 0 0 0 0 0 0 0 0 0 0 0 0 0 0 0 0 0 0 0 0 0 0 0 0 0 0 0 0 0 0 0 0 0 0 0 0 0 0 0 0 0 0 0 0 0 0 0 0 0 0 0 0 0 0 0 0 0 0 0 0 0 0 0 0 0 0 0 0 0 0 0 0 0 0 0 0 0 0 0 0 0 0 0 0 0 0 0 0 0 0 0 0 0
0 0 0 0 0 0 0 0 0 0 0 0 0 0 0 0 0 0 0 0 0 0 0 0 0 0 0 0 0 0 0 0 0 0 0 0 0 0 3.44137e-05 2.57702e-05 1.64444e-05 8.94186e-06 4.14336e-06 0 0 0 0 0 0 0 0 0 0 0 0 0 0 0 0 0 0 0 0 0 0 0 0 0 0 0 0 0 0 0 0 0 0 0 0 0 0 0 0 0 0 0 0 0 0 0 0 0 0 0 0 0 0 0 0 0
0 0 0 0 0 0 0 0 0 0 0 0 0 0 0 0 0 0 0 0 0 0 0 0 0 0 0 0 0 0 0 0 0 0 0 0.000154769 0.000187307 0.000193176 0.00016978 0.000127163 8.10955e-05 4.40974e-05 2.04333e-05 8.06812e-06 0 0 0 0 0 0 0 0 0 0 0 0 0 0 0 0 0 0 0 0 0 0 0 0 0 0 0 0 0 0 0 0 0 0 0 0 0 0 0 0 0 0 0 0 0 0 0 0 0 0 0 0 0 0 0 0
0 0 0 0 0 0 0 0 0 0 0 0 0 0 0 0 0 0 0 0 0 0 0 0 0 0 0 0 0 0 0 0 0 0.000274796 0.00045799 0.000650465 0.00078726 0.000812003 0.000713752 0.000534694 0.0003414 0.000185807 8.62113e-05 3.39055e-05 0 0 0 0 0 0 0 0 0 0 0 0 0 0 0 0 0 0 0 0 0 0 0 0 0 0 0 0 0 0 0 0 0 0 0 0 0 0 0 0 0 0 0 0 0 0 0 0 0 0 0 0 0 0 0 0
0 0 0 0 0 0 0 0 0 0 0 0 0 0 0 0 0 0 0 0 0 0 0 0 0 0 0 0 0 0 0 0 0.000503178 0.000984146 0.00164032 0.00232984 0.00282015 0.00290927 0.0025579 0.00191694 0.00122465 0.000667081 0.000309907 0.000122856 4.08674e-05 0 0 0 2.43653e-06 2.78638e-06 4.06243e-06 0 0 0 0 0 0 0 0 0 0 0 0 0 0 0 0 0 0 0 0 0 0 0 0 0 0 0 0 0 0 0 0 0 0 0 0 0 0 0 0 0 0 0 0 0 0 0 0 0
0 0 0 0 0 0 0 0 0 0 0 0 0 0 0 0 0 0 0 0 0 0 0 0 0 0 0 0 0 0 0 0.00066905 0.00153566 0.00300376 0.00500694 0.00711281 0.00861152 0.00888655 0.00781719 0.00586271 0.00374957 0.00204584 0.000952799 0.000379078 0.00012902 2.24855e-05 1.96908e-05 1.55029e-05 1.33571e-05 1.65105e-05 2.28041e-05 2.88293e-05 3.14509e-05 2.94251e-05 2.35367e-05 0 0 0 0 0 0 0 0 0 0 0 0 0 0 0 0 0 0 0 0 0 0 0 0 0 0 0 0 0 0 0 0 0 0 0 0 0 0 0 0 0 0 0 0 0
0 0 0 0 0 0 0 0 0 0 0 0 0 0 0 0 0 0 0 0 0 0 0 0 0 0 0 0 0 0 0.000646011 0.00174009 0.00399431 0.00781386 0.0130274 0.0185118 0.0224225 0.0231537 0.0203871 0.0153117 0.00981562 0.00537584 0.00252239 0.00102646 0.000383526 0.000165661 9.89777e-05 7.02872e-05 6.28018e-05 7.92713e-05 0.000109718 0.000137461 0.000149878 0.000140038 0.000111936 7.6403e-05 4.44884e-05 0 0 0 0 0 0 0 0 0 0 0 0 0 0 0 0 0 0 0 0 0 0 0 0 0 0 0 0 0 0 0 0 0 0 0 0 0 0 0 0 0 0 0
0 0 0 0 0 0 0 0 0 0 0 0 0 0 0 0 0 0 0 0 0 0 0 0 0 0 0 0 0 0 0.00143185 0.00385715 0.00885543 0.0173277 0.0289 0.0410899 0.0498119 0.051501 0.0454344 0.0342232 0.0220363 0.0121621 0.00580313 0.00247356 0.00106487 0.000578008 0.000390735 0.000288749 0.000259017 0.000328228 0.000449965 0.000561094 0.000608801 0.000567936 0.000453585 0.00030946 0.000180153 8.94331e-05 0 0 0 0 0 0 0 0 0 0 0 0 0 0 0 0 0 0 0 0 0 0 0 0 0 0 0 0 0 0 0 0 0 0 0 0 0 0 0 0 0 0
0 0 0 0 0 0 0 0 0 0 0 0 0 0 0 0 0 0 0 0 0 0 0 0 0 0 0 0 0 0.000855887 0.00270525 0.00728862 0.0167386 0.0327686 0.0546928 0.0778481 0.0945283 0.0979753 0.0867489 0.0657105 0.0426928 0.0239612 0.0118915 0.0056332 0.00297816 0.00189345 0.00131997 0.000976794 0.000906522 0.00116136 0.00158118 0.0019535 0.00211182 0.00196652 0.00156905 0.00106997 0.000622724 0.000309103 0.000130803 0 0 0 0 0 0 0 0 0 0 0 0 0 0 0 0 0 0 0 0 0 0 0 0 0 0 0 0 0 0 0 0 0 0 0 0 0 0 0 0 0
0 0 0 0 0 0 0 0 0 0 0 0 0 0 0 0 0 0 0 0 0 0 0 0 0 0 0 0 0 0.00137972 0.0043591 0.0117463 0.02699 0.0528857 0.0883942 0.126086 0.153587 0.159938 0.142608 0.109181 0.0722245 0.0420469 0.0227637 0.012843 0.00813139 0.0055088 0.00383417 0.00285575 0.00273084 0.00351889 0.00474388 0.00582706 0.00626413 0.00582129 0.00463984 0.00316399 0.00184325 0.000918441 0.000393506 0.000139392 0 0 0 0 0 0 0 0 0 0 0 0 0 0 0 0 0 0 0 0 0 0 0 0 0 0 0 0 0 0 0 0 0 0 0 0 0 0 0 0
0 0 0 0 0 0 0 0 0 0 0 0 0 0 0 0 0 0 0 0 0 0 0 0 0 0 0 0 0.000518232 0.00190351 0.00600043 0.0161651 0.0371728 0.0729584 0.122279 0.175116 0.21459 0.225413 0.203588 0.159024 0.10903 0.0684271 0.0430072 0.0291 0.0203607 0.0140041 0.00963676 0.00722969 0.00711023 0.00916211 0.0122108 0.0148818 0.0159399 0.014769 0.0117615 0.00801843 0.00467708 0.00234119 0.00101742 0.000396328 9.92893e-05 4.66085e-05 0 0 0 0 0 0 0 0 0 0 0 0 0 0 0 0 0 0 0 0 0 0 0 0 0 0 0 0 0 0 0 0 0 0 0 0 0 0
0 0 0 0 0 0 0 0 0 0 0 0 0 0 0 0 0 0 0 0 0 0 0 0 0 0 5.57977e-05 7.63726e-05 0.000645021 0.00227346 0.00709709 0.0190697 0.0438785 0.0863755 0.145435 0.209807 0.259841 0.277168 0.256036 0.207326 0.151968 0.108288 0.0807922 0.0617283 0.0450571 0.0309823 0.0211159 0.0160174 0.0160765 0.0205662 0.0270563 0.0327051 0.034882 0.0322675 0.0256788 0.0175309 0.0102729 0.00520803 0.00231548 0.000965451 0.000399018 0.000150855 6.03635e-05 2.05834e-05 0 0 0 0 0 0 0 0 0 0 0 0 0 0 0 0 0 0 0 0 0 0 0 0 0 0 0 0 0 0 0 0 0 0 0 0
0 0 0 0 0 0 0 0 0 0 0 0 0 0 0 0 0 0 0 0 0 0 6.24645e-05 0.00010191 0.000144697 0.000181964 0.000210179 0.000236849 0.000839776 0.00250965 0.00740922 0.0195888 0.0448967 0.0885842 0.150252 0.219334 0.276419 0.302245 0.289572 0.24904 0.203211 0.169106 0.143993 0.117205 0.0872597 0.060124 0.0410065 0.0315391 0.0318182 0.0400091 0.051858 0.062196 0.066093 0.0610578 0.0486326 0.0333102 0.0197083 0.0102433 0.00487248 0.00225075 0.00100648 0.000423494 0.00016953 5.78336e-05 1.68124e-05 0 0 0 0 0 0 0 0 0 0 0 0 0 0 0 0 0 0 0 0 0 0 0 0 0 0 0 0 0 0 0 0 0 0 0
0 0 0 0 0 0 0 0 0 0 0 0 0 0 0 0 0 0 0 0 6.01387e-05 0.000132388 0.000249977 0.000406448 0.000572747 0.000706528 0.000843022 0.000937426 0.00142831 0.00294382 0.00740049 0.0183354 0.0411066 0.080817 0.138016 0.204584 0.264048 0.298896 0.302021 0.284011 0.265285 0.252635 0.233049 0.196718 0.149429 0.104707 0.0726533 0.05646 0.0557999 0.0679516 0.0865857 0.103174 0.109435 0.101183 0.0808776 0.0558797 0.0337798 0.0184539 0.00961083 0.00495369 0.00245788 0.00105967 0.000417278 0.000142444 4.14573e-05 1.03129e-05 0 0 0 0 0 0 0 0 0 0 0 0 0 0 0 0 0 0 0 0 0 0 0 0 0 0 0 0 0 0 0 0 0 0
0 0 0 0 0 0 0 0 0 0 0 0 0 0 0 0 0 0 0 7.99713e-05 0.000205736 0.00045266 0.000853753 0.00138528 0.00194431 0.00246977 0.00279789 0.0029956 0.00342427 0.00466665 0.00846053 0.0176829 0.0367638 0.0701004 0.118802 0.177466 0.234008 0.275389 0.298029 0.313331 0.333277 0.348668 0.338749 0.296302 0.233413 0.170129 0.121707 0.0941708 0.0882098 0.101899 0.127163 0.150887 0.16028 0.148906 0.12022 0.0848572 0.0536291 0.0317271 0.0183493 0.010295 0.0053441 0.00246492 0.000987778 0.000340152 9.07714e-05 2.2859e-05 5.35352e-06 0 0 0 0 0 0 0 0 0 0 0 0 0 0 0 0 0 0 0 0 0 0 0 0 0 0 0 0 0 0 0 0 0
0 0 0 0 0 0 0 0 0 0 0 0 0 0 0 0 0 0 7.74633e-05 0.000233363 0.000600347 0.00132064 0.0024894 0.00403432 0.00574212 0.00715438 0.00805456 0.00852124 0.00901197 0.0101903 0.0132749 0.0208999 0.036915 0.0646529 0.10464 0.152815 0.201416 0.244373 0.285285 0.335826 0.395682 0.442712 0.45211 0.416194 0.346873 0.266289 0.195648 0.147855 0.127908 0.136926 0.166222 0.196929 0.210618 0.198181 0.163783 0.120796 0.0822723 0.0537649 0.0339383 0.0200539 0.0106738 0.00499716 0.00203291 0.00071052 0.000218944 6.10805e-05 1.34085e-05 5.11179e-06 0 0 0 0 0 0 0 0 0 0 0 0 0 0 0 0 0 0 0 0 0 0 0 0 0 0 0 0 0 0 0 0
0 0 0 0 0 0 0 0 0 0 0 0 0 0 0 0 0 5.45995e-05 0.000192812 0.000581039 0.00149537 0.0032907 0.00620417 0.010124 0.0143024 0.0177932 0.0199796 0.0210512 0.0219072 0.0234291 0.0265265 0.032898 0.0460099 0.0692804 0.102373 0.140634 0.179058 0.219277 0.273624 0.353361 0.449233 0.533542 0.577551 0.564959 0.498121 0.398061 0.295677 0.216369 0.172176 0.167938 0.196307 0.23274 0.252754 0.244503 0.2118 0.168113 0.125664 0.0894011 0.0595845 0.0361917 0.0195904 0.00931823 0.00386557 0.00139882 0.000447742 0.000145061 6.16493e-05 1.63777e-05 0 0 0 0 0 0 0 0 0 0 0 0 0 0 0 0 0 0 0 0 0 0 0 0 0 0 0 0 0 0 0 0
0 0 0 0 0 0 0 0 0 0 0 0 0 0 0 0 2.80279e-05 0.000115996 0.000409763 0.0012358 0.00318384 0.00701525 0.0132858 0.0216482 0.0306221 0.0381253 0.0428119 0.0450718 0.0466652 0.0492781 0.053654 0.0602874 0.0709754 0.0893984 0.116537 0.147246 0.177122 0.213585 0.276783 0.378614 0.506886 0.632332 0.719023 0.735537 0.671339 0.547596 0.407644 0.291111 0.217154 0.19299 0.214718 0.255183 0.285125 0.29001 0.270205 0.233751 0.188763 0.141383 0.0969101 0.0599137 0.0329912 0.0160226 0.00682456 0.0025649 0.000903955 0.000374839 0.000206597 0.00011827 3.8815e-05 2.1481e-05 0 0 0 0 0 0 0 0 0 0 0 0 0 0 0 0 0 0 0 0 0 0 0 0 0 0 0 0 0 0
0 0 0 0 0 0 0 0 0 0 0 0 0 0 0 0 5.10937e-05 0.000211003 0.000745313 0.00225039 0.00580983 0.0128373 0.0243978 0.0399312 0.0567215 0.0709046 0.0798849 0.0842639 0.0871775 0.0914782 0.0981873 0.106667 0.116422 0.130261 0.151715 0.177364 0.202541 0.237188 0.306262 0.42286 0.574159 0.729634 0.846623 0.88214 0.817322 0.674708 0.50656 0.361526 0.262478 0.217485 0.228292 0.271496 0.315762 0.342513 0.343599 0.31712 0.267645 0.205702 0.143498 0.0903517 0.0508987 0.0254311 0.0112374 0.00450407 0.00187996 0.00102447 0.000649901 0.000394302 0.000220787 8.99864e-05 4.90863e-05 0 0 0 0 0 0 0 0 0 0 0 0 0 0 0 0 0 0 0 0 0 0 0 0 0 0 0 0 0
0 0 0 0 0 0 0 0 0 0 0 0 0 0 0 1.72948e-05 8.11652e-05 0.000331451 0.00116693 0.00352621 0.0091336 0.0203411 0.0388584 0.0640903 0.0918147 0.115764 0.13144 0.139417 0.144309 0.150439 0.159361 0.169806 0.179118 0.188657 0.204823 0.228427 0.25479 0.291408 0.361208 0.477556 0.629015 0.786148 0.906373 0.945538 0.883682 0.743273 0.575987 0.427624 0.318113 0.256392 0.252818 0.295189 0.353005 0.40123 0.420901 0.401232 0.345719 0.27001 0.191932 0.123943 0.0721261 0.037556 0.0176304 0.00795943 0.00416074 0.00271516 0.00183855 0.00116828 0.000689721 0.000376752 0.000175227 8.14515e-05 3.2264e-05 0 0 0 0 0 0 0 0 0 0 0 0 0 0 0 0 0 0 0 0 0 0 0 0 0 0 0
0 0 0 0 0 0 0 0 0 0 0 0 0 0 0 2.69445e-05 0.000117627 0.000461771 0.00159807 0.0048307 0.0125478 0.0281553 0.0543443 0.0907147 0.131742 0.168418 0.19365 0.207332 0.215218 0.22275 0.232214 0.243048 0.25178 0.258115 0.270912 0.297484 0.333947 0.378409 0.441198 0.533526 0.651942 0.775842 0.871675 0.904025 0.857627 0.7515 0.624362 0.504566 0.402213 0.32884 0.305289 0.335327 0.394162 0.450826 0.478122 0.460331 0.401138 0.318872 0.233011 0.156421 0.0958537 0.0536618 0.0281661 0.0150702 0.0093198 0.0065484 0.00460372 0.00305866 0.00189986 0.00108647 0.000533088 0.000247773 9.81448e-05 3.31388e-05 0 0 0 0 0 0 0 0 0 0 0 0 0 0 0 0 0 0 0 0 0 0 0 0 0 0
0 0 0 0 0 0 0 0 0 0 0 0 0 0 0 4.40845e-05 0.00017064 0.000610193 0.00202449 0.00597437 0.0154463 0.0348036 0.0680208 0.115364 0.17049 0.221757 0.259012 0.280664 0.29294 0.301831 0.310442 0.320925 0.331455 0.339683 0.35436 0.389351 0.442896 0.500191 0.552415 0.603528 0.661621 0.725295 0.77874 0.800852 0.783057 0.737156 0.678998 0.610194 0.52838 0.448249 0.399833 0.401398 0.439734 0.483809 0.503388 0.481977 0.423635 0.345558 0.264165 0.189511 0.127478 0.0808327 0.0491051 0.0298891 0.0196407 0.0140462 0.0101573 0.00705485 0.00458663 0.0027167 0.00142633 0.000642295 0.00025443 8.59376e-05 0 0 0 0 0 0 0 0 0 0 0 0 0 0 0 0 0 0 0 0 0 0 0 0 0 0
0 0 0 0 0 0 0 0 0 0 0 0 0 0 0 7.40386e-05 0.000261694 0.000869898 0.00261327 0.00715905 0.0178947 0.0399769 0.0786207 0.135147 0.202929 0.268155 0.31756 0.347796 0.36527 0.376659 0.386485 0.400978 0.420803 0.439063 0.459538 0.50057 0.566418 0.634092 0.678095 0.693184 0.694267 0.699002 0.711844 0.72607 0.738421 0.753201 0.765028 0.751258 0.696112 0.613906 0.541455 0.507039 0.508223 0.520025 0.515876 0.483315 0.427897 0.363369 0.299546 0.239641 0.183816 0.132579 0.0889091 0.0568472 0.0373752 0.0266308 0.0197421 0.0142933 0.00964714 0.00585488 0.00311479 0.00141889 0.000562083 0.000190004 5.52536e-05 0 0 0 0 0 0 0 0 0 0 0 0 0 0 0 0 0 0 0 0 0 0 0 0 0
0 0 0 0 0 0 0 0 0 0 0 0 0 0 0 0.000115874 0.000439949 0.00138541 0.00374103 0.00927768 0.0214694 0.0458645 0.088608 0.151891 0.22914 0.304826 0.362912 0.398316 0.418348 0.43229 0.447766 0.474401 0.511941 0.544809 0.568223 0.603144 0.664858 0.7322 0.771019 0.770145 0.747665 0.731225 0.735466 0.757758 0.792876 0.842278 0.896195 0.920982 0.887809 0.80555 0.714118 0.647938 0.610821 0.583786 0.547529 0.497841 0.444919 0.400155 0.364448 0.327693 0.278609 0.216091 0.151074 0.0977633 0.0633749 0.0447191 0.0338242 0.0253366 0.0175822 0.0108486 0.00583251 0.00269578 0.0011026 0.00042303 0.000177132 8.71653e-05 6.75411e-05 0 0 0 0 0 0 0 0 0 0 0 0 0 0 0 0 0 0 0 0 0 0 0
0 0 0 0 0 0 0 0 0 0 0 0 0 0 0 0.000159541 0.00069781 0.00232744 0.00599396 0.0138882 0.0295722 0.0583879 0.106434 0.176224 0.260965 0.343483 0.404748 0.437471 0.450899 0.460746 0.480666 0.521283 0.576531 0.620841 0.641242 0.659051 0.70129 0.75741 0.794267 0.799836 0.794268 0.80837 0.855529 0.921001 0.981369 1.03261 1.08076 1.10714 1.07965 0.996964 0.89388 0.80479 0.736008 0.673613 0.606366 0.539424 0.48961 0.467587 0.462987 0.448478 0.401315 0.321177 0.228707 0.148977 0.0957194 0.0668306 0.0510991 0.0391371 0.0276578 0.0172625 0.00935447 0.0044036 0.00190294 0.000851113 0.000442791 0.000288643 0.00026111 0.000259732 0.000230785 0.000175918 0 0 0 0 0 0 0 0 0 0 0 0 0 0 0 0 0 0 0 0
0 0 0 0 0 0 0 0 0 0 0 0 0 0 0 0.000326961 0.00138394 0.00402813 0.0102839 0.0233223 0.0473761 0.0874278 0.147832 0.229194 0.32354 0.412287 0.473272 0.495479 0.488888 0.478137 0.487149 0.527499 0.586572 0.632439 0.647295 0.650342 0.674755 0.721676 0.766136 0.80093 0.849687 0.942657 1.08126 1.22324 1.31391 1.33834 1.32939 1.31223 1.27042 1.18818 1.08249 0.978511 0.881479 0.783404 0.683799 0.598392 0.550313 0.547937 0.56819 0.568888 0.519644 0.422019 0.304674 0.201012 0.129528 0.0894939 0.0681435 0.0525754 0.0374875 0.0235751 0.0129284 0.00634983 0.00308857 0.00169292 0.00105804 0.000853726 0.000891071 0.000912624 0.00081439 0.000621136 0.000403856 0 0 0 0 0 0 0 0 0 0 0 0 0 0 0 0 0 0 0
0 0 0 0 0 0 0 0 0 0 0 0 0 0 0 0.000495174 0.00231951 0.00684221 0.0175983 0.0400451 0.0805768 0.144454 0.232389 0.338433 0.449528 0.545989 0.605365 0.613523 0.577667 0.527251 0.497714 0.507517 0.544626 0.578062 0.590312 0.597869 0.630853 0.692354 0.765479 0.852873 0.984004 1.18459 1.43532 1.6599 1.77165 1.74672 1.64887 1.56016 1.493 1.41304 1.30876 1.19027 1.06036 0.918596 0.778523 0.66835 0.61541 0.621213 0.65059 0.653876 0.599244 0.490428 0.359611 0.24263 0.15881 0.108592 0.0808345 0.0617208 0.0440107 0.0278745 0.0156967 0.00843613 0.00496068 0.00324451 0.00237328 0.00232849 0.00263907 0.00274023 0.00244978 0.00186893 0.0012152 0.000673328 0 0 0 0 0 0 0 0 0 0 0 0 0 0 0 0 0 0
0 0 0 0 0 0 0 0 0 0 0 0 0 0 0 0.00104759 0.00362987 0.0107516 0.0281533 0.064819 0.131548 0.235447 0.372796 0.526245 0.670506 0.781087 0.838005 0.828312 0.756331 0.651677 0.557941 0.505252 0.492192 0.498372 0.513765 0.552059 0.627916 0.732642 0.854969 1.0097 1.23109 1.53666 1.8857 2.17251 2.2863 2.20235 2.01644 1.86068 1.7697 1.68783 1.57742 1.43706 1.26825 1.07825 0.895033 0.758003 0.692914 0.689213 0.704373 0.691994 0.626387 0.513724 0.383837 0.267433 0.179815 0.122123 0.0876383 0.0650064 0.0459694 0.0295145 0.0177331 0.0112489 0.0079859 0.00588849 0.00502602 0.00569835 0.00672328 0.00702025 0.00628089 0.00479207 0.00311592 0.00172649 0.000815186 0 0 0 0 0 0 0 0 0 0 0 0 0 0 0 0 0
0 0 0 0 0 0 0 0 0 0 0 0 0 0 0.000231843 0.0015426 0.00514853 0.0153088 0.0406277 0.0949107 0.195136 0.352317 0.559244 0.785279 0.987317 1.12907 1.18939 1.15806 1.03965 0.865797 0.689919 0.557244 0.480003 0.451026 0.471986 0.54932 0.672928 0.82348 0.99856 1.22241 1.52654 1.91428 2.32697 2.64254 2.7421 2.60937 2.36594 2.1707 2.06214 1.97034 1.84784 1.68841 1.48995 1.26431 1.05102 0.894652 0.811338 0.777884 0.753041 0.703705 0.61706 0.502532 0.382802 0.277121 0.193156 0.132131 0.0922335 0.0662681 0.0464924 0.0310515 0.0213609 0.0165568 0.0133516 0.0106578 0.0101436 0.0122741 0.0146662 0.0153375 0.0137239 0.0104707 0.00680827 0.00377238 0.00178118 0.000716652 0 0 0 0 0 0 0 0 0 0 0 0 0 0 0 0
0 0 0 0 0 0 0 0 0 0 0 0 0 0 0.000511095 0.00217287 0.0068616 0.0201002 0.0530238 0.124562 0.25823 0.470265 0.752158 1.06235 1.33989 1.53214 1.60974 1.56125 1.39274 1.14113 0.873185 0.654484 0.515027 0.455282 0.477758 0.575999 0.723702 0.902291 1.11914 1.40051 1.76536 2.19832 2.62924 2.93793 3.01707 2.86452 2.61016 2.40884 2.29184 2.19475 2.0781 1.92911 1.73291 1.50076 1.27972 1.11276 1.00334 0.921605 0.835011 0.728506 0.605835 0.481738 0.37067 0.27776 0.201393 0.141819 0.100179 0.0722289 0.0520176 0.0385551 0.0323375 0.0293428 0.0253965 0.020911 0.0196783 0.0231691 0.0273978 0.0285786 0.0255574 0.0194967 0.0126767 0.00702387 0.00331645 0.00133437 0.000457502 0 0 0 0 0 0 0 0 0 0 0 0 0 0 0
0 0 0 0 0 0 0 0 0 0 0 0 0 0.000351024 0.00104425 0.00328202 0.00920809 0.0252185 0.0642318 0.148459 0.305984 0.557464 0.895762 1.27453 1.62147 1.86944 1.97664 1.92509 1.72029 1.40391 1.05436 0.756642 0.561661 0.477659 0.496535 0.59622 0.745485 0.93248 1.17144 1.48373 1.87168 2.30363 2.70762 2.98153 3.0444 2.90707 2.68571 2.50706 2.39807 2.32119 2.25201 2.15955 2.00619 1.80031 1.59372 1.42478 1.287 1.14927 0.989925 0.811531 0.634447 0.481559 0.363838 0.275471 0.205541 0.150615 0.111203 0.0840614 0.0661637 0.0588738 0.0593091 0.0588853 0.0530412 0.043714 0.0373742 0.038985 0.0440549 0.0454743 0.0405749 0.0309383 0.0201138 0.0111446 0.00526201 0.00211719 0.000725904 0 0 0 0 0 0 0 0 0 0 0 0 0 0 0
0 0 0 0 0 0 0 0 0 0 0 0 0 0.000832571 0.00216673 0.00556603 0.0133993 0.0324381 0.0759512 0.166341 0.331804 0.594109 0.948868 1.3529 1.73409 2.01928 2.15622 2.11772 1.90521 1.56073 1.16743 0.82089 0.587593 0.485376 0.497671 0.590166 0.731373 0.915067 1.1563 1.46721 1.83678 2.22603 2.57103 2.79613 2.85046 2.75187 2.58864 2.45185 2.37273 2.34953 2.36676 2.36569 2.28726 2.13948 1.97562 1.8261 1.67471 1.48925 1.25821 1.00038 0.750945 0.542135 0.389014 0.284649 0.211793 0.159414 0.123285 0.100208 0.0913491 0.0981672 0.11051 0.115334 0.107169 0.0890698 0.0703048 0.0613233 0.0620834 0.0620656 0.0549761 0.0418515 0.0271992 0.015069 0.00711489 0.00286268 0.000981512 0.000286766 0 0 0 0 0 0 0 0 0 0 0 0 0 0
0 0 0 0 0 0 0 0 0 0 0 0 0.000638717 0.00175608 0.00432117 0.00990124 0.0211176 0.0446353 0.0927019 0.184491 0.343056 0.586048 0.911007 1.28443 1.64645 1.93033 2.081 2.06412 1.87476 1.54987 1.16793 0.822678 0.584311 0.476747 0.483069 0.567066 0.700942 0.880163 1.11324 1.40102 1.72535 2.04928 2.32281 2.49595 2.54263 2.48323 2.37851 2.29033 2.25846 2.31035 2.42915 2.53214 2.55098 2.49492 2.4111 2.31467 2.1751 1.95678 1.65844 1.31639 0.981762 0.697627 0.485899 0.343532 0.251199 0.190686 0.151894 0.131508 0.134645 0.160229 0.190224 0.205512 0.196871 0.166906 0.127735 0.0956794 0.0803268 0.0737217 0.0638001 0.0483067 0.0313561 0.0173674 0.00819971 0.00329921 0.00113121 0.000330513 0 0 0 0 0 0 0 0 0 0 0 0 0 0
0 0 0 0 0 0 0 0 0 0 0 0 0.0011688 0.00319961 0.00767457 0.0167315 0.0333431 0.0638926 0.118536 0.211046 0.355202 0.559714 0.821302 1.11852 1.41182 1.65187 1.79085 1.79315 1.64837 1.38443 1.06666 0.775026 0.571527 0.480255 0.489095 0.569386 0.701197 0.880345 1.10608 1.36859 1.64611 1.907 2.11377 2.2346 2.26136 2.21903 2.15227 2.10453 2.12255 2.25063 2.46548 2.67209 2.80244 2.86335 2.88619 2.86398 2.74964 2.50523 2.14207 1.71664 1.29901 0.94465 0.679984 0.499251 0.377715 0.293971 0.236935 0.204062 0.205328 0.243911 0.295056 0.327614 0.322888 0.279956 0.214004 0.148364 0.102686 0.0793714 0.0642019 0.0477493 0.0308642 0.0170795 0.00806273 0.00324429 0.0011125 0.000325096 0 0 0 0 0 0 0 0 0 0 0 0 0 0
0 0 0 0 0 0 0 0 0 0 0 0 0.00182588 0.00498981 0.0118855 0.0252711 0.0487727 0.0885451 0.152503 0.248231 0.378901 0.542144 0.731139 0.934684 1.13477 1.30475 1.41197 1.42647 1.33547 1.15625 0.935244 0.730437 0.58901 0.533709 0.559552 0.647093 0.78384 0.967229 1.19201 1.44188 1.69167 1.9114 2.06808 2.13723 2.12344 2.0642 2.00348 1.97519 2.0294 2.21997 2.5182 2.82235 3.06319 3.23772 3.35629 3.39136 3.28703 3.01148 2.59257 2.10682 1.64111 1.25841 0.979022 0.780821 0.628561 0.505177 0.408908 0.340545 0.313337 0.34481 0.411913 0.46516 0.468629 0.413848 0.318805 0.215631 0.133185 0.0836397 0.0581687 0.0409732 0.0261135 0.014406 0.00679832 0.00273662 0.000939009 0.000274602 0 0 0 0 0 0 0 0 0 0 0 0 0 0
0 0 0 0 0 0 0 0 0 0 0 0.000766172 0.00243237 0.00664294 0.0157589 0.0332133 0.0632644 0.112167 0.186295 0.288256 0.412203 0.545713 0.677251 0.801812 0.918289 1.02129 1.09612 1.12267 1.08733 0.995032 0.870655 0.750074 0.669516 0.653275 0.702883 0.805643 0.953092 1.14447 1.37568 1.62945 1.87759 2.08646 2.21828 2.24438 2.1757 2.06921 1.9837 1.95132 2.02242 2.25924 2.62929 3.01799 3.34403 3.58984 3.74881 3.78449 3.64945 3.33231 2.88205 2.39052 1.95121 1.61975 1.38948 1.20521 1.02092 0.837146 0.677261 0.551604 0.469474 0.460207 0.520274 0.585929 0.597117 0.533498 0.414044 0.278971 0.165258 0.0906177 0.0515104 0.0319858 0.0195467 0.0106798 0.00503777 0.00203221 0.000699428 0.000205258 0 0 0 0 0 0 0 0 0 0 0 0 0 0
0 0 0 0 0 0 0 0 0 0 0 0.000870156 0.00276257 0.00754495 0.0178997 0.0375576 0.0715322 0.126177 0.20785 0.317028 0.442985 0.566751 0.672217 0.756126 0.827265 0.895501 0.961072 1.01086 1.02578 0.996473 0.933367 0.864629 0.825106 0.838396 0.906803 1.02135 1.17602 1.37228 1.61048 1.87692 2.1422 2.36606 2.4987 2.49857 2.37621 2.20894 2.08124 2.03214 2.11048 2.38493 2.81677 3.26677 3.63031 3.87688 3.99603 3.95993 3.74772 3.38253 2.93824 2.51454 2.19696 2.01245 1.90223 1.76491 1.54781 1.28334 1.03641 0.834819 0.677535 0.590915 0.601335 0.653645 0.664046 0.595805 0.46454 0.313628 0.18414 0.0961375 0.0478545 0.0253448 0.0142733 0.00763571 0.00360561 0.00146592 0.000509664 0.000151278 0 0 0 0 0 0 0 0 0 0 0 0 0 0
0 0 0 0 0 0 0 0 0 0 0 0.000842353 0.00267519 0.00731231 0.0173803 0.0365993 0.0701418 0.12508 0.208851 0.322974 0.456636 0.588742 0.700008 0.78618 0.860013 0.939147 1.02984 1.1158 1.16626 1.1634 1.12015 1.07203 1.05456 1.08523 1.16349 1.28091 1.43163 1.61969 1.85234 2.12314 2.40452 2.64943 2.79341 2.78035 2.61781 2.39929 2.23498 2.17531 2.2664 2.57694 3.05728 3.53774 3.88545 4.06214 4.06878 3.90331 3.58375 3.1747 2.77459 2.48314 2.36535 2.40053 2.46109 2.39669 2.15344 1.80318 1.45883 1.169 0.922925 0.734555 0.650425 0.650694 0.644289 0.575133 0.448832 0.303971 0.179024 0.0930683 0.0448332 0.0221132 0.0117598 0.00618505 0.00293316 0.00120669 0.000425549 0.000128181 0 0 0 0 0 0 0 0 0 0 0 0 0 0
0 0 0 0 0 0 0 0 0 0 0 0.000695163 0.00220974 0.0060529 0.0144562 0.0307383 0.0599832 0.109868 0.18945 0.30274 0.441809 0.587168 0.719205 0.833254 0.942932 1.06707 1.20893 1.34129 1.42094 1.42874 1.38858 1.34596 1.3352 1.36948 1.44872 1.56363 1.70423 1.87376 2.08466 2.33839 2.6126 2.85734 2.99889 2.9738 2.79008 2.55028 2.37823 2.33054 2.44708 2.78828 3.29398 3.77226 4.06646 4.13186 3.98763 3.66839 3.2371 2.79816 2.46738 2.33628 2.44301 2.7131 2.95324 2.97467 2.72703 2.31637 1.89067 1.51305 1.17231 0.877817 0.680128 0.59488 0.552024 0.482045 0.374126 0.253959 0.150847 0.0796633 0.039268 0.0197739 0.0105919 0.00557451 0.00264811 0.00109338 0.000387455 0.000117351 0 0 0 0 0 0 0 0 0 0 0 0 0 0
0 0 0 0 0 0 0 0 0 0 0 0 0.00155849 0.00428896 0.0103491 0.0224597 0.0453462 0.0867396 0.156352 0.260065 0.393424 0.541298 0.687963 0.831094 0.984272 1.1637 1.36596 1.55265 1.67166 1.70371 1.67758 1.6391 1.62036 1.63989 1.70714 1.81496 1.94782 2.10288 2.28969 2.51128 2.7506 2.96181 3.07395 3.02993 2.84524 2.62361 2.48354 2.47382 2.6213 2.97213 3.46509 3.90812 4.13304 4.0853 3.7952 3.33393 2.81032 2.3607 2.10446 2.11578 2.40741 2.86214 3.24501 3.35029 3.13499 2.72062 2.25975 1.81533 1.38876 1.00319 0.708851 0.532188 0.436268 0.358572 0.27211 0.184253 0.11083 0.0603558 0.0313724 0.0167267 0.0091978 0.00484046 0.00228308 0.000936651 0.000330402 9.97921e-05 0 0 0 0 0 0 0 0 0 0 0 0 0 0
0 0 0 0 0 0 0 0 0 0 0 0 0.000940645 0.00261439 0.00643984 0.0145029 0.030861 0.0623614 0.117652 0.202811 0.316257 0.448803 0.591708 0.747061 0.928359 1.14894 1.40124 1.64286 1.81976 1.90867 1.92572 1.9009 1.86403 1.84903 1.88428 1.9725 2.09775 2.24946 2.42536 2.62013 2.8176 2.97981 3.04875 2.9859 2.82107 2.65322 2.57763 2.61936 2.78478 3.10476 3.53282 3.90416 4.0547 3.91593 3.51634 2.95443 2.3773 1.94027 1.74909 1.85287 2.24671 2.79382 3.25215 3.42534 3.28023 2.92914 2.49588 2.02896 1.54932 1.10501 0.749726 0.505076 0.352863 0.254579 0.180158 0.119359 0.0728986 0.0417894 0.0235145 0.0133782 0.00747467 0.00387275 0.00178898 0.00072059 0.000250626 0 0 0 0 0 0 0 0 0 0 0 0 0 0 0
0 0 0 0 0 0 0 0 0 0 0 0 0.000488324 0.00138516 0.00354553 0.00846323 0.0192302 0.0409777 0.0801281 0.141598 0.225836 0.329283 0.450123 0.594537 0.776168 1.00794 1.28475 1.57147 1.8201 1.99736 2.08971 2.09944 2.05133 1.99341 1.97503 2.02002 2.12505 2.27611 2.45525 2.64273 2.81822 2.9489 2.99057 2.92654 2.80376 2.71317 2.71558 2.80122 2.95202 3.18836 3.49359 3.75265 3.8206 3.61558 3.15538 2.55189 1.97378 1.57729 1.44008 1.58366 1.99466 2.53998 3.00151 3.21419 3.1559 2.91215 2.56039 2.1284 1.65071 1.19162 0.807903 0.521462 0.325604 0.200583 0.123761 0.076476 0.0470662 0.0289407 0.0177724 0.0105997 0.00588338 0.00295674 0.00130042 0.000506285 0.000171155 0 0 0 0 0 0 0 0 0 0 0 0 0 0 0
0 0 0 0 0 0 0 0 0 0 0 0 0 0.000650079 0.00177057 0.00454801 0.010949 0.024369 0.0487054 0.0873805 0.141803 0.2122 0.301161 0.416997 0.573597 0.786042 1.05793 1.37047 1.68715 1.96294 2.15207 2.22699 2.19773 2.11043 2.02738 2.00264 2.0631 2.20219 2.3891 2.58913 2.77394 2.90965 2.95989 2.92515 2.86576 2.86082 2.93312 3.03617 3.13026 3.23362 3.36742 3.47703 3.44944 3.19753 2.72607 2.14476 1.62126 1.2947 1.20923 1.36348 1.73998 2.22226 2.63249 2.84729 2.85716 2.72024 2.47335 2.12428 1.703 1.26831 0.876177 0.561286 0.335548 0.191114 0.107728 0.0628629 0.0388855 0.0249876 0.0157973 0.00934395 0.00499979 0.00236958 0.000902157 0.000336077 0 0 0 0 0 0 0 0 0 0 0 0 0 0 0 0
0 0 0 0 0 0 0 0 0 0 0 0 0 0.00027753 0.000818351 0.0022527 0.00566242 0.0129074 0.0260921 0.0472789 0.0779762 0.120064 0.177623 0.259069 0.378081 0.552505 0.796477 1.10975 1.46951 1.82601 2.113 2.27638 2.29974 2.21138 2.07681 1.97821 1.97947 2.09362 2.28623 2.51085 2.72852 2.89943 2.99061 3.01239 3.02809 3.09866 3.21278 3.29623 3.29738 3.24096 3.18433 3.12921 3.00152 2.72057 2.28035 1.77435 1.34908 1.11447 1.08694 1.25211 1.58636 1.98913 2.32223 2.50191 2.53446 2.46514 2.3092 2.05607 1.71367 1.32064 0.932444 0.601959 0.360208 0.207711 0.122916 0.0782967 0.052687 0.0351679 0.0219775 0.0124293 0.00623522 0.00273389 0.00105626 0 0 0 0 0 0 0 0 0 0 0 0 0 0 0 0 0
0 0 0 0 0 0 0 0 0 0 0 0 0 0 0.000349736 0.00101054 0.00260093 0.00600784 0.0122274 0.0223801 0.0376806 0.0601205 0.0935413 0.145288 0.227851 0.360241 0.563956 0.852899 1.21795 1.61498 1.97147 2.21371 2.29885 2.23652 2.09127 1.96003 1.92867 2.02838 2.23031 2.48299 2.73867 2.95331 3.09725 3.18266 3.26241 3.37501 3.48702 3.51415 3.40672 3.20137 2.98145 2.78772 2.58022 2.29205 1.91019 1.50576 1.19422 1.05517 1.08998 1.27834 1.58672 1.92345 2.17811 2.29676 2.30344 2.24696 2.138 1.9518 1.67261 1.32156 0.9539 0.632293 0.396064 0.248969 0.168309 0.123115 0.0910814 0.063565 0.0401117 0.0224132 0.0109559 0.00464317 0.00167653 0.000533066 0 0 0 0 0 0 0 0 0 0 0 0 0 0 0 0
0 0 0 0 0 0 0 0 0 0 0 0 0 0 0 0.000401794 0.00104583 0.00238109 0.00501046 0.00932512 0.0162282 0.0273056 0.0455786 0.0768927 0.131888 0.228107 0.388784 0.634535 0.966797 1.35226 1.72311 2.00018 2.12948 2.11276 2.01204 1.92274 1.92845 2.0606 2.29283 2.57411 2.85589 3.09863 3.27959 3.40613 3.51067 3.61173 3.67279 3.62103 3.42085 3.11873 2.80658 2.53958 2.29611 2.0222 1.70352 1.39261 1.17716 1.11595 1.20501 1.41695 1.70859 1.99357 2.17749 2.22409 2.1718 2.08065 1.96826 1.80629 1.56739 1.26293 0.941997 0.66126 0.454752 0.324828 0.249836 0.199908 0.154953 0.110192 0.0698074 0.0387965 0.0187708 0.0078447 0.00284437 0.000889932 0 0 0 0 0 0 0 0 0 0 0 0 0 0 0 0
0 0 0 0 0 0 0 0 0 0 0 0 0 0 0 0 0.000365809 0.000838114 0.00169057 0.00349398 0.00640065 0.0118907 0.0220478 0.0414759 0.0785977 0.147648 0.268725 0.461731 0.732885 1.05943 1.38672 1.64703 1.79454 1.8345 1.82473 1.84716 1.96612 2.19408 2.4922 2.80567 3.09221 3.32832 3.50573 3.62717 3.70244 3.7375 3.71316 3.58841 3.34619 3.02916 2.71432 2.44686 2.20752 1.95399 1.6809 1.43358 1.28022 1.26648 1.38415 1.59672 1.85661 2.08654 2.20408 2.18126 2.06221 1.91629 1.775 1.61881 1.41909 1.17843 0.931095 0.715499 0.552032 0.440651 0.365565 0.303258 0.237917 0.169291 0.10672 0.0588533 0.0282036 0.0116953 0.0041936 0.00129694 0 0 0 0 0 0 0 0 0 0 0 0 0 0 0 0
0 0 0 0 0 0 0 0 0 0 0 0 0 0 0 0 0 0.000260858 0.000543938 0.00102784 0.00250062 0.00530168 0.0114266 0.0241623 0.0499881 0.0994972 0.187053 0.327343 0.526167 0.769265 1.0195 1.23143 1.37892 1.47643 1.57613 1.74286 2.0176 2.38421 2.77665 3.12528 3.39372 3.58186 3.70523 3.77085 3.77368 3.71473 3.60467 3.44661 3.23784 2.99423 2.75148 2.52846 2.30437 2.05501 1.79657 1.57817 1.45233 1.45075 1.55881 1.73271 1.92797 2.0853 2.13846 2.06322 1.89934 1.717 1.56148 1.42717 1.28487 1.12426 0.961244 0.814135 0.688634 0.584478 0.496979 0.413006 0.321785 0.226809 0.1415 0.077214 0.0366188 0.0150331 0.0053346 0.00163316 0.000430894 0 0 0 0 0 0 0 0 0 0 0 0 0 0 0
0 0 0 0 0 0 0 0 0 0 0 0 0 0 0 0 0 0 0 0.000349194 0.000666621 0.00255454 0.00632638 0.0148038 0.0327307 0.0673817 0.12798 0.223387 0.356985 0.521025 0.695309 0.857669 1.00208 1.14991 1.34624 1.64367 2.06592 2.56873 3.05395 3.43086 3.6643 3.77546 3.80657 3.78153 3.6972 3.55729 3.40043 3.27105 3.17164 3.0687 2.93529 2.75965 2.53009 2.25273 1.9732 1.74982 1.62108 1.60107 1.66532 1.76526 1.86575 1.93437 1.92875 1.82831 1.66123 1.48919 1.36293 1.28289 1.21217 1.12796 1.03589 0.9408 0.836124 0.723276 0.611256 0.499355 0.382055 0.26489 0.162803 0.0876292 0.0410263 0.016653 0.00584469 0.00177096 0.000462769 0 0 0 0 0 0 0 0 0 0 0 0 0 0 0
0 0 0 0 0 0 0 0 0 0 0 0 0 0 0 0 0 0 0 0 0 0 0.00320948 0.00895743 0.0208537 0.0440923 0.0846194 0.147553 0.235612 0.346389 0.473105 0.610305 0.762278 0.948171 1.20639 1.58721 2.10579 2.6965 3.23745 3.62313 3.81723 3.85088 3.78362 3.66281 3.50626 3.32893 3.1842 3.14166 3.19878 3.26087 3.2303 3.06981 2.79302 2.44976 2.11792 1.86458 1.71506 1.66261 1.66898 1.68253 1.68006 1.65945 1.60753 1.50977 1.38075 1.26798 1.21479 1.21022 1.20432 1.17156 1.11982 1.04933 0.946673 0.815646 0.676251 0.538437 0.401625 0.27212 0.163842 0.0865726 0.0398702 0.0159475 0.00552415 0.00165428 0.000427694 0 0 0 0 0 0 0 0 0 0 0 0 0 0 0
0 0 0 0 0 0 0 0 0 0 0 0 0 0 0 0 0 0 0 0 0 0 0.000636974 0.00455876 0.0130767 0.0288378 0.0575474 0.103594 0.171476 0.263699 0.381045 0.523109 0.691216 0.896287 1.17444 1.57994 2.12429 2.73052 3.27037 3.63993 3.80408 3.78961 3.65535 3.46703 3.2744 3.10917 3.02475 3.09665 3.30995 3.51243 3.54571 3.35729 2.99562 2.56069 2.16163 1.87051 1.69875 1.61799 1.57517 1.51672 1.42978 1.33797 1.25752 1.18312 1.11877 1.09655 1.13852 1.20818 1.24503 1.22875 1.1773 1.09888 0.983395 0.835995 0.679112 0.526641 0.381522 0.25098 0.14687 0.0755884 0.0340055 0.0133172 0.00453158 0.00133635 0.000340971 0 0 0 0 0 0 0 0 0 0 0 0 0 0 0
0 0 0 0 0 0 0 0 0 0 0 0 0 0 0 0 0 0 0 0 0 0 0.000788722 0.00333876 0.00919493 0.0225435 0.0483022 0.0922647 0.161429 0.260926 0.392832 0.553948 0.737963 0.946333 1.20958 1.5834 2.08305 2.63537 3.12325 3.45822 3.60947 3.58968 3.44146 3.23734 3.05526 2.94056 2.93665 3.11219 3.43745 3.72114 3.76985 3.52834 3.07636 2.55521 2.09804 1.77793 1.59276 1.49611 1.42403 1.3227 1.18519 1.0505 0.958786 0.917845 0.927678 1.00514 1.14075 1.26966 1.3244 1.29033 1.20015 1.08382 0.946013 0.791093 0.633059 0.480813 0.338492 0.215154 0.121311 0.0601391 0.0261172 0.00991059 0.00327585 0.000943868 0.000236201 0 0 0 0 0 0 0 0 0 0 0 0 0 0 0
0 0 0 0 0 0 0 0 0 0 0 0 0 0 0 0 0 0 0 0 0 0 0.000850007 0.00279785 0.00893493 0.0223633 0.0495209 0.0980235 0.17645 0.291492 0.444678 0.629071 0.830188 1.0364 1.26154 1.5539 1.94457 2.38775 2.79132 3.08439 3.23732 3.24565 3.13217 2.96708 2.84118 2.80158 2.87763 3.12409 3.49732 3.79504 3.82241 3.53338 3.02539 2.45837 1.97538 1.64695 1.46027 1.35798 1.2729 1.1543 0.997618 0.846359 0.755172 0.747691 0.827419 0.994553 1.20621 1.37493 1.42785 1.35504 1.20507 1.03493 0.870622 0.715199 0.567158 0.424709 0.291548 0.17891 0.0966982 0.0457531 0.018923 0.00684624 0.0021575 0.000598282 0.000144957 0 0 0 0 0 0 0 0 0 0 0 0 0 0 0
0 0 0 0 0 0 0 0 0 0 0 0 0 0 0 0 0 0 0 0 0 0 0.000796826 0.00308493 0.0089256 0.0228279 0.05159 0.104306 0.191369 0.321013 0.494207 0.70016 0.916796 1.11876 1.29726 1.48108 1.71783 2.01182 2.311 2.55729 2.71401 2.76152 2.70956 2.62197 2.58466 2.6345 2.78631 3.07279 3.43754 3.69715 3.68719 3.37889 2.87029 2.31475 1.84964 1.54033 1.36632 1.26532 1.17425 1.05037 0.891947 0.740778 0.655876 0.675055 0.807704 1.03708 1.29607 1.48403 1.52537 1.41506 1.21386 0.997848 0.809902 0.652956 0.512357 0.377628 0.252528 0.149592 0.0775018 0.0349268 0.0136826 0.00466865 0.00139122 0.000357932 8.22641e-05 0 0 0 0 0 0 0 0 0 0 0 0 0 0 0
0 0 0 0 0 0 0 0 0 0 0 0 0 0 0 0 0 0 0 0 0 0 0.000654452 0.00295321 0.00867656 0.0225201 0.051671 0.106582 0.199512 0.340072 0.528227 0.74859 0.971565 1.16181 1.29417 1.37584 1.4552 1.58439 1.76471 1.95266 2.10095 2.17939 2.19228 2.19467 2.25657 2.40124 2.62741 2.93418 3.25462 3.44843 3.40343 3.11004 2.65148 2.15593 1.74555 1.48074 1.33626 1.24723 1.15722 1.03458 0.882772 0.740103 0.662302 0.69375 0.847408 1.097 1.36677 1.55353 1.58359 1.45667 1.2382 1.00782 0.810384 0.646843 0.499028 0.35772 0.230564 0.130908 0.064773 0.027782 0.0103189 0.00332099 0.00092764 0.000214067 0 0 0 0 0 0 0 0 0 0 0 0 0 0 0 0
0 0 0 0 0 0 0 0 0 0 0 0 0 0 0 0 0 0 0 0 0 0 0.000801596 0.00275136 0.00821502 0.0215371 0.0505904 0.106433 0.202963 0.351086 0.549309 0.776363 0.993863 1.15949 1.24345 1.24457 1.20289 1.18896 1.24968 1.36651 1.48924 1.58265 1.64802 1.72932 1.87965 2.11165 2.40328 2.71414 2.97387 3.09722 3.03067 2.78 2.40346 1.99466 1.65681 1.4487 1.34648 1.28536 1.21437 1.11082 0.981101 0.856212 0.781567 0.800638 0.932014 1.15323 1.39488 1.56168 1.58616 1.47045 1.27576 1.07061 0.886838 0.717741 0.548597 0.381936 0.236068 0.127643 0.0599243 0.0243099 0.00853895 0.00259053 0.00067948 0.000129363 0 0 0 0 0 0 0 0 0 0 0 0 0 0 0 0
0 0 0 0 0 0 0 0 0 0 0 0 0 0 0 0 0 0 0 0 0 0 0.000754847 0.00262557 0.00793394 0.0210334 0.0497712 0.105765 0.203804 0.355681 0.558895 0.786631 0.991268 1.12371 1.15611 1.09391 0.97667 0.870233 0.835997 0.881944 0.968842 1.06276 1.16188 1.29856 1.51183 1.80451 2.1324 2.42627 2.62314 2.68871 2.6187 2.42803 2.14714 1.83283 1.56717 1.41099 1.35226 1.333 1.3067 1.25406 1.17614 1.08682 1.01273 0.992507 1.0575 1.20448 1.38327 1.51422 1.5376 1.45342 1.3105 1.15733 1.00525 0.836873 0.642695 0.441183 0.265438 0.13852 0.0623814 0.0241613 0.00806905 0.00231871 0.000573829 9.61191e-05 0 0 0 0 0 0 0 0 0 0 0 0 0 0 0 0
0 0 0 0 0 0 0 0 0 0 0 0 0 0 0 0 0 0 0 0 0 0 0.000761942 0.00266685 0.00807341 0.0213408 0.050036 0.105359 0.201527 0.350414 0.549421 0.769401 0.957145 1.05846 1.04749 0.939872 0.78294 0.635933 0.550107 0.54367 0.595888 0.681394 0.796912 0.96392 1.20729 1.51795 1.8385 2.09238 2.232 2.2589 2.20007 2.07394 1.88702 1.66214 1.45832 1.34001 1.3171 1.34681 1.38773 1.41924 1.42767 1.39848 1.33086 1.25511 1.22055 1.25712 1.34545 1.42606 1.44583 1.39745 1.31154 1.2142 1.09757 0.935625 0.724013 0.494896 0.294147 0.150794 0.0664212 0.0250709 0.00812467 0.00225672 0.000537512 0.000101829 0 0 0 0 0 0 0 0 0 0 0 0 0 0 0 0
0 0 0 0 0 0 0 0 0 0 0 0 0 0 0 0 0 0 0 0 0 0 0.000777098 0.00278647 0.00839224 0.0219511 0.0504659 0.1037 0.19367 0.330757 0.512962 0.713064 0.879178 0.957507 0.923843 0.798498 0.633161 0.483119 0.386159 0.355382 0.383441 0.45838 0.578608 0.755483 0.998112 1.28636 1.5619 1.75788 1.84462 1.84424 1.79817 1.72461 1.61359 1.46198 1.30774 1.21681 1.22273 1.30256 1.42179 1.55614 1.67221 1.72171 1.67228 1.5429 1.39993 1.30966 1.28928 1.30363 1.30721 1.28276 1.24008 1.18494 1.09717 0.947673 0.736274 0.502136 0.296567 0.150657 0.0656154 0.024447 0.00780142 0.0021294 0.000488673 9.72682e-05 0 0 0 0 0 0 0 0 0 0 0 0 0 0 0 0
0 0 0 0 0 0 0 0 0 0 0 0 0 0 0 0 0 0 0 0 0 0 0.000785267 0.00277319 0.0083116 0.0215838 0.0487725 0.0979381 0.178067 0.297087 0.453777 0.625861 0.768572 0.834041 0.800444 0.686465 0.539086 0.406553 0.318885 0.286135 0.307242 0.379144 0.501801 0.677149 0.899424 1.14084 1.35027 1.47835 1.51226 1.48388 1.43739 1.3887 1.32074 1.21784 1.10328 1.03917 1.07407 1.20276 1.39695 1.62686 1.8413 1.96517 1.94045 1.7748 1.54483 1.34272 1.21456 1.1503 1.11867 1.09688 1.07533 1.04338 0.975982 0.846676 0.657822 0.447359 0.262993 0.132811 0.0574349 0.021238 0.00671751 0.00180876 0.00041734 8.22912e-05 0 0 0 0 0 0 0 0 0 0 0 0 0 0 0 0
0 0 0 0 0 0 0 0 0 0 0 0 0 0 0 0 0 0 0 0 0 0 0.000718825 0.00250912 0.00763484 0.0196773 0.0441114 0.0874284 0.156409 0.257108 0.389389 0.536709 0.663012 0.727724 0.710198 0.622849 0.502048 0.387574 0.30942 0.285783 0.320662 0.40845 0.543499 0.716991 0.91057 1.09375 1.22875 1.28715 1.27035 1.21116 1.14732 1.09136 1.02972 0.949336 0.866883 0.835057 0.905199 1.08207 1.33721 1.63056 1.9008 2.06522 2.05711 1.87641 1.59924 1.32606 1.11652 0.978509 0.899167 0.860096 0.839526 0.815227 0.762155 0.65968 0.510852 0.34605 0.202546 0.101783 0.0437962 0.0160944 0.00505869 0.00135795 0.000311319 6.09558e-05 0 0 0 0 0 0 0 0 0 0 0 0 0 0 0 0
0 0 0 0 0 0 0 0 0 0 0 0 0 0 0 0 0 0 0 0 0 0 0.000601165 0.00219266 0.00658211 0.0169806 0.0380738 0.075372 0.13467 0.221481 0.337202 0.470154 0.591201 0.664373 0.667144 0.603503 0.500465 0.395128 0.325829 0.323188 0.389887 0.510301 0.669691 0.846954 1.01244 1.13703 1.20071 1.19783 1.14038 1.05379 0.962057 0.874716 0.790418 0.710452 0.651735 0.654503 0.764022 0.986565 1.28484 1.60322 1.87726 2.03638 2.02538 1.84257 1.55331 1.25037 0.996121 0.808469 0.687094 0.622604 0.591241 0.565341 0.522207 0.447563 0.34395 0.231592 0.134862 0.0674506 0.0288884 0.0105742 0.00330784 0.000883553 0.000201505 0 0 0 0 0 0 0 0 0 0 0 0 0 0 0 0 0
0 0 0 0 0 0 0 0 0 0 0 0 0 0 0 0 0 0 0 0 0 0 0.00047257 0.00190733 0.00573597 0.0148725 0.0335075 0.0666836 0.119851 0.19874 0.306239 0.4343 0.558139 0.643165 0.662656 0.613079 0.516829 0.414818 0.357782 0.383948 0.487364 0.644518 0.833695 1.02201 1.17002 1.25173 1.26513 1.22442 1.14582 1.04017 0.915181 0.781164 0.654784 0.556962 0.507769 0.533242 0.669784 0.92268 1.24473 1.5657 1.81888 1.95025 1.92413 1.74194 1.45569 1.14529 0.873128 0.663583 0.51953 0.435188 0.390669 0.359055 0.321082 0.268161 0.202303 0.134524 0.0776686 0.0386088 0.0164437 0.00599485 0.00186697 0.000496515 0.000112753 0 0 0 0 0 0 0 0 0 0 0 0 0 0 0 0 0
0 0 0 0 0 0 0 0 0 0 0 0 0 0 0 0 0 0 0 0 0 0 0 0.00183731 0.00554998 0.014446 0.0326947 0.0653072 0.117752 0.196105 0.304847 0.438767 0.575126 0.677297 0.711894 0.668369 0.567906 0.458722 0.403958 0.44696 0.575974 0.763605 0.982734 1.19079 1.34066 1.40944 1.40871 1.36431 1.28827 1.17348 1.01395 0.82508 0.644356 0.513065 0.452481 0.472054 0.602783 0.853991 1.17442 1.48738 1.72493 1.84021 1.80688 1.62792 1.34835 1.0417 0.770887 0.562143 0.414829 0.320991 0.265853 0.227571 0.190325 0.149572 0.107555 0.0691843 0.0391073 0.0191799 0.0080969 0.00293302 0.00090889 0.000240607 5.44039e-05 0 0 0 0 0 0 0 0 0 0 0 0 0 0 0 0 0
0 0 0 0 0 0 0 0 0 0 0 0 0 0 0 0 0 0 0 0 0 0 0.000508058 0.0019903 0.00602816 0.0157226 0.0356016 0.0710071 0.127575 0.211869 0.330283 0.48063 0.640733 0.76847 0.820253 0.777231 0.660639 0.527297 0.45181 0.486527 0.62193 0.828551 1.07524 1.31224 1.48621 1.57402 1.59239 1.5694 1.50973 1.39277 1.20428 0.965284 0.73089 0.559565 0.472361 0.461785 0.553712 0.767498 1.055 1.34195 1.56393 1.67428 1.64447 1.47594 1.21312 0.928729 0.683054 0.496083 0.359681 0.264028 0.201196 0.157639 0.120588 0.0862005 0.0564812 0.0335877 0.0179289 0.00846307 0.00349131 0.00124639 0.000382607 0.000100568 0 0 0 0 0 0 0 0 0 0 0 0 0 0 0 0 0 0
0 0 0 0 0 0 0 0 0 0 0 0 0 0 0 0 0 0 0 0 0 0 0.000599269 0.00212001 0.00661733 0.0172475 0.0389595 0.0773085 0.137856 0.227509 0.355033 0.522132 0.707481 0.862533 0.932033 0.887951 0.751565 0.587397 0.478449 0.486542 0.611078 0.824351 1.09359 1.36449 1.57743 1.70312 1.75381 1.75491 1.70872 1.59168 1.38723 1.11851 0.848371 0.64397 0.528797 0.488324 0.539473 0.703895 0.938687 1.17654 1.36119 1.44934 1.41304 1.25563 1.02254 0.782016 0.583435 0.433848 0.318 0.227495 0.161714 0.116062 0.0817765 0.0538299 0.0320446 0.0171541 0.00824499 0.00356956 0.00138121 0.000472792 0.000141312 0 0 0 0 0 0 0 0 0 0 0 0 0 0 0 0 0 0 0
0 0 0 0 0 0 0 0 0 0 0 0 0 0 0 0 0 0 0 0 0 0 0.000615199 0.00217495 0.00663898 0.0172738 0.0388893 0.0767574 0.13604 0.223871 0.351677 0.525713 0.726383 0.900443 0.983432 0.94008 0.79109 0.605517 0.469409 0.448591 0.553286 0.762129 1.04388 1.34281 1.59335 1.75521 1.82975 1.83935 1.79266 1.67489 1.47283 1.20601 0.930794 0.71089 0.575278 0.519482 0.558088 0.700313 0.897534 1.08456 1.21148 1.24498 1.17157 1.00799 0.802213 0.610961 0.464635 0.355489 0.26483 0.187236 0.126438 0.083639 0.0543815 0.0335674 0.0188056 0.00936823 0.00411845 0.0016027 0.00055632 0.000173478 4.83638e-05 0 0 0 0 0 0 0 0 0 0 0 0 0 0 0 0 0 0 0
0 0 0 0 0 0 0 0 0 0 0 0 0 0 0 0 0 0 0 0 0 0 0.000542998 0.00191834 0.00580159 0.0151025 0.0339133 0.0668113 0.118358 0.196479 0.3154 0.484968 0.687045 0.866664 0.95568 0.915667 0.766409 0.576836 0.430201 0.389986 0.473982 0.668526 0.946574 1.25556 1.5271 1.70905 1.78927 1.78759 1.72532 1.60553 1.42286 1.18799 0.938762 0.725391 0.582776 0.526721 0.57781 0.730156 0.923995 1.08806 1.16848 1.13886 1.00696 0.813301 0.614564 0.455747 0.346801 0.267989 0.20036 0.140148 0.0913098 0.0563891 0.0337133 0.0194213 0.0103341 0.00496115 0.0020849 0.000759646 0.000243184 6.83977e-05 0 0 0 0 0 0 0 0 0 0 0 0 0 0 0 0 0 0 0 0
0 0 0 0 0 0 0 0 0 0 0 0 0 0 0 0 0 0 0 0 0 0 0.000409907 0.00144723 0.00437285 0.0113457 0.0255798 0.0504894 0.090577 0.155045 0.260265 0.417118 0.608062 0.78012 0.867837 0.834086 0.697056 0.520707 0.38031 0.332737 0.398862 0.570368 0.825953 1.12148 1.3914 1.57487 1.64626 1.62159 1.53541 1.41168 1.25526 1.06688 0.862272 0.675189 0.543453 0.500438 0.572345 0.74274 0.946737 1.10763 1.16448 1.09314 0.916794 0.694979 0.492908 0.347924 0.255825 0.191629 0.139009 0.0945747 0.0595538 0.034781 0.0191819 0.0100624 0.00512196 0.00236947 0.000969577 0.000342413 0.000105967 0 0 0 0 0 0 0 0 0 0 0 0 0 0 0 0 0 0 0 0 0
0 0 0 0 0 0 0 0 0 0 0 0 0 0 0 0 0 0 0 0 0 0 0.000264087 0.000931956 0.00281462 0.00742052 0.0167421 0.0335248 0.0623615 0.113629 0.203889 0.342694 0.513827 0.670291 0.753925 0.731073 0.616607 0.465436 0.341261 0.292424 0.341458 0.483421 0.701472 0.962586 1.20976 1.37944 1.43527 1.38744 1.2787 1.14979 1.01553 0.870587 0.714321 0.566438 0.462371 0.442156 0.531284 0.70849 0.911507 1.06424 1.10475 1.01329 0.822508 0.599372 0.408401 0.278294 0.196313 0.138232 0.0931426 0.0591534 0.035242 0.0195417 0.00957742 0.00482416 0.00228063 0.00100229 0.000382127 0 0 0 0 0 0 0 0 0 0 0 0 0 0 0 0 0 0 0 0 0 0 0
0 0 0 0 0 0 0 0 0 0 0 0 0 0 0 0 0 0 0 0 0 0 0.000145089 0.000511886 0.00164085 0.00430635 0.00988761 0.0205759 0.0412024 0.0825359 0.159889 0.281876 0.43569 0.581755 0.66869 0.663878 0.576411 0.451108 0.340166 0.282934 0.30574 0.411318 0.582884 0.794543 1.00095 1.14347 1.18134 1.1185 0.998105 0.868296 0.750731 0.639685 0.527051 0.4225 0.354213 0.358123 0.453328 0.618667 0.800443 0.930524 0.954111 0.858443 0.68005 0.482901 0.32251 0.217593 0.150938 0.101553 0.0632625 0.036399 0.0196726 0.00950181 0.00447256 0.00211113 0.000652303 0.000204766 0 0 0 0 0 0 0 0 0 0 0 0 0 0 0 0 0 0 0 0 0 0 0 0
0 0 0 0 0 0 0 0 0 0 0 0 0 0 0 0 0 0 0 0 0 0 0 0.000239815 0.000909062 0.00244987 0.00587743 0.013247 0.0298069 0.0666427 0.138948 0.256741 0.411054 0.566222 0.671325 0.689852 0.625027 0.515795 0.406287 0.325568 0.300797 0.354001 0.471789 0.625004 0.777365 0.881829 0.901382 0.83548 0.720576 0.601693 0.502053 0.418657 0.342519 0.277024 0.241173 0.260991 0.347645 0.483678 0.627628 0.725484 0.734849 0.649546 0.503399 0.349399 0.229723 0.154752 0.107317 0.0709568 0.0422914 0.022489 0.0104823 0.00473562 0.00177284 0.000760342 0.000278658 0 0 0 0 0 0 0 0 0 0 0 0 0 0 0 0 0 0 0 0 0 0 0 0 0
0 0 0 0 0 0 0 0 0 0 0 0 0 0 0 0 0 0 0 0 0 0 0 9.5856e-05 0.000550981 0.00155018 0.00399603 0.0101033 0.0257709 0.0629037 0.13791 0.262935 0.431031 0.606361 0.734886 0.776233 0.731604 0.636929 0.526971 0.418858 0.335194 0.315456 0.369034 0.461224 0.555959 0.618994 0.622871 0.565126 0.471622 0.376861 0.300503 0.242091 0.194709 0.158572 0.144604 0.168367 0.234976 0.332298 0.432106 0.496952 0.498196 0.433767 0.329674 0.22378 0.14443 0.0967699 0.0672345 0.0442645 0.0259319 0.0131462 0.00589949 0.00238916 0.00064964 0.000278125 0 0 0 0 0 0 0 0 0 0 0 0 0 0 0 0 0 0 0 0 0 0 0 0 0 0
0 0 0 0 0 0 0 0 0 0 0 0 0 0 0 0 0 0 0 0 0 0 0 0.000103695 0.000357755 0.00105672 0.00298384 0.0085067 0.0238182 0.0610321 0.136939 0.264493 0.43781 0.622068 0.764548 0.827009 0.811156 0.744842 0.645915 0.519942 0.388659 0.297311 0.280305 0.315217 0.360416 0.388681 0.382555 0.339523 0.274866 0.210446 0.159672 0.123165 0.0965627 0.0790194 0.0759292 0.0950424 0.13813 0.198072 0.258146 0.295842 0.294333 0.253322 0.189477 0.125971 0.0795046 0.0525518 0.0364167 0.0239106 0.0139148 0.00701113 0.00305409 0.00116308 0 0 0 0 0 0 0 0 0 0 0 0 0 0 0 0 0 0 0 0 0 0 0 0 0 0 0 0
0 0 0 0 0 0 0 0 0 0 0 0 0 0 0 0 0 0 0 0 0 0 0 6.46156e-05 0.000221197 0.000697384 0.00219618 0.00694172 0.0205615 0.0539249 0.122154 0.237156 0.394449 0.564684 0.704308 0.783823 0.804685 0.778885 0.703176 0.575154 0.42012 0.285221 0.211835 0.199603 0.210113 0.216257 0.206508 0.178903 0.14083 0.103683 0.0748757 0.0550393 0.0417875 0.0342727 0.0347976 0.0465845 0.0700586 0.101663 0.132831 0.151925 0.150389 0.128381 0.0948683 0.0619466 0.0381438 0.0246651 0.0169374 0.011106 0.00644933 0.00323338 0.0013799 0 0 0 0 0 0 0 0 0 0 0 0 0 0 0 0 0 0 0 0 0 0 0 0 0 0 0 0 0
0 0 0 0 0 0 0 0 0 0 0 0 0 0 0 0 0 0 0 0 0 0 0 3.32128e-05 0.000123409 0.000428573 0.00150863 0.00511535 0.0156245 0.0414345 0.0942718 0.183584 0.306734 0.443285 0.564042 0.651091 0.703224 0.714526 0.665794 0.551786 0.40045 0.257777 0.160923 0.119718 0.110354 0.106341 0.0975202 0.0821193 0.0629119 0.0447204 0.0308348 0.0215807 0.0157998 0.0129494 0.0138849 0.0197255 0.0305165 0.0447362 0.0586108 0.0669854 0.0661035 0.0561267 0.0411184 0.0264587 0.0158951 0.00998849 0.0067534 0.00440711 0.00255368 0.00127636 0.000546076 0 0 0 0 0 0 0 0 0 0 0 0 0 0 0 0 0 0 0 0 0 0 0 0 0 0 0 0 0
0 0 0 0 0 0 0 0 0 0 0 0 0 0 0 0 0 0 0 0 0 0 0 1.46776e-05 6.19916e-05 0.000243198 0.000934938 0.00330619 0.0102374 0.027305 0.0623051 0.121704 0.204609 0.29978 0.392121 0.473386 0.538528 0.57009 0.543697 0.454885 0.329697 0.207634 0.118196 0.0704087 0.053053 0.0463674 0.0402938 0.0327561 0.0243944 0.0167929 0.0111017 0.00741447 0.00522439 0.00426516 0.00481113 0.00718937 0.0113864 0.0168381 0.0221207 0.0252808 0.0249053 0.0210752 0.0153477 0.00976285 0.0057314 0.00348532 0.00230582 0.00149378 0.000863703 0.000431197 0 0 0 0 0 0 0 0 0 0 0 0 0 0 0 0 0 0 0 0 0 0 0 0 0 0 0 0 0 0
0 0 0 0 0 0 0 0 0 0 0 0 0 0 0 0 0 0 0 0 0 0 0 0 1.80045e-05 0.000125042 0.000509531 0.0018414 0.00574466 0.0153816 0.0351643 0.0689838 0.117059 0.174978 0.237384 0.301403 0.359817 0.393289 0.381228 0.321021 0.2327 0.145209 0.0792879 0.0408226 0.0241749 0.0181219 0.014619 0.0113601 0.00818959 0.00546377 0.00347849 0.00222379 0.00150954 0.00122599 0.00144303 0.00225006 0.00363001 0.00541049 0.00712988 0.00815209 0.00802508 0.0067759 0.00491536 0.00309985 0.00178267 0.00104672 0.000673907 0.000432187 0.000249142 0.000124175 0 0 0 0 0 0 0 0 0 0 0 0 0 0 0 0 0 0 0 0 0 0 0 0 0 0 0 0 0 0
0 0 0 0 0 0 0 0 0 0 0 0 0 0 0 0 0 0 0 0 0 0 0 0 0 5.51914e-05 0.000238407 0.00087759 0.00275278 0.00739245 0.016954 0.0334618 0.0575795 0.0884816 0.12555 0.167874 0.208738 0.233571 0.228899 0.193572 0.140376 0.0872376 0.0467788 0.0223709 0.0108142 0.00651083 0.00469772 0.00344073 0.00238316 0.0015398 0.000944197 0.000581815 0.000381219 0.000306792 0.00037449 0.000596711 0.000987608 0.00148365 0.00196118 0.00224445 0.00220763 0.00186284 0.00134715 0.00084429 0.000477056 0.000270427 0.000168531 0.000106422 6.12237e-05 0 0 0 0 0 0 0 0 0 0 0 0 0 0 0 0 0 0 0 0 0 0 0 0 0 0 0 0 0 0 0
0 0 0 0 0 0 0 0 0 0 0 0 0 0 0 0 0 0 0 0 0 0 0 0 0 0 9.75795e-05 0.000359191 0.00112669 0.00301161 0.00698552 0.0139156 0.0244252 0.038938 0.0581165 0.0815241 0.104636 0.119022 0.117487 0.0996271 0.0722758 0.0448267 0.0238413 0.0110287 0.00471462 0.00223338 0.00135644 0.000913825 0.000602473 0.000375766 0.000222268 0.000128651 8.36852e-05 6.35711e-05 7.46432e-05 0.000135728 0.00022946 0.000347098 0.000459577 0.000525805 0.000518605 0.00043678 0.000314307 0.000196482 0.000107646 5.94662e-05 3.59445e-05 2.2457e-05 0 0 0 0 0 0 0 0 0 0 0 0 0 0 0 0 0 0 0 0 0 0 0 0 0 0 0 0 0 0 0 0
0 0 0 0 0 0 0 0 0 0 0 0 0 0 0 0 0 0 0 0 0 0 0 0 0 0 0 0 0.000392966 0.00105038 0.00246194 0.00497298 0.0089769 0.0149703 0.0235268 0.034365 0.0451452 0.0519136 0.051477 0.0437395 0.0317402 0.0196659 0.0104171 0.00474933 0.00191322 0.000755882 0.000362211 0.000208683 0.000131908 7.82224e-05 4.43848e-05 2.41095e-05 1.36086e-05 7.38029e-06 1.44305e-05 2.67703e-05 4.56388e-05 6.90544e-05 9.19025e-05 0.00010541 0.0001037 8.72451e-05 6.26845e-05 3.83606e-05 2.0062e-05 1.11914e-05 0 0 0 0 0 0 0 0 0 0 0 0 0 0 0 0 0 0 0 0 0 0 0 0 0 0 0 0 0 0 0 0 0 0
0 0 0 0 0 0 0 0 0 0 0 0 0 0 0 0 0 0 0 0 0 0 0 0 0 0 0 0 0 0.000312179 0.000711072 0.00153282 0.00287115 0.00503667 0.00830228 0.012515 0.0167098 0.0193552 0.0192511 0.0163678 0.0118774 0.0073576 0.00389053 0.00176168 0.000691129 0.000246625 9.40297e-05 4.19843e-05 2.49063e-05 1.36692e-05 6.37755e-06 0 0 0 0 0 7.6458e-06 1.17581e-05 1.56791e-05 1.80038e-05 1.77231e-05 1.48439e-05 1.06909e-05 6.56126e-06 0 0 0 0 0 0 0 0 0 0 0 0 0 0 0 0 0 0 0 0 0 0 0 0 0 0 0 0 0 0 0 0 0 0 0 0
0 0 0 0 0 0 0 0 0 0 0 0 0 0 0 0 0 0 0 0 0 0 0 0 0 0 0 0 0 0 0 0 0.000802184 0.00148167 0.00254251 0.00392191 0.00529385 0.0061265 0.00612581 0.00521951 0.00378969 0.00234475 0.00123622 0.000559099 0.000216924 7.37911e-05 1.20052e-05 7.46094e-06 3.10724e-06 0 0 0 0 0 0 0 0 0 0 0 0 0 0 0 0 0 0 0 0 0 0 0 0 0 0 0 0 0 0 0 0 0 0 0 0 0 0 0 0 0 0 0 0 0 0 0 0 0 0 0
0 0 0 0 0 0 0 0 0 0 0 0 0 0 0 0 0 0 0 0 0 0 0 0 0 0 0 0 0 0 0 0 0 0 0.000638571 0.00103188 0.00142085 0.00166721 0.00166702 0.00142037 0.00103129 0.000638069 0.00033641 0.000151142 5.78648e-05 1.88779e-05 0 0 0 0 0 0 0 0 0 0 0 0 0 0 0 0 0 0 0 0 0 0 0 0 0 0 0 0 0 0 0 0 0 0 0 0 0 0 0 0 0 0 0 0 0 0 0 0 0 0 0 0 0 0
0 0 0 0 0 0 0 0 0 0 0 0 0 0 0 0 0 0 0 0 0 0 0 0 0 0 0 0 0 0 0 0 0 0 0 0.000239285 0.000329485 0.00038661 0.000386566 0.000329372 0.000239149 0.000147963 7.80105e-05 3.50485e-05 1.34184e-05 0 0 0 0 0 0 0 0 0 0 0 0 0 0 0 0 0 0 0 0 0 0 0 0 0 0 0 0 0 0 0 0 0 0 0 0 0 0 0 0 0 0 0 0 0 0 0 0 0 0 0 0 0 0 0
0 0 0 0 0 0 0 0 0 0 0 0 0 0 0 0 0 0 0 0 0 0 0 0 0 0 0 0 0 0 0 0 0 0 0 0 0 0 0 6.50864e-05 4.7257e-05 2.92386e-05 1.54155e-05 0 0 0 0 0 0 0 0 0 0 0 0 0 0 0 0 0 0 0 0 0 0 0 0 0 0 0 0 0 0 0 0 0 0 0 0 0 0 0 0 0 0 0 0 0 0 0 0 0 0 0 0 0 0 0 0 0
0 0 0 0 0 0 0 0 0 0 0 0 0 0 0 0 0 0 0 0 0 0 0 0 0 0 0 0 0 0 0 0 0 0 0 0 0 0 0 0 0 0 0 0 0 0 0 0 0 0 0 0 0 0 0 0 0 0 0 0 0 0 0 0 0 0 0 0 0 0 0 0 0 0 0 0 0 0 0 0 0 0 0 0 0 0 0 0 0 0 0 0 0 0 0 0 0 0 0 0
0 0 0 0 0 0 0 0 0 0 0 0 0 0 0 0 0 0 0 0 0 0 0 0 0 0 0 0 0 0 0 0 0 0 0 0 0 0 0 0 0 0 0 0 0 0 0 0 0 0 0 0 0 0 0 0 0 0 0 0 0 0 0 0 0 0 0 0 0 0 0 0 0 0 0 0 0 0 0 0 0 0 0 0 0 0 0 0 0 0 0 0 0 0 0 0 0 0 0 0
0 0 0 0 0 0 0 0 0 0 0 0 0 0 0 0 0 0 0 0 0 0 0 0 0 0 0 0 0 0 0 0 0 0 0 0 0 0 0 0 0 0 0 0 0 0 0 0 0 0 0 0 0 0 0 0 0 0 0 0 0 0 0 0 0 0 0 0 0 0 0 0 0 0 0 0 0 0 0 0 0 0 0 0 0 0 0 0 0 0 0 0 0 0 0 0 0 0 0 0
0 0 0 0 0 0 0 0 0 0 0 0 0 0 0 0 0 0 0 0 0 0 0 0 0 0 0 0 0 0 0 0 0 0 0 0 0 0 0 0 0 0 0 0 0 0 0 0 0 0 0 0 0 0 0 0 0 0 0 0 0 0 0 0 0 0 0 0 0 0 0 0 0 0 0 0 0 0 0 0 0 0 0 0 0 0 0 0 0 0 0 0 0 0 0 0 0 0 0 0
0 0 0 0 0 0 0 0 0 0 0 0 0 0 0 0 0 0 0 0 0 0 0 0 0 0 0 0 0 0 0 0 0 0 0 0 0 0 0 0 0 0 0 0 0 0 0 0 0 0 0 0 0 0 0 0 0 0 0 0 0 0 0 0 0 0 0 0 0 0 0 0 0 0 0 0 0 0 0 0 0 0 0 0 0 0 0 0 0 0 0 0 0 0 0 0 0 0 0 0
0 0 0 0 0 0 0 0 0 0 0 0 0 0 0 0 0 0 0 0 0 0 0 0 0 0 0 0 0 0 0 0 0 0 0 0 0 0 0 0 0 0 0 0 0 0 0 0 0 0 0 0 0 0 0 0 0 0 0 0 0 0 0 0 0 0 0 0 0 0 0 0 0 0 0 0 0 0 0 0 0 0 0 0 0 0 0 0 0 0 0 0 0 0 0 0 0 0 0 0
