0 0 0 0 0 0 0 0 0 0 0 0 0 0 0 0 0 0 0 0 0 0 0 0 0 0 0 0 0 0 0 0 0 0 0 0 0 0 0 0 0 0 0 0 0 0 0 0 0 0 0 0 0 0 0 0 0 0 0 0 0 0 0 0 0 0 0 0 0 0 0 0 0 0 0 0 0 0 0 0 0 0 0 0 0 0 0 0 0 0 0 0 0 0 0 0 0 0 0 0 0 0 0 0 0 0 0 0 0 0 0 0 0 0 0 0 0 0 0 0 0 0 0 0 0 0 0 0 0 0 0 0 0 0 0 0 0 0 0 0 0 0 0 0 0 0 0 0 0 0
0 0 0 0 0 0 0 0 0 0 0 0 0 0 0 0 0 0 0 0 0 0 0 0 0 0 0 0 0 0 0 0 0 0 0 0 0 0 0 0 0 0 0 0 0 0 0 0 0 0 0 0 0 0 0 0 0 0 0 0 0 0 0 0 0 0 0 0 0 0 0 0 0 0 0 0 0 0 0 0 0 0 0 0 0 0 0 0 0 0 0 0 0 0 0 0 0 0 0 0 0 0 0 0 0 0 0 0 0 0 0 0 0 0 0 0 0 0 0 0 0 0 0 0 0 0 0 0 0 0 0 0 0 0 0 0 0 0 0 0 0 0 0 0 0 0 0 0 0 0
0 0 0 0 0 0 0 0 0 0 0 0 0 0 0 0 0 0 0 0 0 0 0 0 0 0 0 0 0 0 0 0 0 0 0 0 0 0 0 0 0 0 0 0 0 0 0 0 0 0 0 0 0 0 0 0 0 0 0 0 0 0 0 0 0 0 0 0 0 0 0 0 0 0 0 0 0 0 0 0 0 0 0 0 0 0 0 0 0 0 0 0 0 0 0 0 0 0 0 0 0 0 0 0 0 0 0 0 0 0 0 0 0 0 0 0 0 0 0 0 0 0 0 0 0 0 0 0 0 0 0 0 0 0 0 0 0 0 0 0 0 0 0 0 0 0 0 0 0 0
0 0 0 0 0 0 0 0 0 0 0 0 0 0 0 0 0 0 0 0 0 0 0 0 0 0 0 0 0 0 0 0 0 0 0 0 0 0 0 0 0 0 0 0 0 0 0 0 0 0 0 0 0 0 0 0 0 0 0 0 0 0 0 0 0 0 0 0 0 0 0 0 0 0 0 0 0 0 0 0 0 0 0 0 0 0 0 0 0 0 0 0 0 0 0 0 0 0 0 0 0 0 0 0 0 0 0 0 0 0 0 0 0 0 0 0 0 0 0 0 0 0 0 0 0 0 0 0 0 0 0 0 0 0 0 0 0 0 0 0 0 0 0 0 0 0 0 0 0 0
0 0 0 0 0 0 0 0 0 0 0 0 0 0 0 0 0 0 0 0 0 0 0 0 0 0 0 0 0 0 0 0 0 0 0 0 0 0 0 0 0 0 0 0 0 0 0 0 0 0 0 0 0 0 0 0 0 0 0 0 0 0 0 0 0 0 0 0 0 0 0 0 0 0 0 0 0 0 0 0 0 0 0 0 0 0 0 0 0 0 0 0 0 0 0 0 0 0 0 0 0 0 0 0 0 0 0 0 0 0 0 0 0 0 0 0 0 0 0 0 0 0 0 0 0 0 0 0 0 0 0 0 0 0 0 0 0 0 0 0 0 0 0 0 0 0 0 0 0 0
0 0 0 0 0 0 0 0 0 0 0 0 0 0 0 0 0 0 0 0 0 0 0 0 0 0 0 0 0 0 0 0 0 0 0 0 0 0 0 0 0 0 0 0 0 0 0 0 0 0 0 0 0 0 0 0 0 0 0 0 0 0 0 0 0 0 0 0 0 0 0 0 0 0 0 0 0 0 0 0 0 0 0 0 0 0 0 0 0 0 0 0 0 0 0 0 0 0 0 0 0 0 0 0 0 0 0 0 0 0 0 0 0 0 0 0 0 0 0 0 0 0 0 0 0 0 0 0 0 0 0 0 0 0 0 0 0 0 0 0 0 0 0 0 0 0 0 0 0 0
0 0 0 0 0 0 0 0 0 0 0 0 0 0 0 0 0 0 0 0 0 0 0 0 0 0 0 0 0 0 0 0 0 0 0 0 0 0 0 0 0 0 0 0 0 0 0 0 0 0 0 0 0 0 0 0 0 0 0 0 0 0 0 0 0 0 0 0 0 0 0 0 0 0 0 0 0 0 0 0 0 0 0 0 0 0 0 0 0 0 0 0 0 0 0 0 0 0 0 0 0 0 0 0 0 0 0 0 0 0 0 0 0 0 0 0 0 0 0 0 0 0 0 0 0 0 0 0 0 0 0 0 0 0 0 0 0 0 0 0 0 0 0 0 0 0 0 0 0 0
0 0 0 0 0 0 0 0 0 0 0 0 0 0 0 0 0 0 0 0 0 0 0 0 0 0 0 0 0 0 0 0 0 0 0 0 0 0 0 0 0 0 0 0 0 0 0 0 0 0 0 0 0 0 0 0 0 0 0 0 0 0 0 0 0 0 0 0 0 0 0 0 0 0 0 0 0 0 0 0 0 0 0 0 0 0 0 0 0 0 0 0 0 0 0 0 0 0 0 0 0 0 0 0 0 0 0 0 0 0 0 0 0 0 0 0 0 0 0 0 0 0 0 0 0 0 0 0 0 0 0 0 0 0 0 0 0 0 0 0 0 0 0 0 0 0 0 0 0 0
0 0 0 0 0 0 0 0 0 0 0 0 0 0 0 0 0 0 0 0 0 0 0 0 0 0 0 0 0 0 0 0 0 0 0 0 0 0 0 0 0 0 0 0 0 0 0 0 0 0 0 0 0 0 0 0 0 0 0 0 0 0 0 0 0 0 0 0 0 0 0 0 0 0 0 0 0 0 0 0 0 0 0 0 0 0 0 0 0 0 0 0 0 0 0 0 0 0 0 0 0 0 0 0 0 0 0 0 0 0 0 0 0 0 0 0 0 0 0 0 0 0 0 0 0 0 0 0 0 0 0 0 0 0 0 0 0 0 0 0 0 0 0 0 0 0 0 0 0 0
0 0 0 0 0 0 0 0 0 0 0 0 0 0 0 0 0 0 0 0 0 0 0 0 0 0 0 0 0 0 0 0 0 0 0 0 0 0 0 0 0 0 0 0 0 0 0 0 0 0 0 0 0 0 0 0 0 0 0 0 0 0 0 0 0 0 0 0 0 0 0 0 0 0 0 0 0 0 0 0 0 0 0 0 0 0 0 0 0 0 0 0 0 0 0 0 0 0 0 0 0 0 0 0 0 0 0 0 0 0 0 0 0 0 0 0 0 0 0 0 0 0 0 0 0 0 0 0 0 0 0 0 0 0 0 0 0 0 0 0 0 0 0 0 0 0 0 0 0 0
0 0 0 0 0 0 0 0 0 0 0 0 0 0 0 0 0 0 0 0 0 0 0 0 0 0 0 0 0 0 0 0 0 0 0 0 0 0 0 0 0 0 0 0 0 0 0 0 0 0 0 0 0 0 0 0 0 0 0 0 0 0 0 0 0 0 0 0 0 0 0 0 0 0 0 0 0 0 0 0 0 0 0 0 0 0 0 0 0 0 0 0 0 0 0 0 0 0 0 0 0 0 0 0 0 0 0 0 0 0 0 0 0 0 0 0 0 0 0 0 0 0 0 0 0 0 0 0 0 0 0 0 0 0 0 0 0 0 0 0 0 0 0 0 0 0 0 0 0 0
0 0 0 0 0 0 0 0 0 0 0 0 0 0 0 0 0 0 0 0 0 0 0 0 0 0 0 0 0 0 0 0 0 0 0 0 0 0 0 0 0 0 0 0 0 0 0 0 0 0 0 0 0 0 0 0 0 0 0 0 0 0 0 0 0 0 0 0 0 0 0 0 0 0 0 0 0 0 0 0 0 0 0 0 0 0 0 0 0 0 0 0 0 0 0 0 0 0 0 0 0 0 0 0 0 0 0 0 0 0 0 0 0 0 0 0 0 0 0 0 0 0 0 0 0 0 0 0 0 0 0 0 0 0 0 0 0 0 0 0 0 0 0 0 0 0 0 0 0 0
0 0 0 0 0 0 0 0 0 0 0 0 0 0 0 0 0 0 0 0 0 0 0 0 0 0 0 0 0 0 0 0 0 0 0 0 0 0 0 0 0 0 0 0 0 0 0 0 0 0 0 0 0 0 0 0 0 0 0 0 0 0 0 0 0 0 0 0 0 0 0 0 0 0 0 0 0 0 0 0 0 0 0 0 0 0 0 0 0 0 0 0 0 0 0 0 0 0 0 0 0 0 0 0 0 0 0 0 0 0 0 0 0 0 0 0 0 0 0 0 0 0 0 0 0 0 0 0 0 0 0 0 0 0 0 0 0 0 0 0 0 0 0 0 0 0 0 0 0 0
0 0 0 0 0 0 0 0 0 0 0 0 0 0 0 0 0 0 0 0 0 0 0 0 0 0 0 0 0 0 0 0 0 0 0 0 0 0 0 0 0 0 0 0 0 0 0 0 0 0 0 0 0 0 0 0 0 0 0 0 0 0 0 0 0 0 0 0 0 0 0 0 0 0 0 0 0 0 0 0 0 0 0 0 0 0 0 0 0 0 0 0 0 0 0 0 0 0 0 0 0 0 0 0 0 0 0 0 0 0 0 0 0 0 0 0 0 0 0 0 0 0 0 0 0 0 0 0 0 0 0 0 0 0 0 0 0 0 0 0 0 0 0 0 0 0 0 0 0 0
0 0 0 0 0 0 0 0 0 0 0 0 0 0 0 0 0 0 0 0 0 0 0 0 0 0 0 0 0 0 0 0 0 0 0 0 0 0 0 0 0 0 0 0 0 0 0 0 0 0 0 0 0 0 0 0 0 0 0 0 0 0 0 0 0 0 0 0 0 0 0 0 0 0 0 0 0 0 0 0 0 0 0 0 0 0 0 0 0 0 0 0 0 0 0 0 0 0 0 0 0 0 0 0 0 0 0 0 0 0 0 0 0 0 0 0 0 0 0 0 0 0 0 0 0 0 0 0 0 0 0 0 0 0 0 0 0 0 0 0 0 0 0 0 0 0 0 0 0 0
0 0 0 0 0 0 0 0 0 0 0 0 0 0 0 0 0 0 0 0 0 0 0 0 0 0 0 0 0 0 0 0 0 0 0 0 0 0 0 0 0 0 0 0 0 0 0 0 0 0 0 0 0 0 0 0 0 0 0 0 0 0 0 0 0 0 0 0 0 0 0 0 0 0 0 0 0 0 0 0 0 0 0 0 0 0 0 0 0 0 0 0 0 0 0 0 0 0 0 0 0 0 0 0 0 0 0 0 0 0 0 0 0 0 0 0 0 0 0 0 0 0 0 0 0 0 0 0 0 0 0 0 0 0 0 0 0 0 0 0 0 0 0 0 0 0 0 0 0 0
0 0 0 0 0 0 0 0 0 0 0 0 0 0 0 0 0 0 0 0 0 0 0 0 0 0 0 0 0 0 0 0 0 0 0 0 0 0 0 0 0 0 0 0 0 0 0 0 0 0 0 0 0 0 0 0 0 0 0 0 0 0 0 0 0 0 0 0 0 0 0 0 0 0 0 0 0 0 0 0 0 0 0 0 0 0 0 0 0 0 0 0 0 0 0 0 0 0 0 0 0 0 0 0 0 0 0 0 0 0 0 0 0 0 0 0 0 0 0 0 0 0 0 0 0 0 0 0 0 0 0 0 0 0 0 0 0 0 0 0 0 0 0 0 0 0 0 0 0 0
0 0 0 0 0 0 0 0 0 0 0 0 0 0 0 0 0 0 0 0 0 0 0 0 0 0 0 0 0 0 0 0 0 0 0 0 0 0 0 0 0 0 0 0 0 0 0 0 0 0 0 0 0 0 0 0 0 0 0 0 0 0 0 0 0 0 0 0 0 0 0 0 0 0 0 0 0 0 0 0 0 0 0 0 0 0 0 0 0 0 0 0 0 0 0 0 0 0 0 0 0 0 0 0 0 0 0 0 0 0 0 0 0 0 0 0 0 0 0 0 0 0 0 0 0 0 0 0 0 0 0 0 0 0 0 0 0 0 0 0 0 0 0 0 0 0 0 0 0 0
0 0 0 0 0 0 0 0 0 0 0 0 0 0 0 0 0 0 0 0 0 0 0 0 0 0 0 0 0 0 0 0 0 0 0 0 0 0 0 0 0 0 0 0 0 0 0 0 0 0 0 0 0 0 0 0 0 0 0 0 0 0 0 0 0 0 0 0 0 0 0 0 0 0 0 0 0 0 0 0 0 0 0 0 0 0 0 0 0 0 0 0 0 0 0 0 0 0 0 0 0 0 0 0 0 0 0 0 0 0 0 0 0 0 0 0 0 0 0 0 0 0 0 0 0 0 0 0 0 0 0 0 0 0 0 0 0 0 0 0 0 0 0 0 0 0 0 0 0 0
0 0 0 0 0 0 0 0 0 0 0 0 0 0 0 0 0 0 0 0 0 0 0 0 0 0 0 0 0 0 0 0 0 0 0 0 0 0 0 0 0 0 0 0 0 0 0 0 0 0 0 0 0 0 0 0 0 0 0 0 0 0 0 0 0 0 0 0 0 0 0 0 0 0 0 0 0 0 0 0 0 0 0 0 0 0 0 0 0 0 0 0 0 0 0 0 0 0 0 0 0 0 0 0 0 0 0 0 0 0 0 0 0 0 0 0 0 0 0 0 0 0 0 0 0 0 0 0 0 0 0 0 0 0 0 0 0 0 0 0 0 0 0 0 0 0 0 0 0 0
0 0 0 0 0 0 0 0 0 0 0 0 0 0 0 0 0 0 0 0 0 0 0 0 0 0 0 0 0 0 0 0 0 0 0 0 0 0 0 0 0 0 0 0 0 0 0 0 0 0 0 0 0 0 0 0 0 0 0 0 0 0 0 0 0 0 0 0 0 0 0 0 0 0 0 0 0 0 0 0 0 0 0 0 0 0 0 0 0 0 0 0 0 0 0 0 0 0 0 0 0 0 0 0 0 0 0 0 0 0 0 0 0 0 0 0 0 0 0 0 0 0 0 0 0 0 0 0 0 0 0 0 0 0 0 0 0 0 0 0 0 0 0 0 0 0 0 0 0 0
0 0 0 0 0 0 0 0 0 0 0 0 0 0 0 0 0 0 0 0 0 0 0 0 0 0 0 0 0 0 0 0 0 0 0 0 0 0 0 0 0 0 0 0 0 0 0 0 0 0 0 0 0 0 0 0 0 0 0 0 0 0 0 0 0 0 0 0 0 0 0 0 0 0 0 0 0 0 0 0 0 0 0 0 0 0 0 0 0 0 0 0 0 0 0 0 0 0 0 0 0 0 0 0 0 0 0 0 0 0 0 0 0 0 0 0 0 0 0 0 0 0 0 0 0 0 0 0 0 0 0 0 0 0 0 0 0 0 0 0 0 0 0 0 0 0 0 0 0 0
0 0 0 0 0 0 0 0 0 0 0 0 0 0 0 0 0 0 0 0 0 0 0 0 0 0 0 0 0 0 0 0 0 0 0 0 0 0 0 0 0 0 0 0 0 0 0 0 0 0 0 0 0 0 0 0 0 0 0 0 0 0 0 0 0 0 0 0 0 0 0 0 0 0 0 0 0 0 0 0 0 0 0 0 0 0 0 0 0 0 0 0 0 0 0 0 0 0 0 0 0 0 0 0 0 0 0 0 0 0 0 0 0 0 0 0 0 0 0 0 0 0 0 0 0 0 0 0 0 0 0 0 0 0 0 0 0 0 0 0 0 0 0 0 0 0 0 0 0 0
0 0 0 0 0 0 0 0 0 0 0 0 0 0 0 0 0 0 0 0 0 0 0 0 0 0 0 0 0 0 0 0 0 0 0 0 0 0 0 0 0 0 0 0 0 0 0 0 0 0 0 0 0 0 0 0 0 0 0 0 0 0 0 0 0 0 0 0 0 0 0 0 0 0 0 0 0 0 0 0 0 0 0 0 0 0 0 0 0 0 0 0 0 0 0 0 0 0 0 0 0 0 0 0 0 0 0 0 0 0 0 0 0 0 0 0 0 0 0 0 0 0 0 0 0 0 0 0 0 0 0 0 0 0 0 0 0 0 0 0 0 0 0 0 0 0 0 0 0 0
0 0 0 0 0 0 0 0 0 0 0 0 0 0 0 0 0 0 0 0 0 0 0 0 0 0 0 0 0 0 0 0 0 0 0 0 0 0 0 0 0 0 0 0 0 0 0 0 0 0 0 0 0 0 0 0 0 0 0 0 0 0 0 0 0 0 0 0 0 0 0 0 0 0 0 0 0 0 0 0 0 0 0 0 0 0 0 0 0 0 0 0 0 0 0 0 0 0 0 0 0 0 0 0 0 0 0 0 0 0 0 0 0 0 0 0 0 0 0 0 0 0 0 0 0 0 0 0 0 0 0 0 0 0 0 0 0 0 0 0 0 0 0 0 0 0 0 0 0 0
0 0 0 0 0 0 0 0 0 0 0 0 0 0 0 0 0 0 0 0 0 0 0 0 0 0 0 0 0 0 0 0 0 0 0 0 0 0 0 0 0 0 0 0 0 0 0 0 0 0 0 0 0 0 0 0 0 0 0 0 0 0 0 0 0 0 0 0 0 0 0 0 0 0 0 0 0 0 0 0 0 0 0 0 0 0 0 0 0 0 0 0 0 0 0 0 0 0 0 0 0 0 0 0 0 0 0 0 0 0 0 0 0 0 0 0 0 0 0 0 0 0 0 0 0 0 0 0 0 0 0 0 0 0 0 0 0 0 0 0 0 0 0 0 0 0 0 0 0 0
0 0 0 0 0 0 0 0 0 0 0 0 0 0 0 0 0 0 0 0 0 0 0 0 0 0 0 0 0 0 0 0 0 0 0 0 0 0 0 0 0 0 0 0 0 0 0 0 0 0 0 0 0 0 0 0 0 0 0 0 0 0 0 0 0 0 0 0 0 0 0 0 0 0 0 0 0 0 0 0 0 0 0 0 0 0 0 0 0 0 0 0 0 0 0 0 0 0 0 0 0 0 0 0 0 0 0 0 0 0 0 0 0 0 0 0 0 0 0 0 0 0 0 0 0 0 0 0 0 0 0 0 0 0 0 0 0 0 0 0 0 0 0 0 0 0 0 0 0 0
0 0 0 0 0 0 0 0 0 0 0 0 0 0 0 0 0 0 0 0 0 0 0 0 0 0 0 0 0 0 0 0 0 0 0 0 0 0 0 0 0 0 0 0 0 0 0 0 0 0 0 0 0 0 0 0 0 0 0 0 0 0 0 0 0 0 0 0 0 0 0 0 0 0 0 0 0 0 0 0 0 0 0 0 0 0 0 0 0 0 0 0 0 0 0 0 0 0 0 0 0 0 0 0 0 0 0 0 0 0 0 0 0 0 0 0 0 0 0 0 0 0 0 0 0 0 0 0 0 0 0 0 0 0 0 0 0 0 0 0 0 0 0 0 0 0 0 0 0 0
0 0 0 0 0 0 0 0 0 0 0 0 0 0 0 0 0 0 0 0 0 0 0 0 0 0 0 0 0 0 0 0 0 0 0 0 0 0 0 0 0 0 0 0 0 0 0 0 0 0 0 0 0 0 0 0 0 0 0 0 0 0 0 0 0 0 0 0 0 0 0 0 0 0 0 0 0 0 0 0 0 0 0 0 0 0 0 0 0 0 0 0 0 0 0 0 0 0 0 0 0 0 0 0 0 0 0 0 0 0 0 0 0 0 0 0 0 0 0 0 0 0 0 0 0 0 0 0 0 0 0 0 0 0 0 0 0 0 0 0 0 0 0 0 0 0 0 0 0 0
0 0 0 0 0 0 0 0 0 0 0 0 0 0 0 0 0 0 0 0 0 0 0 0 0 0 0 0 0 0 0 0 0 0 0 0 0 0 0 0 0 0 0 0 0 0 0 0 0 0 0 0 0 0 0 0 0 0 0 0 0 0 0 0 0 0 0 0 0 0 0 0 0 0 0 0 0 0 0 0 0 0 0 0 0 0 0 0 0 0 0 0 0 0 0 0 0 0 0 0 0 0 0 0 0 0 0 0 0 0 0 0 0 0 0 0 0 0 0 0 0 0 0 0 0 0 0 0 0 0 0 0 0 0 0 0 0 0 0 0 0 0 0 0 0 0 0 0 0 0
0 0 0 0 0 0 0 0 0 0 0 0 0 0 0 0 0 0 0 0 0 0 0 0 0 0 0 0 0 0 0 0 0 0 0 0 0 0 0 0 0 0 0 0 0 0 0 0 0 0 0 0 0 0 0 0 0 0 0 0 0 0 0 0 0 0 0 0 0 0 0 0 0 0 0 0 0 0 0 0 0 0 0 0 0 0 0 0 0 0 0 0 0 0 0 0 0 0 0 0 0 0 0 0 0 0 0 0 0 0 0 0 0 0 0 0 0 0 0 0 0 0 0 0 0 0 0 0 0 0 0 0 0 0 0 0 0 0 0 0 0 0 0 0 0 0 0 0 0 0
0 0 0 0 0 0 0 0 0 0 0 0 0 0 0 0 0 0 0 0 0 0 0 0 0 0 0 0 0 0 0 0 0 0 0 0 0 0 0 0 0 0 0 0 0 0 0 0 0 0 0 0 0 0 0 0 0 0 0 0 0 0 0 0 0 0 0 0 0 0 0 0 0 0 0 0 0 0 0 0 0 0 0 0 0 0 0 0 0 0 0 0 0 0 0 0 0 0 0 0 0 0 0 0 0 0 0 0 0 0 0 0 0 0 0 0 0 0 0 0 0 0 0 0 0 0 0 0 0 0 0 0 0 0 0 0 0 0 0 0 0 0 0 0 0 0 0 0 0 0
0 0 0 0 0 0 0 0 0 0 0 0 0 0 0 0 0 0 0 0 0 0 0 0 0 0 0 0 0 0 0 0 0 0 0 0 0 0 0 0 0 0 0 0 0 0 0 0 0 0 0 0 0 0 0 0 0 0 0 0 0 0 0 0 0 0 0 0 0 0 0 0 0 0 0 0 0 0 0 0 0 0 0 0 0 0 0 0 0 0 0 0 0 0 0 0 0 0 0 0 0 0 0 0 0 0 0 0 0 0 0 0 0 0 0 0 0 0 0 0 0 0 0 0 0 0 0 0 0 0 0 0 0 0 0 0 0 0 0 0 0 0 0 0 0 0 0 0 0 0
0 0 0 0 0 0 0 0 0 0 0 0 0 0 0 0 0 0 0 0 0 0 0 0 0 0 0 0 0 0 0 0 0 0 0 0 0 0 0 0 0 0 0 0 0 0 0 0 0 0 0 0 0 0 0 0 0 0 0 0 0 0 0 0 0 0 0 0 0 0 0 0 0 0 0 0 0 0 0 0 0 0 0 0 0 0 0 0 0 0 0 0 0 0 0 0 0 0 0 0 0 0 0 0 0 0 0 0 0 0 0 0 0 0 0 0 0 0 0 0 0 0 0 0 0 0 0 0 0 0 0 0 0 0 0 0 0 0 0 0 0 0 0 0 0 0 0 0 0 0
0 0 0 0 0 0 0 0 0 0 0 0 0 0 0 0 0 0 0 0 0 0 0 0 0 0 0 0 0 0 0 0 0 0 0 0 0 0 0 0 0 0 0 0 0 0 0 0 0 0 0 0 0 0 0 0 0 0 0 0 0 0 0 0 0 0 0 0 0 0 0 0 0 0 0 0 0 0 0 0 0 0 0 0 0 0 0 0 0 0 0 0 0 0 0 0 0 0 0 0 0 0 0 0 0 0 0 0 0 0 0 0 0 0 0 0 0 0 0 0 0 0 0 0 0 0 0 0 0 0 0 0 0 0 0 0 0 0 0 0 0 0 0 0 0 0 0 0 0 0
0 0 0 0 0 0 0 0 0 0 0 0 0 0 0 0 0 0 0 0 0 0 0 0 0 0 0 0 0 0 0 0 0 0 0 0 0 0 0 0 0 0 0 0 0 0 0 0 0 0 0 0 0 0 0 0 0 0 0 0 0 0 0 0 0 0 0 0 0 0 0 0 0 0 0 0 0 0 0 0 0 0 0 0 0 0 0 0 0 0 0 0 0 0 0 0 0 0 0 0 0 0 0 0 0 0 0 0 0 0 0 0 0 0 0 0 0 0 0 0 0 0 0 0 0 0 0 0 0 0 0 0 0 0 0 0 0 0 0 0 0 0 0 0 0 0 0 0 0 0
0 0 0 0 0 0 0 0 0 0 0 0 0 0 0 0 0 0 0 0 0 0 0 0 0 0 0 0 0 0 0 0 0 0 0 0 0 0 0 0 0 0 0 0 0 0 0 0 0 0 0 0 0 0 0 0 0 0 0 0 0 0 0 0 0 0 0 0 0 0 0 0 0 0 0 0 0 0 0 0 0 0 0 0 0 0 0 0 0 0 0 0 0 0 0 0 0 0 0 0 0 0 0 0 0 0 0 0 0 0 0 0 0 0 0 0 0 0 0 0 0 0 0 0 0 0 0 0 0 0 0 0 0 0 0 0 0 0 0 0 0 0 0 0 0 0 0 0 0 0
0 0 0 0 0 0 0 0 0 0 0 0 0 0 0 0 0 0 0 0 0 0 0 0 0 0 0 0 0 0 0 0 0 0 0 0 0 0 0 0 0 0 0 0 0 0 0 0 0 0 0 0 0 0 0 0 0 0 0 0 0 0 0 0 0 0 0 0 0 0 0 0 0 0 0 0 0 0 0 0 0 0 0 0 0 0 0 0 0 0 0 0 0 0 0 0 0 0 0 0 0 0 0 0 0 0 0 0 0 0 0 0 0 0 0 0 0 0 0 0 0 0 0 0 0 0 0 0 0 0 0 0 0 0 0 0 0 0 0 0 0 0 0 0 0 0 0 0 0 0
0 0 0 0 0 0 0 0 0 0 0 0 0 0 0 0 0 0 0 0 0 0 0 0 0 0 0 0 0 0 0 0 0 0 0 0 0 0 0 0 0 0 0 0 0 0 0 0 0 0 0 0 0 0 0 0 0 0 0 0 0 0 0 0 0 5.17323e-06 1.2805e-05 2.7009e-05 4.85465e-05 7.43555e-05 9.70478e-05 0 0 0 0 0 0 0 0 0 0 0 0 0 0 0 0 0 0 0 0 0 0 0 0 0 0 0 0 0 0 0 0 0 0 0 0 0 0 0 0 0 0 0 0 0 0 0 0 0 0 0 0 0 0 0 0 0 0 0 0 0 0 0 0 0 0 0 0 0 0 0 0 0 0 0 0 0 0 0
0 0 0 0 0 0 0 0 0 0 0 0 0 0 0 0 0 0 0 0 0 0 0 0 0 0 0 0 0 0 0 0 0 0 0 0 0 0 0 0 0 0 0 0 0 0 0 0 0 0 0 0 0 0 0 0 0 0 0 0 0 0 0 0 0 1.92932e-05 4.77554e-05 0.000100729 0.000181051 0.000277305 0.000361934 0.000402545 0.000381511 0 0 0 0 0 0 0 0 0 0 0 0 0 0 0 0 0 0 0 0 0 0 0 0 0 0 0 0 0 0 0 0 0 0 0 0 0 0 0 0 0 0 0 0 0 0 0 0 0 0 0 0 0 0 0 0 0 0 0 0 0 0 0 0 0 0 0 0 0 0 0 0 0 0 0 0 0
0 0 0 0 0 0 0 0 0 0 0 0 0 0 0 0 0 0 0 0 0 0 0 0 0 0 0 0 0 0 0 0 0 0 0 0 0 0 0 0 0 0 0 0 0 0 0 0 0 0 0 0 0 0 0 0 0 0 0 0 0 0 0 0 0 6.13138e-05 0.000151767 0.000320119 0.000575378 0.000881281 0.00115023 0.00127927 0.00121245 0.000979203 0.000673903 0 0 0 0 0 0 0 0 0 0 0 0 0 0 0 0 0 0 0 0 0 0 0 0 0 0 0 0 0 0 0 0 0 0 0 0 0 0 0 0 0 0 0 0 0 0 0 0 0 0 0 0 0 0 0 0 0 0 0 0 0 0 0 0 0 0 0 0 0 0 0 0 0 0 0
0 0 0 0 0 0 0 0 0 0 0 0 0 0 0 0 0 0 0 0 0 0 0 0 0 0 0 0 0 0 0 0 0 0 0 0 0 0 0 0 0 0 0 0 0 0 0 0 0 0 0 0 0 0 0 0 0 0 0 0 0 0 0 0 5.71637e-05 0.000166046 0.000411006 0.000866926 0.00155821 0.00238662 0.00311498 0.0034645 0.00328347 0.00265182 0.00182502 0.00107029 0 0 0 0 0 0 0 0 0 0 0 0 0 0 0 0 0 0 0 0 0 0 0 0 0 0 0 0 0 0 0 0 0 0 0 0 0 0 0 0 0 0 0 0 0 0 0 0 0 0 0 0 0 0 0 0 0 0 0 0 0 0 0 0 0 0 0 0 0 0 0 0 0 0
0 0 0 0 0 0 0 0 0 0 0 0 0 0 0 0 0 0 0 0 0 0 0 0 0 0 0 0 0 0 0 0 0 0 0 0 0 0 0 0 0 0 0 0 0 0 0 0 0 0 0 0 0 0 0 0 0 0 0 0 0 0 0 0 0.000131918 0.00038319 0.000948488 0.00200061 0.00359592 0.00550762 0.0071885 0.00799507 0.00757736 0.00611966 0.00421161 0.00246991 0.00123433 0 0 0 0 0 0 0 0 0 0 0 0 0 0 0 0 0 0 0 0 0 0 0 0 0 0 0 0 0 0 0 0 0 0 0 0 0 0 0 0 0 0 0 0 0 0 0 0 0 0 0 0 0 0 0 0 0 0 0 0 0 0 0 0 0 0 0 0 0 0 0 0 0
0 0 0 0 0 0 0 0 0 0 0 0 0 0 0 0 0 0 0 0 0 0 0 0 0 0 0 0 0 0 0 0 0 0 0 0 0 0 0 0 0 0 0 0 0 0 0 0 0 0 0 0 0 0 0 0 0 0 0 0 0 0 0 0 0.000259417 0.000753544 0.00186521 0.00393421 0.0070714 0.0108324 0.0141396 0.0157224 0.0149009 0.0120343 0.00828216 0.0048571 0.00242732 0 0 0 0 0 0 0 0 0 0 0 0 0 0 0 0 0 0 0 0 0 0 0 0 0 0 0 0 0 0 0 0 0 0 0 0 0 0 0 0 0 0 0 0 0 0 0 0 0 0 0 0 0 0 0 0 0 0 0 0 0 0 0 0 0 0 0 0 0 0 0 0 0
0 0 0 0 0 0 0 0 0 0 0 0 0 0 0 0 0 0 0 0 0 0 0 0 0 0 0 0 0 0 0 0 0 0 0 0 0 0 0 0 0 0 0 0 0 0 0 0 0 0 0 0 0 0 0 0 0 0 0 0 0 0 0 0 0.000434718 0.0012628 0.00312588 0.00659372 0.0118525 0.0181565 0.0237028 0.0263719 0.0250086 0.0202164 0.0139342 0.00813932 0.00406756 0.00173219 0 0 0 0 0 0 0 0 0 0 0 0 0 0 0 0 0 0 0 0 0 0 0 0 0 0 0 0 0 0 0 0 0 0 0 0 0 0 0 0 0 0 0 0 0 0 0 0 0 0 0 0 0 0 0 0 0 0 0 0 0 0 0 0 0 0 0 0 0 0 0 0
0 0 0 0 0 0 0 0 0 0 0 0 0 0 0 0 0 0 0 0 0 0 0 0 0 0 0 0 0 0 0 0 0 0 0 0 0 0 0 0 0 0 0 0 0 0 0 0 0 0 0 0 0 0 0 0 0 0 0 0 0 0 0 0 0.00062084 0.00180347 0.00446466 0.00941869 0.0169337 0.0259471 0.0338879 0.0377301 0.0358192 0.0289768 0.0200167 0.0118091 0.00595746 0.00247354 0 0 0 0 0 0 0 0 0 0 0 0 0 0 0 0 0 0 0 0 0 0 0 0 0 0 0 0 0 0 0 0 0 0 0 0 0 0 0 0 0 0 0 0 0 0 0 0 0 0 0 0 0 0 0 0 0 0 0 0 0 0 0 0 0 0 0 0 0 0 0 0
0 0 0 0 0 0 0 0 0 0 0 0 0 0 0 0 0 0 0 0 0 0 0 0 0 0 0 0 0 0 0 0 0 0 0 0 0 0 0 0 0 0 0 0 0 0 0 0 0 0 0 0 0 0 0 0 0 0 0 0 0 0 0 0 0.000755672 0.00219537 0.00543559 0.0114701 0.0206304 0.0316335 0.0413588 0.0461256 0.0439041 0.0357 0.0248316 0.0147074 0.00751613 0.00331142 0.00109226 0 0 0 0 0 0 0 0 0 0 0 0 0 0 0 0 0 0 0 0 0 0 0 0 0 0 0 0 0 0 0 0 0 0 0 0 0 0 0 0 0 0 0 0 0 0 0 0 0 0 0 0 0 0 0 0 0 0 0 0 0 0 0 0 0 0 0 0 0 0 0
0 0 0 0 0 0 0 0 0 0 0 0 0 0 0 0 0 0 0 0 0 0 0 0 0 0 0 0 0 0 0 0 0 0 0 0 0 0 0 0 0 0 0 0 0 0 0 0 0 0 0 0 0 0 0 0 0 0 0 0 0 0 0 0 0.000784121 0.00227865 0.00564433 0.0119342 0.0214712 0.0329722 0.0432255 0.0484159 0.0463938 0.0381102 0.0269119 0.0164005 0.00866384 0.0038601 0.00154113 0 0 0 0 0 0 0 0 0 0 0 0 0 0 0 0 0 0 0 0 0 0 0 0 0 0 0 0 0 0 0 0 0 0 0 0 0 0 0 0 0 0 0 0 0 0 0 0 0 0 0 0 0 0 0 0 0 0 0 0 0 0 0 0 0 0 0 0 0 0 0
0 0 0 0 0 0 0 0 0 0 0 0 0 0 0 0 0 0 0 0 0 0 0 0 0 0 0 0 0 0 0 0 0 0 0 0 0 0 0 0 0 0 0 0 0 0 0 0 0 0 0 0 0 0 0 0 0 0 0 0 0 0 0 0 0.000651579 0.00229059 0.00523622 0.0107541 0.0192278 0.0295759 0.0390124 0.0441575 0.042993 0.0361385 0.026342 0.0167088 0.00926707 0.00449682 0.00177499 0.000574895 0 0 0 0 0 0 0 0 0 0 0 0 0 0 0 0 0 0 0 0 0 0 0 0 0 0 0 0 0 0 0 0 0 0 0 0 0 0 0 0 0 0 0 0 0 0 0 0 0 0 0 0 0 0 0 0 0 0 0 0 0 0 0 0 0 0 0 0 0 0
0 0 0 0 0 0 0 0 0 0 0 0 0 0 0 0 0 0 0 0 0 0 0 0 0 0 0 0 0 0 0 0 0 0 0 0 0 0 0 0 0 0 0 0 0 0 0 0 0 0 0 0 0 0 0 0 0 0 0 0 0 0 0.000384181 0.000878368 0.00171282 0.00323551 0.00556047 0.00947942 0.0156192 0.023492 0.0311573 0.0359987 0.0361866 0.0317192 0.0243071 0.0162978 0.0095459 0.00487078 0.00213159 0.000691249 0.0002328 0 0 0 0 8.54969e-05 0 0 0 0 0 0 0 0 0 0 0 0 0 0 0 0 0 0 0 0 0 0 0 0 0 0 0 0 0 0 0 0 0 0 0 0 0 0 0 0 0 0 0 0 0 0 0 0 0 0 0 0 0 0 0 0 0 0 0 0 0 0 0 0
0 0 0 0 0 0 0 0 0 0 0 0 0 0 0 0 0 0 0 0 0 0 0 0 0 0 0 0 0 0 0 0 0 0 0 0 0 0 0 0 0 0 0 0 0 0 0 0 0 0 0 0 0 0 0 0 0 0 0 0 0 0.000322611 0.000865674 0.00198264 0.00387831 0.00648708 0.00962869 0.0126623 0.0157699 0.0196324 0.0242109 0.0280247 0.0292308 0.0269376 0.0217461 0.0152972 0.00933357 0.00493957 0.00226808 0.000862202 0.000264865 0.000302975 0.000339809 0.000421597 0.00056515 0.000722719 0.000818318 0.000799328 0.000668653 0.000478051 0 0 0 0 0 0 0 0 0 0 0 0 0 0 0 0 0 0 0 0 0 0 0 0 0 0 0 0 0 0 0 0 0 0 0 0 0 0 0 0 0 0 0 0 0 0 0 0 0 0 0 0 0 0 0 0 0 0 0 0
0 0 0 0 0 0 0 0 0 0 0 0 0 0 0 0 0 0 0 0 0 0 0 0 0 0 0 0 0 0 0 0 0 0 0 0 0 0 0 0 0 0 0 0 0 0 0 0 0 0 0 0 0 0 0 0 0 0 0 0 0.000201141 0.000632446 0.00169979 0.00390958 0.00770871 0.0130619 0.0191444 0.0243691 0.0273212 0.0277219 0.0268151 0.0260988 0.0254553 0.0234631 0.0194572 0.0142 0.0090842 0.00513028 0.00259025 0.00126785 0.000785261 0.000900065 0.00118385 0.00161301 0.00220774 0.00282294 0.00319276 0.00311984 0.00261328 0.0018723 0.00114717 0.000601526 0 0 0 0 0 0 0 0 0 0 0 0 0 0 0 0 0 0 0 0 0 0 0 0 0 0 0 0 0 0 0 0 0 0 0 0 0 0 0 0 0 0 0 0 0 0 0 0 0 0 0 0 0 0 0 0 0 0
0 0 0 0 0 0 0 0 0 0 0 0 0 0 0 0 0 0 0 0 0 0 0 0 0 0 0 0 0 0 0 0 0 0 0 0 0 0 0 0 0 0 0 0 0 0 0 0 0 0 0 0 0 0 0 0 0 0 0 9.73321e-05 0.000356288 0.00111829 0.00301456 0.00699603 0.014025 0.0243808 0.0369042 0.0488201 0.0565524 0.0575982 0.0520687 0.0430523 0.0345053 0.0281188 0.0227775 0.0173964 0.0121872 0.00780303 0.00460393 0.00272515 0.0024007 0.00309004 0.00413929 0.0055541 0.00745639 0.00943972 0.0106441 0.0104032 0.00872897 0.00627103 0.00385671 0.00203229 0.000919272 0.000195252 0 0 0 0 0 0 0 0 0 0 0 0 0 0 0 0 0 0 0 0 0 0 0 0 0 0 0 0 0 0 0 0 0 0 0 0 0 0 0 0 0 0 0 0 0 0 0 0 0 0 0 0 0 0 0 0
0 0 0 0 0 0 0 0 0 0 0 0 0 0 0 0 0 0 0 0 0 0 0 0 0 0 0 0 0 0 0 0 0 0 0 0 0 0 0 0 0 0 0 0 0 0 0 0 0 0 0 0 0 0 0 0 0 0 0 0.000167988 0.00060702 0.00189539 0.00512601 0.0120525 0.0247394 0.0444735 0.0700989 0.096724 0.116533 0.122289 0.112096 0.0913002 0.0693692 0.0531031 0.0421919 0.0330558 0.0242334 0.0162828 0.0101358 0.00682723 0.00720787 0.00970119 0.0127722 0.0165796 0.0216458 0.0270317 0.0303552 0.0296729 0.0249522 0.0179896 0.0111172 0.00589606 0.00269085 0.00106248 0.000199401 0 0 0 0 0 0 0 0 0 0 0 0 0 0 0 0 0 0 0 0 0 0 0 0 0 0 0 0 0 0 0 0 0 0 0 0 0 0 0 0 0 0 0 0 0 0 0 0 0 0 0 0 0 0 0
0 0 0 0 0 0 0 0 0 0 0 0 0 0 0 0 0 0 0 0 0 0 0 0 0 0 0 0 0 0 0 0 0 0 0 0 0 0 0 0 0 0 0 0 0 0 0 0 0 0 0 0 0 0 0 0 0 0 7.36302e-05 0.000295713 0.00104215 0.00321603 0.00868328 0.0206075 0.0430954 0.0794392 0.128616 0.181988 0.2239 0.238763 0.221222 0.180995 0.137112 0.104429 0.0833558 0.0662292 0.0493512 0.0337433 0.0217909 0.0166423 0.0197989 0.026714 0.034291 0.042892 0.0541903 0.0665087 0.0742565 0.0725462 0.0611734 0.0443053 0.027552 0.0147369 0.00680768 0.00273942 0.000976916 0.00017199 0 0 0 0 0 0 0 0 0 0 0 0 0 0 0 0 0 0 0 0 0 0 0 0 0 0 0 0 0 0 0 0 0 0 0 0 0 0 0 0 0 0 0 0 0 0 0 0 0 0 0 0 0 0
0 0 0 0 0 0 0 0 0 0 0 0 0 0 0 0 0 0 0 0 0 0 0 0 0 0 0 0 0 0 0 0 0 0 0 0 0 0 0 0 0 0 0 0 0 0 0 0 0 0 0 0 0 0 0 0 0 0 0.000144243 0.000534091 0.00178546 0.00534083 0.0142305 0.0337314 0.071004 0.132261 0.216654 0.309914 0.384839 0.413636 0.385868 0.317579 0.241927 0.185866 0.150735 0.122207 0.0929367 0.0650145 0.0441405 0.0380167 0.0479138 0.0640106 0.080021 0.0964896 0.117525 0.14113 0.156322 0.152715 0.129184 0.0940945 0.0589587 0.0318951 0.0149822 0.00619203 0.00230595 0.00079794 0 0 0 0 0 0 0 0 0 0 0 0 0 0 0 0 0 0 0 0 0 0 0 0 0 0 0 0 0 0 0 0 0 0 0 0 0 0 0 0 0 0 0 0 0 0 0 0 0 0 0 0 0 0
0 0 0 0 0 0 0 0 0 0 0 0 0 0 0 0 0 0 0 0 0 0 0 0 0 0 0 0 0 0 0 0 0 0 0 0 0 0 0 0 0 0 0 0 0 0 0 0 0 0 0 0 0 0 0 0 0 8.1768e-05 0.000294634 0.000979011 0.00299454 0.0084182 0.0216305 0.0503825 0.105509 0.1968 0.32376 0.465686 0.581919 0.629964 0.592686 0.492781 0.380237 0.297516 0.247382 0.206192 0.16124 0.11663 0.0844353 0.0799819 0.10261 0.134308 0.163442 0.190171 0.22271 0.260376 0.285195 0.278177 0.236192 0.17328 0.109776 0.0602399 0.0289492 0.0124042 0.00487324 0.00179795 0.000621642 0 0 0 0 0 0 0 0 0 0 0 0 0 0 0 0 0 0 0 0 0 0 0 0 0 0 0 0 0 0 0 0 0 0 0 0 0 0 0 0 0 0 0 0 0 0 0 0 0 0 0 0 0
0 0 0 0 0 0 0 0 0 0 0 0 0 0 0 0 0 0 0 0 0 0 0 0 0 0 0 0 0 0 0 0 0 0 0 0 0 0 0 0 0 0 0 0 0 0 0 0 0 0 0 0 0 0 0 0 4.38344e-05 0.000195253 0.000623887 0.00184383 0.00503574 0.0127964 0.0304953 0.0678808 0.139208 0.258084 0.425274 0.615139 0.77511 0.848347 0.809287 0.684558 0.539556 0.433421 0.371488 0.319597 0.258533 0.19577 0.15309 0.154326 0.195302 0.248389 0.294139 0.33117 0.372933 0.422594 0.455815 0.443103 0.377691 0.279535 0.179487 0.100529 0.0497752 0.0222697 0.00926317 0.00361367 0.00130009 0 0 0 0 0 0 0 0 0 0 0 0 0 0 0 0 0 0 0 0 0 0 0 0 0 0 0 0 0 0 0 0 0 0 0 0 0 0 0 0 0 0 0 0 0 0 0 0 0 0 0 0 0
0 0 0 0 0 0 0 0 0 0 0 0 0 0 0 0 0 0 0 0 0 0 0 0 0 0 0 0 0 0 0 0 0 0 0 0 0 0 0 0 0 0 0 0 0 0 0 0 0 0 0 0 0 0 0 4.11951e-05 0.000136499 0.000473238 0.00134584 0.00353688 0.00861267 0.0195063 0.041578 0.0848596 0.16554 0.301037 0.495354 0.722042 0.921732 1.02633 1.00016 0.867732 0.703746 0.582184 0.513658 0.45597 0.38414 0.309889 0.263827 0.27354 0.333027 0.407924 0.469687 0.513968 0.558845 0.612786 0.648273 0.626546 0.535972 0.400794 0.26165 0.150209 0.0770861 0.036202 0.0158185 0.00642275 0.00236691 0.000406856 0 0 0 0 0 0 0 0 0 0 0 0 0 0 0 0 0 0 0 0 0 0 0 0 0 0 0 0 0 0 0 0 0 0 0 0 0 0 0 0 0 0 0 0 0 0 0 0 0 0 0 0
0 0 0 0 0 0 0 0 0 0 0 0 0 0 0 0 0 0 0 0 0 0 0 0 0 0 0 0 0 0 0 0 0 0 0 0 0 0 0 0 0 0 0 0 0 0 0 0 0 0 0 0 0 0 2.87081e-05 0.000111225 0.000367092 0.00112163 0.00291609 0.00686039 0.0148916 0.0300566 0.056919 0.103398 0.184594 0.321145 0.523269 0.769403 1.00018 1.14099 1.14476 1.02638 0.860099 0.729913 0.657164 0.60065 0.53293 0.466689 0.430507 0.446787 0.514055 0.600512 0.670861 0.716832 0.758275 0.807157 0.836242 0.801915 0.688113 0.520491 0.346376 0.204474 0.108893 0.0533192 0.0241264 0.0100214 0.00373391 0.00122171 0 0 0 0 0 0 0 0 0 0 0 0 0 0 0 0 0 0 0 0 0 0 0 0 0 0 0 0 0 0 0 0 0 0 0 0 0 0 0 0 0 0 0 0 0 0 0 0 0 0 0 0
0 0 0 0 0 0 0 0 0 0 0 0 0 0 0 0 0 0 0 0 0 0 0 0 0 0 0 0 0 0 0 0 0 0 0 0 0 0 0 0 0 0 0 0 0 0 0 0 0 0 0 0 0 0 6.69661e-05 0.000258476 0.000850792 0.00246239 0.0060898 0.013248 0.0259279 0.0466383 0.0785787 0.126596 0.20182 0.325782 0.517257 0.765197 1.01697 1.19642 1.24496 1.16051 1.0055 0.867211 0.786407 0.738784 0.69866 0.667823 0.654788 0.670787 0.72574 0.802531 0.867002 0.907525 0.941527 0.979924 0.996864 0.948658 0.816528 0.625059 0.424299 0.257311 0.141344 0.0711853 0.0328935 0.0137129 0.00509758 0.00166342 0 0 0 0 0 0 0 0 0 0 0 0 0 0 0 0 0 0 0 0 0 0 0 0 0 0 0 0 0 0 0 0 0 0 0 0 0 0 0 0 0 0 0 0 0 0 0 0 0 0 0 0
0 0 0 0 0 0 0 0 0 0 0 0 0 0 0 0 0 0 0 0 0 0 0 0 0 0 0 0 0 0 0 0 0 0 0 0 0 0 0 0 0 0 0 0 0 0 0 0 0 0 0 0 0 3.00796e-05 0.000135541 0.000521051 0.00170865 0.0048327 0.0116736 0.0243684 0.044589 0.072892 0.1096 0.156635 0.221757 0.325455 0.494541 0.732283 0.997994 1.21812 1.3222 1.28517 1.14848 0.997794 0.900915 0.866327 0.872017 0.89371 0.909031 0.917988 0.943003 0.988643 1.03187 1.06016 1.0848 1.1118 1.11643 1.05699 0.9131 0.706833 0.488071 0.302056 0.169048 0.0860906 0.0398206 0.0164237 0.00606882 0.00195138 0 0 0 0 0 0 0 0 0 0 0 0 0 0 0 0 0 0 0 0 0 0 0 0 0 0 0 0 0 0 0 0 0 0 0 0 0 0 0 0 0 0 0 0 0 0 0 0 0 0 0 0
0 0 0 0 0 0 0 0 0 0 0 0 0 0 0 0 0 0 0 0 0 0 0 0 0 0 0 0 0 0 0 0 0 0 0 0 0 0 0 0 0 0 0 0 0 0 0 0 0 0 0 0 0 5.40937e-05 0.000241962 0.000923937 0.0030115 0.00841106 0.0200601 0.0410581 0.0725216 0.11189 0.154269 0.19749 0.248436 0.328947 0.472859 0.69819 0.97822 1.24257 1.40714 1.42109 1.30365 1.13844 1.01945 0.990782 1.03514 1.1004 1.13736 1.13728 1.13053 1.14052 1.15895 1.17357 1.18737 1.20195 1.19546 1.12829 0.977688 0.762599 0.531851 0.332146 0.186569 0.0945331 0.0431365 0.0176136 0.00629573 0.00197938 0 0 0 0 0 0 0 0 0 0 0 0 0 0 0 0 0 0 0 0 0 0 0 0 0 0 0 0 0 0 0 0 0 0 0 0 0 0 0 0 0 0 0 0 0 0 0 0 0 0 0 0
0 0 0 0 0 0 0 0 0 0 0 0 0 0 0 0 0 0 0 0 0 0 0 0 0 0 0 0 0 0 0 0 0 0 0 0 0 0 0 0 0 0 0 0 0 0 0 0 0 0 0 0 0 8.77322e-05 0.000388442 0.0014692 0.0047465 0.0130981 0.0309642 0.0625766 0.108524 0.162507 0.213116 0.25247 0.287234 0.344701 0.46767 0.687401 0.988879 1.30164 1.52552 1.58557 1.48419 1.30567 1.16203 1.12076 1.17101 1.248 1.28976 1.28284 1.26017 1.25445 1.26488 1.27411 1.2754 1.27162 1.24995 1.17346 1.01566 0.792432 0.552281 0.343425 0.190865 0.0949507 0.0422594 0.0167768 0.00576603 0.00174496 0 0 0 0 0 0 0 0 0 0 0 0 0 0 0 0 0 0 0 0 0 0 0 0 0 0 0 0 0 0 0 0 0 0 0 0 0 0 0 0 0 0 0 0 0 0 0 0 0 0 0 0
0 0 0 0 0 0 0 0 0 0 0 0 0 0 0 0 0 0 0 0 0 0 0 0 0 0 0 0 0 0 0 0 0 0 0 0 0 0 0 0 0 0 0 0 0 0 0 0 0 0 0 0 2.53484e-05 0.000129943 0.000569121 0.00212978 0.00681065 0.0186129 0.0435204 0.0870337 0.149099 0.219607 0.280617 0.318356 0.339057 0.377009 0.486085 0.709188 1.03902 1.40134 1.67899 1.77635 1.68482 1.4924 1.32297 1.25413 1.27919 1.33483 1.36228 1.35146 1.33609 1.3475 1.37806 1.39469 1.37985 1.3457 1.29727 1.20324 1.0327 0.798576 0.549999 0.336417 0.18285 0.0884203 0.0380627 0.0145781 0.00473816 0.00143888 0 0 0 0 0 0 0 0 0 0 0 0 0 0 0 0 0 0 0 0 0 0 0 0 0 0 0 0 0 0 0 0 0 0 0 0 0 0 0 0 0 0 0 0 0 0 0 0 0 0 0 0
0 0 0 0 0 0 0 0 0 0 0 0 0 0 0 0 0 0 0 0 0 0 0 0 0 0 0 0 0 0 0 0 0 0 0 0 0 0 0 0 0 0 0 0 0 0 0 0 0 0 0 0 3.44545e-05 0.000175126 0.00076034 0.00282029 0.00893968 0.0242197 0.0561217 0.111265 0.188928 0.275503 0.347376 0.385882 0.396901 0.420621 0.520268 0.747374 1.09956 1.49898 1.81567 1.93953 1.85496 1.65284 1.46414 1.37023 1.3641 1.38604 1.38945 1.37721 1.386 1.43801 1.5069 1.53714 1.50066 1.42285 1.3334 1.21229 1.02496 0.780377 0.527287 0.314874 0.166198 0.0776586 0.0321711 0.0118279 0.00357643 0.00068773 0 0 0 0 0 0 0 0 0 0 0 0 0 0 0 0 0 0 0 0 0 0 0 0 0 0 0 0 0 0 0 0 0 0 0 0 0 0 0 0 0 0 0 0 0 0 0 0 0 0 0 0
0 0 0 0 0 0 0 0 0 0 0 0 0 0 0 0 0 0 0 0 0 0 0 0 0 0 0 0 0 0 0 0 0 0 0 0 0 0 0 0 0 0 0 0 0 0 0 0 0 0 0 0 4.17526e-05 0.000211183 0.000911995 0.00336413 0.0106036 0.0285658 0.0658047 0.129765 0.21919 0.318023 0.398848 0.439734 0.446019 0.46022 0.548801 0.766411 1.11444 1.51738 1.84494 1.9847 1.91722 1.72777 1.54199 1.43953 1.41364 1.4083 1.38986 1.37754 1.41255 1.50546 1.61007 1.65117 1.59124 1.46511 1.32707 1.17519 0.97504 0.729563 0.483124 0.281432 0.144178 0.0650746 0.025933 0.00914438 0.00255162 0.000471043 0 0 0 0 0 0 0 0 0 0 0 0 0 0 0 0 0 0 0 0 0 0 0 0 0 0 0 0 0 0 0 0 0 0 0 0 0 0 0 0 0 0 0 0 0 0 0 0 0 0 0 0
0 0 0 0 0 0 0 0 0 0 0 0 0 0 0 0 0 0 0 0 0 0 0 0 0 0 0 0 0 0 0 0 0 0 0 0 0 0 0 0 0 0 0 0 0 0 0 0 0 0 0 0 4.43458e-05 0.000223713 0.000963675 0.00354571 0.0111467 0.0299525 0.0688341 0.135397 0.228484 0.331332 0.415837 0.45939 0.466131 0.475618 0.549044 0.737527 1.04575 1.40972 1.71623 1.86625 1.83824 1.69729 1.54467 1.4508 1.4145 1.38848 1.35141 1.33592 1.38546 1.50023 1.62219 1.66642 1.58825 1.42375 1.2433 1.06648 0.865719 0.636926 0.414557 0.236606 0.118197 0.0517917 0.0199493 0.00677406 0.00175947 0.000380633 0 0 0 0 0 0 0 0 0 0 0 0 0 0 0 0 0 0 0 0 0 0 0 0 0 0 0 0 0 0 0 0 0 0 0 0 0 0 0 0 0 0 0 0 0 0 0 0 0 0 0 0
0 0 0 0 0 0 0 0 0 0 0 0 0 0 0 0 0 0 0 0 0 0 0 0 0 0 0 0 0 0 0 0 0 0 0 0 0 0 0 0 0 0 0 0 0 0 0 0 0 0 0 0 4.08628e-05 0.00020573 0.000885022 0.00325329 0.0102202 0.0274496 0.0630733 0.124391 0.210246 0.306003 0.386689 0.432005 0.4445 0.455743 0.514459 0.662811 0.908124 1.20526 1.47198 1.63377 1.66566 1.59946 1.49965 1.42372 1.37945 1.33297 1.2756 1.24914 1.29465 1.40352 1.51669 1.55264 1.46453 1.28198 1.0779 0.889662 0.70267 0.507695 0.325598 0.18298 0.0897736 0.0384269 0.014424 0.00475702 0.00104512 0.000279313 0 0 0 0 0 0 0 0 0 0 0 0 0 0 0 0 0 0 0 0 0 0 0 0 0 0 0 0 0 0 0 0 0 0 0 0 0 0 0 0 0 0 0 0 0 0 0 0 0 0 0 0
0 0 0 0 0 0 0 0 0 0 0 0 0 0 0 0 0 0 0 0 0 0 0 0 0 0 0 0 0 0 0 0 0 0 0 0 0 0 0 0 0 0 0 0 0 0 0 0 0 0 0 0 0 0.000163869 0.000702803 0.00257983 0.00810115 0.0218924 0.0507434 0.100443 0.170951 0.251623 0.32373 0.371735 0.396423 0.418477 0.470212 0.581685 0.762451 0.98923 1.21445 1.38877 1.481 1.48932 1.44511 1.39282 1.34467 1.27932 1.20136 1.15893 1.18542 1.26246 1.33919 1.35142 1.25782 1.07737 0.872285 0.687251 0.522373 0.368022 0.232052 0.12863 0.0622576 0.0262973 0.00966173 0.003122 0.000732631 0.00019946 0 0 0 0 0 0 0 0 0 0 0 0 0 0 0 0 0 0 0 0 0 0 0 0 0 0 0 0 0 0 0 0 0 0 0 0 0 0 0 0 0 0 0 0 0 0 0 0 0 0 0 0
0 0 0 0 0 0 0 0 0 0 0 0 0 0 0 0 0 0 0 0 0 0 0 0 0 0 0 0 0 0 0 0 0 0 0 0 0 0 0 0 0 0 0 0 0 0 0 0 0 0 0 0 0 0.000115432 0.000487435 0.00199781 0.00595984 0.0165221 0.0380377 0.0760477 0.132293 0.201584 0.272452 0.334346 0.385386 0.433696 0.492017 0.574312 0.69264 0.848571 1.02722 1.19896 1.32844 1.39352 1.40339 1.3855 1.34614 1.27278 1.18443 1.13477 1.14365 1.17717 1.19547 1.16432 1.05877 0.888406 0.696441 0.522439 0.376785 0.254618 0.155993 0.0848444 0.0406611 0.017259 0.00663769 0.00235975 0.000533402 0.000164848 0 0 0 0 0 0 0 0 0 0 0 0 0 0 0 0 0 0 0 0 0 0 0 0 0 0 0 0 0 0 0 0 0 0 0 0 0 0 0 0 0 0 0 0 0 0 0 0 0 0 0 0
0 0 0 0 0 0 0 0 0 0 0 0 0 0 0 0 0 0 0 0 0 0 0 0 0 0 0 0 0 0 0 0 0 0 0 0 0 0 0 0 0 0 0 0 0 0 0 0 0 0 0 0 0 7.82778e-05 0.000784198 0.00220145 0.0063578 0.0155811 0.0345407 0.0692487 0.124442 0.200306 0.291081 0.388882 0.488137 0.583475 0.665172 0.72571 0.773672 0.835793 0.936122 1.06969 1.20404 1.30746 1.37117 1.40007 1.38779 1.32793 1.2547 1.22681 1.24512 1.25254 1.21309 1.1242 0.988113 0.813629 0.626175 0.453872 0.310669 0.198354 0.115895 0.0612487 0.0295981 0.0136698 0.00652259 0.00324717 0.00190216 0.00108012 0 0 0 0 0 0 0 0 0 0 0 0 0 0 0 0 0 0 0 0 0 0 0 0 0 0 0 0 0 0 0 0 0 0 0 0 0 0 0 0 0 0 0 0 0 0 0 0 0 0 0 0
0 0 0 0 0 0 0 0 0 0 0 0 0 0 0 0 0 0 0 0 0 0 0 0 0 0 0 0 0 0 0 0 0 0 0 0 0 0 0 0 0 0 0 0 0 0 0 0 0 0 0 0 0 0.000614116 0.00164375 0.00432252 0.0101155 0.0220045 0.0448943 0.0857942 0.152137 0.248121 0.372726 0.52174 0.687343 0.849424 0.972661 1.02523 1.00628 0.956143 0.936458 0.984826 1.08722 1.20575 1.3128 1.39098 1.42169 1.40306 1.38255 1.41905 1.48916 1.51248 1.45139 1.32249 1.14971 0.94709 0.732206 0.527903 0.352686 0.216684 0.122203 0.0645747 0.0340871 0.0195764 0.0125265 0.00842488 0.0055679 0.00344979 0.00196544 0.00104666 0 0 0 0 0 0 0 0 0 0 0 0 0 0 0 0 0 0 0 0 0 0 0 0 0 0 0 0 0 0 0 0 0 0 0 0 0 0 0 0 0 0 0 0 0 0 0 0 0 0
0 0 0 0 0 0 0 0 0 0 0 0 0 0 0 0 0 0 0 0 0 0 0 0 0 0 0 0 0 0 0 0 0 0 0 0 0 0 0 0 0 0 0 0 0 0 0 0 0 0 0 0 0.000648842 0.00174223 0.00427859 0.00960288 0.0197029 0.0377638 0.0686503 0.119411 0.198611 0.313893 0.470814 0.672581 0.911135 1.15048 1.32803 1.3877 1.31891 1.16858 1.01884 0.944554 0.96958 1.06427 1.18663 1.30212 1.38337 1.43174 1.50054 1.63612 1.78889 1.86511 1.82864 1.7037 1.51925 1.2873 1.02187 0.750121 0.504424 0.310254 0.177867 0.100908 0.0617823 0.0419715 0.0303975 0.0222041 0.0153466 0.009735 0.00562366 0.00302764 0.00155762 0 0 0 0 0 0 0 0 0 0 0 0 0 0 0 0 0 0 0 0 0 0 0 0 0 0 0 0 0 0 0 0 0 0 0 0 0 0 0 0 0 0 0 0 0 0 0 0 0
0 0 0 0 0 0 0 0 0 0 0 0 0 0 0 0 0 0 0 0 0 0 0 0 0 0 0 0 0 0 0 0 0 0 0 0 0 0 0 0 0 0 0 0 0 0 0 0 0 0 0 0.000615382 0.00182759 0.00480074 0.0111075 0.0229192 0.0429214 0.0739147 0.119276 0.183901 0.274883 0.401385 0.575918 0.812647 1.10864 1.4174 1.65308 1.73563 1.64152 1.4192 1.16156 0.960921 0.872481 0.896448 0.995213 1.1256 1.25541 1.3858 1.5595 1.79518 2.02724 2.16762 2.1875 2.11004 1.95418 1.71782 1.40763 1.05938 0.727758 0.461433 0.282669 0.181037 0.126116 0.0929905 0.0703973 0.0526036 0.036924 0.0236411 0.013774 0.00747909 0.00387678 0.0019028 0 0 0 0 0 0 0 0 0 0 0 0 0 0 0 0 0 0 0 0 0 0 0 0 0 0 0 0 0 0 0 0 0 0 0 0 0 0 0 0 0 0 0 0 0 0 0 0
0 0 0 0 0 0 0 0 0 0 0 0 0 0 0 0 0 0 0 0 0 0 0 0 0 0 0 0 0 0 0 0 0 0 0 0 0 0 0 0 0 0 0 0 0 0 0 0 0 0 0.000451882 0.00153593 0.00450033 0.0115714 0.0259583 0.0515035 0.0916179 0.148136 0.221209 0.31099 0.419828 0.553958 0.728031 0.968427 1.28978 1.65039 1.94762 2.07223 1.97588 1.70008 1.34916 1.0335 0.826315 0.751953 0.794334 0.917367 1.08932 1.30119 1.56151 1.85521 2.12325 2.30521 2.38575 2.38025 2.2867 2.08008 1.75515 1.35605 0.961956 0.646755 0.441537 0.322426 0.245574 0.188327 0.144448 0.108475 0.0764599 0.0491863 0.028837 0.0157725 0.00823062 0.0040579 0 0 0 0 0 0 0 0 0 0 0 0 0 0 0 0 0 0 0 0 0 0 0 0 0 0 0 0 0 0 0 0 0 0 0 0 0 0 0 0 0 0 0 0 0 0 0 0
0 0 0 0 0 0 0 0 0 0 0 0 0 0 0 0 0 0 0 0 0 0 0 0 0 0 0 0 0 0 0 0 0 0 0 0 0 0 0 0 0 0 0 0 0 0 0 0 0 0 0.000974767 0.00329403 0.00963219 0.0242427 0.0532555 0.102826 0.176805 0.274552 0.391003 0.519621 0.656435 0.802826 0.971269 1.19699 1.52215 1.92677 2.29448 2.47542 2.38317 2.04751 1.59071 1.15427 0.835001 0.667813 0.647483 0.7546 0.963395 1.241 1.54677 1.83701 2.07591 2.24762 2.35858 2.41524 2.39212 2.24091 1.94378 1.54974 1.15647 0.853828 0.664357 0.540354 0.435213 0.340348 0.260858 0.194487 0.136524 0.0878062 0.05167 0.0284241 0.0149161 0.00738118 0.00332189 0 0 0 0 0 0 0 0 0 0 0 0 0 0 0 0 0 0 0 0 0 0 0 0 0 0 0 0 0 0 0 0 0 0 0 0 0 0 0 0 0 0 0 0 0 0 0
0 0 0 0 0 0 0 0 0 0 0 0 0 0 0 0 0 0 0 0 0 0 0 0 0 0 0 0 0 0 0 0 0 0 0 0 0 0 0 0 0 0 0 0 0 0 0 0 0 0.00045689 0.00179817 0.0060545 0.0175862 0.0438418 0.0948724 0.179467 0.30054 0.452264 0.621946 0.795388 0.962536 1.12143 1.28496 1.49707 1.82443 2.26916 2.701 2.92844 2.82928 2.42553 1.85932 1.30335 0.880378 0.637861 0.572619 0.672032 0.912516 1.23433 1.55338 1.80037 1.95803 2.0587 2.14333 2.21957 2.24634 2.15984 1.93252 1.61224 1.30154 1.08354 0.950434 0.835009 0.699779 0.554436 0.420885 0.307449 0.212224 0.13541 0.0796115 0.0439217 0.023127 0.011467 0.00516433 0 0 0 0 0 0 0 0 0 0 0 0 0 0 0 0 0 0 0 0 0 0 0 0 0 0 0 0 0 0 0 0 0 0 0 0 0 0 0 0 0 0 0 0 0 0 0
0 0 0 0 0 0 0 0 0 0 0 0 0 0 0 0 0 0 0 0 0 0 0 0 0 0 0 0 0 0 0 0 0 0 0 0 0 0 0 0 0 0 0 0 0 0 0 0 0 0.000721066 0.00283419 0.00952173 0.0275358 0.0682087 0.14606 0.272146 0.446398 0.654672 0.87476 1.08589 1.27432 1.43642 1.5876 1.78049 2.09642 2.54903 3.00069 3.23905 3.12551 2.67947 2.05122 1.4248 0.933922 0.638212 0.545681 0.647052 0.912793 1.26472 1.58992 1.794 1.85912 1.85019 1.85154 1.89375 1.93724 1.91268 1.78448 1.59086 1.42093 1.32986 1.27907 1.19264 1.0371 0.833092 0.623589 0.440372 0.2938 0.183447 0.106828 0.0587575 0.0308814 0.0152762 0.00686496 0.00271696 0 0 0 0 0 0 0 0 0 0 0 0 0 0 0 0 0 0 0 0 0 0 0 0 0 0 0 0 0 0 0 0 0 0 0 0 0 0 0 0 0 0 0 0 0 0
0 0 0 0 0 0 0 0 0 0 0 0 0 0 0 0 0 0 0 0 0 0 0 0 0 0 0 0 0 0 0 0 0 0 0 0 0 0 0 0 0 0 0 0 0 0 0 0 0 0.000971241 0.00381518 0.0128028 0.0369238 0.091103 0.193756 0.357257 0.577158 0.829643 1.08325 1.31387 1.50844 1.6624 1.78972 1.94401 2.20879 2.60437 3.00524 3.21156 3.09276 2.66534 2.06485 1.45652 0.963613 0.651146 0.545085 0.648186 0.928388 1.29939 1.6326 1.81355 1.8122 1.70212 1.60023 1.57559 1.61041 1.63825 1.61372 1.55701 1.53361 1.57408 1.62436 1.5958 1.43941 1.17458 0.868676 0.590529 0.375641 0.225842 0.128615 0.0697434 0.0361558 0.0176496 0.00785263 0.00308869 0 0 0 0 0 0 0 0 0 0 0 0 0 0 0 0 0 0 0 0 0 0 0 0 0 0 0 0 0 0 0 0 0 0 0 0 0 0 0 0 0 0 0 0 0 0
0 0 0 0 0 0 0 0 0 0 0 0 0 0 0 0 0 0 0 0 0 0 0 0 0 0 0 0 0 0 0 0 0 0 0 0 0 0 0 0 0 0 0 0 0 0 0 0 0 0.00111732 0.00438815 0.014719 0.042388 0.104367 0.221095 0.405075 0.647992 0.918901 1.18081 1.41068 1.59949 1.74075 1.83911 1.93659 2.10798 2.3835 2.67346 2.82063 2.7195 2.37816 1.89397 1.38761 0.956534 0.667312 0.563616 0.661983 0.936976 1.306 1.63678 1.80566 1.77327 1.6103 1.44337 1.36577 1.38607 1.44943 1.50424 1.55393 1.64681 1.80385 1.96242 2.00985 1.86697 1.54497 1.13619 0.751526 0.458208 0.264365 0.146037 0.0770618 0.0386307 0.0181918 0.00786387 0.0030363 0 0 0 0 0 0 0 0 0 0 0 0 0 0 0 0 0 0 0 0 0 0 0 0 0 0 0 0 0 0 0 0 0 0 0 0 0 0 0 0 0 0 0 0 0 0
0 0 0 0 0 0 0 0 0 0 0 0 0 0 0 0 0 0 0 0 0 0 0 0 0 0 0 0 0 0 0 0 0 0 0 0 0 0 0 0 0 0 0 0 0 0 0 0 0 0.00110142 0.0043248 0.014504 0.0417366 0.102675 0.217133 0.396632 0.631499 0.889772 1.13582 1.35142 1.53126 1.6634 1.73708 1.77468 1.83707 1.96861 2.12982 2.22037 2.16374 1.95214 1.63143 1.26753 0.929108 0.685392 0.59645 0.686135 0.934202 1.26993 1.57108 1.72044 1.68111 1.52123 1.35998 1.28378 1.30739 1.39147 1.49084 1.60261 1.76685 2.00264 2.24161 2.34891 2.21833 1.85232 1.36185 0.890711 0.531955 0.299974 0.162295 0.0832718 0.0398226 0.0176167 0.00716787 0.00264519 0 0 0 0 0 0 0 0 0 0 0 0 0 0 0 0 0 0 0 0 0 0 0 0 0 0 0 0 0 0 0 0 0 0 0 0 0 0 0 0 0 0 0 0 0 0
0 0 0 0 0 0 0 0 0 0 0 0 0 0 0 0 0 0 0 0 0 0 0 0 0 0 0 0 0 0 0 0 0 0 0 0 0 0 0 0 0 0 0 0 0 0 0 0 0 0.000942035 0.00369346 0.0123719 0.0355556 0.0873971 0.184671 0.337141 0.536647 0.756944 0.970562 1.16574 1.33714 1.46421 1.52166 1.51464 1.4908 1.5059 1.56768 1.62863 1.63437 1.55622 1.39095 1.15831 0.90572 0.706457 0.635547 0.721486 0.937204 1.21674 1.45739 1.56611 1.52383 1.40095 1.29928 1.27743 1.33652 1.44382 1.56251 1.69041 1.86656 2.11397 2.36826 2.48963 2.36096 1.97837 1.4572 0.952863 0.568399 0.320406 0.172975 0.0875354 0.0403596 0.0167562 0.00628609 0.00214318 0 0 0 0 0 0 0 0 0 0 0 0 0 0 0 0 0 0 0 0 0 0 0 0 0 0 0 0 0 0 0 0 0 0 0 0 0 0 0 0 0 0 0 0 0 0
0 0 0 0 0 0 0 0 0 0 0 0 0 0 0 0 0 0 0 0 0 0 0 0 0 0 0 0 0 0 0 0 0 0 0 0 0 0 0 0 0 0 0 0 0 0 0 0 0 0.000728404 0.0028372 0.00944887 0.02701 0.0661127 0.139256 0.253901 0.404777 0.574759 0.747406 0.916548 1.07383 1.19231 1.24116 1.21768 1.15874 1.12046 1.13783 1.19925 1.26266 1.2822 1.22394 1.08213 0.89216 0.727384 0.672085 0.762874 0.961165 1.18935 1.35825 1.40679 1.34544 1.25428 1.21874 1.26753 1.3803 1.51551 1.63489 1.73818 1.86867 2.059 2.26045 2.34925 2.21668 1.85552 1.36892 0.899129 0.540852 0.30841 0.167984 0.0849236 0.0385077 0.0153899 0.00541808 0.00169735 0 0 0 0 0 0 0 0 0 0 0 0 0 0 0 0 0 0 0 0 0 0 0 0 0 0 0 0 0 0 0 0 0 0 0 0 0 0 0 0 0 0 0 0 0 0
0 0 0 0 0 0 0 0 0 0 0 0 0 0 0 0 0 0 0 0 0 0 0 0 0 0 0 0 0 0 0 0 0 0 0 0 0 0 0 0 0 0 0 0 0 0 0 0 0 0.000557401 0.00213716 0.00700934 0.0197377 0.0476427 0.0991032 0.178897 0.283714 0.403874 0.531887 0.665568 0.795757 0.897534 0.945659 0.937577 0.899275 0.873205 0.895534 0.969979 1.06318 1.12595 1.11756 1.02607 0.880028 0.744274 0.69977 0.792391 0.982371 1.17847 1.29352 1.28712 1.19312 1.10328 1.09943 1.19376 1.34401 1.49183 1.5932 1.64898 1.70566 1.80456 1.91805 1.95244 1.82158 1.51763 1.1199 0.739398 0.449625 0.260072 0.143286 0.0727349 0.0328251 0.0129131 0.0044034 0.00130687 0 0 0 0 0 0 0 0 0 0 0 0 0 0 0 0 0 0 0 0 0 0 0 0 0 0 0 0 0 0 0 0 0 0 0 0 0 0 0 0 0 0 0 0 0 0
0 0 0 0 0 0 0 0 0 0 0 0 0 0 0 0 0 0 0 0 0 0 0 0 0 0 0 0 0 0 0 0 0 0 0 0 0 0 0 0 0 0 0 0 0 0 0 0 0 0.000450926 0.00169873 0.00546781 0.0150537 0.0356423 0.0724693 0.127789 0.198132 0.276844 0.360891 0.45181 0.545731 0.628399 0.686589 0.71962 0.738972 0.764359 0.817475 0.902693 0.994947 1.05497 1.05255 0.982175 0.868159 0.759028 0.718054 0.793302 0.959414 1.12831 1.2149 1.18475 1.07342 0.968372 0.952742 1.04269 1.18712 1.3169 1.38552 1.39358 1.38449 1.40107 1.43377 1.42161 1.30578 1.07956 0.795304 0.527203 0.323727 0.189638 0.105537 0.0538273 0.0242864 0.00950394 0.00320103 0.000927435 0 0 0 0 0 0 0 0 0 0 0 0 0 0 0 0 0 0 0 0 0 0 0 0 0 0 0 0 0 0 0 0 0 0 0 0 0 0 0 0 0 0 0 0 0 0
0 0 0 0 0 0 0 0 0 0 0 0 0 0 0 0 0 0 0 0 0 0 0 0 0 0 0 0 0 0 0 0 0 0 0 0 0 0 0 0 0 0 0 0 0 0 0 0 0 0 0.00134982 0.00429833 0.0116855 0.0272413 0.0543782 0.0936435 0.140879 0.18971 0.237937 0.2903 0.351906 0.422814 0.501658 0.587047 0.675168 0.763716 0.854155 0.941981 1.01024 1.03888 1.01788 0.952947 0.863823 0.779694 0.738137 0.776226 0.890648 1.02069 1.09361 1.07291 0.977226 0.868024 0.815498 0.851635 0.943318 1.02671 1.05731 1.03286 0.987004 0.955675 0.939829 0.905016 0.816039 0.667894 0.490202 0.325528 0.201255 0.118975 0.0666905 0.0341394 0.0154161 0.00602407 0.00202037 0 0 0 0 0 0 0 0 0 0 0 0 0 0 0 0 0 0 0 0 0 0 0 0 0 0 0 0 0 0 0 0 0 0 0 0 0 0 0 0 0 0 0 0 0 0 0
0 0 0 0 0 0 0 0 0 0 0 0 0 0 0 0 0 0 0 0 0 0 0 0 0 0 0 0 0 0 0 0 0 0 0 0 0 0 0 0 0 0 0 0 0 0 0 0 0 0 0.000976291 0.00309668 0.00837706 0.0193408 0.038384 0.0652471 0.096222 0.125722 0.151693 0.180126 0.223164 0.292898 0.397041 0.53406 0.689157 0.837797 0.955834 1.02857 1.05328 1.03694 0.992373 0.933558 0.872189 0.81752 0.780581 0.778592 0.824631 0.902038 0.964665 0.971427 0.914134 0.818674 0.729444 0.686509 0.694037 0.714609 0.709581 0.670385 0.61642 0.571677 0.540136 0.504471 0.445804 0.36061 0.26317 0.17456 0.108168 0.0641806 0.0360971 0.0185089 0.00836196 0.00326616 0.00109387 0 0 0 0 0 0 0 0 0 0 0 0 0 0 0 0 0 0 0 0 0 0 0 0 0 0 0 0 0 0 0 0 0 0 0 0 0 0 0 0 0 0 0 0 0 0 0
0 0 0 0 0 0 0 0 0 0 0 0 0 0 0 0 0 0 0 0 0 0 0 0 0 0 0 0 0 0 0 0 0 0 0 0 0 0 0 0 0 0 0 0 0 0 0 0 0 0 0 0.00194513 0.00525329 0.0120999 0.0239656 0.0406125 0.059584 0.0773073 0.092784 0.111833 0.14892 0.223677 0.352024 0.534375 0.745447 0.937411 1.06283 1.10226 1.07292 1.01233 0.954522 0.916167 0.895021 0.877256 0.851389 0.821116 0.807478 0.830673 0.879718 0.913552 0.896354 0.821126 0.708996 0.596708 0.515803 0.468252 0.430869 0.38737 0.341098 0.302817 0.274859 0.248905 0.215498 0.172188 0.124753 0.0823196 0.0507422 0.0299473 0.0167758 0.00858204 0.00387268 0.00151161 0 0 0 0 0 0 0 0 0 0 0 0 0 0 0 0 0 0 0 0 0 0 0 0 0 0 0 0 0 0 0 0 0 0 0 0 0 0 0 0 0 0 0 0 0 0 0 0
0 0 0 0 0 0 0 0 0 0 0 0 0 0 0 0 0 0 0 0 0 0 0 0 0 0 0 0 0 0 0 0 0 0 0 0 0 0 0 0 0 0 0 0 0 0 0 0 0 0 0 0 0.00283102 0.00651674 0.0130549 0.0222992 0.0331307 0.0441484 0.0556093 0.072407 0.108547 0.187979 0.331928 0.540928 0.781369 0.990167 1.10642 1.11081 1.03821 0.951457 0.900786 0.900317 0.927749 0.94474 0.927253 0.880308 0.831296 0.815473 0.848073 0.897222 0.908466 0.84998 0.727588 0.574407 0.431207 0.325157 0.256677 0.209839 0.173904 0.147156 0.128312 0.112787 0.0958322 0.0757396 0.054434 0.0355122 0.0214511 0.0123515 0.0067724 0.00342081 0.00153426 0.000597244 0 0 0 0 0 0 0 0 0 0 0 0 0 0 0 0 0 0 0 0 0 0 0 0 0 0 0 0 0 0 0 0 0 0 0 0 0 0 0 0 0 0 0 0 0 0 0 0
0 0 0 0 0 0 0 0 0 0 0 0 0 0 0 0 0 0 0 0 0 0 0 0 0 0 0 0 0 0 0 0 0 0 0 0 0 0 0 0 0 0 0 0 0 0 0 0 0 0 0 0 0 0.00354162 0.00694531 0.0121832 0.0186353 0.026071 0.0353007 0.0503413 0.0843782 0.161449 0.302503 0.507465 0.741298 0.938869 1.03851 1.02425 0.939777 0.859408 0.839555 0.886257 0.956541 0.9949 0.976595 0.918099 0.853386 0.81615 0.830954 0.880626 0.906715 0.862008 0.741025 0.573654 0.403352 0.26518 0.172759 0.11902 0.0886209 0.0705564 0.0591931 0.0507493 0.0424868 0.033307 0.0237401 0.0152039 0.00882979 0.00478567 0.00246776 0.00119519 0.00052443 0 0 0 0 0 0 0 0 0 0 0 0 0 0 0 0 0 0 0 0 0 0 0 0 0 0 0 0 0 0 0 0 0 0 0 0 0 0 0 0 0 0 0 0 0 0 0 0 0
0 0 0 0 0 0 0 0 0 0 0 0 0 0 0 0 0 0 0 0 0 0 0 0 0 0 0 0 0 0 0 0 0 0 0 0 0 0 0 0 0 0 0 0 0 0 0 0 0 0 0 0 0.00137939 0.00316342 0.00665013 0.0114462 0.0170881 0.0230256 0.0298012 0.0413612 0.0695451 0.133919 0.251557 0.422592 0.61755 0.781384 0.862628 0.850627 0.788357 0.746197 0.77404 0.865741 0.964887 1.0103 0.983107 0.912858 0.8399 0.789915 0.783954 0.819534 0.848331 0.817488 0.711236 0.55271 0.383624 0.240395 0.140055 0.0806661 0.0502671 0.0359256 0.0287656 0.0241481 0.0199665 0.0155171 0.0109497 0.00686433 0.0038288 0.00190724 0.000883668 0.000387465 0 0 0 0 0 0 0 0 0 0 0 0 0 0 0 0 0 0 0 0 0 0 0 0 0 0 0 0 0 0 0 0 0 0 0 0 0 0 0 0 0 0 0 0 0 0 0 0 0 0
0 0 0 0 0 0 0 0 0 0 0 0 0 0 0 0 0 0 0 0 0 0 0 0 0 0 0 0 0 0 0 0 0 0 0 0 0 0 0 0 0 0 0 0 0 0 0 0 0 0 0 0.000780146 0.00211424 0.00491584 0.00982867 0.0170961 0.0257257 0.0341959 0.0416727 0.050927 0.0711186 0.115852 0.196915 0.315543 0.452506 0.569832 0.631946 0.633773 0.611249 0.620679 0.696858 0.822468 0.937904 0.98441 0.948102 0.866143 0.784806 0.72397 0.694516 0.703426 0.722313 0.702797 0.620762 0.489162 0.34273 0.21475 0.122137 0.0649967 0.0348474 0.0215882 0.0163992 0.0136109 0.0110885 0.00844232 0.00578654 0.00354451 0.00190175 0.00089408 0.000373236 0 0 0 0 0 0 0 0 0 0 0 0 0 0 0 0 0 0 0 0 0 0 0 0 0 0 0 0 0 0 0 0 0 0 0 0 0 0 0 0 0 0 0 0 0 0 0 0 0 0 0
0 0 0 0 0 0 0 0 0 0 0 0 0 0 0 0 0 0 0 0 0 0 0 0 0 0 0 0 0 0 0 0 0 0 0 0 0 0 0 0 0 0 0 0 0 0 0 0 0 0 0.00037152 0.00118688 0.00327089 0.00779435 0.0161018 0.0289188 0.0453834 0.0625392 0.0769958 0.0884842 0.103474 0.131519 0.17698 0.239156 0.311223 0.376069 0.415296 0.428088 0.440722 0.492046 0.600604 0.743884 0.867683 0.918988 0.883658 0.796375 0.706218 0.634148 0.581885 0.557639 0.554748 0.5388 0.481804 0.385838 0.274961 0.17528 0.101242 0.0546652 0.0307873 0.0222396 0.0195853 0.0172149 0.0140084 0.0103365 0.0068386 0.00399243 0.00203591 0.00084711 0.000323906 0.000108643 0 0 0 0 0 0 0 0 0 0 0 0 0 0 0 0 0 0 0 0 0 0 0 0 0 0 0 0 0 0 0 0 0 0 0 0 0 0 0 0 0 0 0 0 0 0 0 0 0 0
0 0 0 0 0 0 0 0 0 0 0 0 0 0 0 0 0 0 0 0 0 0 0 0 0 0 0 0 0 0 0 0 0 0 0 0 0 0 0 0 0 0 0 0 0 0 0 0 0 0 0.000625553 0.00200622 0.0055817 0.0135002 0.0284331 0.0522131 0.0837343 0.117569 0.14574 0.163392 0.175047 0.191554 0.21511 0.236702 0.250616 0.258696 0.263937 0.272299 0.300987 0.371746 0.490315 0.63555 0.763295 0.826511 0.805559 0.723435 0.625865 0.540808 0.469731 0.416464 0.387574 0.366945 0.329018 0.267141 0.194016 0.126799 0.0764374 0.0467685 0.0363522 0.0355975 0.0349906 0.031471 0.0255849 0.0186315 0.0121055 0.00693961 0.00347705 0.00151206 0.000568371 0.000184636 5.22199e-05 0 0 0 0 0 0 0 0 0 0 0 0 0 0 0 0 0 0 0 0 0 0 0 0 0 0 0 0 0 0 0 0 0 0 0 0 0 0 0 0 0 0 0 0 0 0 0 0 0
0 0 0 0 0 0 0 0 0 0 0 0 0 0 0 0 0 0 0 0 0 0 0 0 0 0 0 0 0 0 0 0 0 0 0 0 0 0 0 0 0 0 0 0 0 0 0 0 0 0.000299434 0.0011041 0.0035247 0.00976681 0.0235441 0.0494609 0.0906728 0.145241 0.203777 0.252024 0.27974 0.290171 0.297219 0.305659 0.303151 0.279198 0.23919 0.200172 0.182157 0.20313 0.271298 0.382205 0.518602 0.646507 0.723721 0.723437 0.653844 0.552294 0.45386 0.369164 0.299481 0.252126 0.224359 0.198066 0.162142 0.120187 0.0817401 0.0555024 0.0470436 0.0513586 0.0569908 0.0577456 0.0523556 0.0423923 0.0306064 0.0196287 0.0111117 0.00551308 0.00238218 0.000892269 0.000288915 8.07897e-05 0 0 0 0 0 0 0 0 0 0 0 0 0 0 0 0 0 0 0 0 0 0 0 0 0 0 0 0 0 0 0 0 0 0 0 0 0 0 0 0 0 0 0 0 0 0 0 0 0
0 0 0 0 0 0 0 0 0 0 0 0 0 0 0 0 0 0 0 0 0 0 0 0 0 0 0 0 0 0 0 0 0 0 0 0 0 0 0 0 0 0 0 0 0 0 0 0 0 0.000495497 0.00182099 0.00578151 0.0158954 0.0379334 0.0787578 0.142574 0.225596 0.313171 0.384509 0.425679 0.441518 0.448531 0.448833 0.42537 0.367896 0.28747 0.207471 0.152463 0.146546 0.197103 0.290834 0.411984 0.53419 0.619594 0.636827 0.582382 0.483755 0.377921 0.28585 0.211801 0.158761 0.127585 0.107872 0.0883536 0.0674896 0.0508021 0.0466017 0.0563719 0.0710173 0.0819731 0.0842961 0.0768818 0.0622139 0.0447104 0.0285346 0.0161452 0.00807254 0.00355154 0.00136918 0.000460668 0.000134844 3.41532e-05 0 0 0 0 0 0 0 0 0 0 0 0 0 0 0 0 0 0 0 0 0 0 0 0 0 0 0 0 0 0 0 0 0 0 0 0 0 0 0 0 0 0 0 0 0 0 0 0
0 0 0 0 0 0 0 0 0 0 0 0 0 0 0 0 0 0 0 0 0 0 0 0 0 0 0 0 0 0 0 0 0 0 0 0 0 0 0 0 0 0 0 0 0 0 0 0 0 0.000730446 0.0026847 0.00850112 0.0232333 0.0549153 0.112528 0.200482 0.311721 0.425545 0.516205 0.570837 0.600978 0.624082 0.629813 0.589111 0.49366 0.367197 0.245587 0.156624 0.120659 0.147846 0.221323 0.323861 0.434123 0.518863 0.546248 0.506297 0.418222 0.315785 0.224507 0.153214 0.102994 0.0733744 0.0581305 0.0478141 0.0394183 0.0382252 0.0500721 0.0710753 0.0933462 0.109313 0.113371 0.104172 0.0851213 0.0622324 0.04095 0.0242989 0.0129427 0.00612684 0.00254974 0.000923668 0.000289193 7.78632e-05 1.79952e-05 0 0 0 0 0 0 0 0 0 0 0 0 0 0 0 0 0 0 0 0 0 0 0 0 0 0 0 0 0 0 0 0 0 0 0 0 0 0 0 0 0 0 0 0 0 0 0
0 0 0 0 0 0 0 0 0 0 0 0 0 0 0 0 0 0 0 0 0 0 0 0 0 0 0 0 0 0 0 0 0 0 0 0 0 0 0 0 0 0 0 0 0 0 0 0 0 0.000950766 0.00350577 0.011108 0.0302767 0.0710916 0.144092 0.252809 0.385671 0.515708 0.614734 0.676651 0.724712 0.774831 0.796967 0.746436 0.616759 0.445836 0.28456 0.167345 0.109868 0.117876 0.173452 0.258359 0.354612 0.433186 0.464185 0.43535 0.360383 0.268315 0.184176 0.11905 0.0745585 0.0494814 0.0386241 0.0336068 0.0329502 0.0437954 0.0681046 0.099784 0.130394 0.151172 0.156133 0.144869 0.122224 0.0947949 0.0676349 0.0438134 0.0252662 0.0127489 0.0055637 0.00208606 0.000669578 0.0001836 4.29546e-05 0 0 0 0 0 0 0 0 0 0 0 0 0 0 0 0 0 0 0 0 0 0 0 0 0 0 0 0 0 0 0 0 0 0 0 0 0 0 0 0 0 0 0 0 0 0 0
0 0 0 0 0 0 0 0 0 0 0 0 0 0 0 0 0 0 0 0 0 0 0 0 0 0 0 0 0 0 0 0 0 0 0 0 0 0 0 0 0 0 0 0 0 0 0 0 0 0.00109071 0.00404289 0.0128485 0.0350272 0.0819793 0.164944 0.285937 0.428866 0.561454 0.655 0.712675 0.771004 0.843738 0.882483 0.830382 0.6824 0.485853 0.301557 0.169119 0.102479 0.101362 0.145779 0.219248 0.306323 0.380366 0.412938 0.390979 0.325093 0.241066 0.162914 0.102896 0.0637843 0.0442371 0.0376184 0.0360156 0.0431284 0.0687606 0.111306 0.161073 0.205118 0.231708 0.235928 0.221289 0.19496 0.161552 0.123245 0.0840987 0.0502034 0.0258788 0.0114412 0.00432432 0.00139495 0.000383751 8.99738e-05 0 0 0 0 0 0 0 0 0 0 0 0 0 0 0 0 0 0 0 0 0 0 0 0 0 0 0 0 0 0 0 0 0 0 0 0 0 0 0 0 0 0 0 0 0 0 0
0 0 0 0 0 0 0 0 0 0 0 0 0 0 0 0 0 0 0 0 0 0 0 0 0 0 0 0 0 0 0 0 0 0 0 0 0 0 0 0 0 0 0 0 0 0 0 0 0 0.00109933 0.00409872 0.0130785 0.035721 0.0835405 0.167423 0.287973 0.426526 0.548453 0.625827 0.668208 0.72115 0.798513 0.844025 0.797296 0.653956 0.462074 0.282566 0.154997 0.0929672 0.0926735 0.134059 0.205985 0.294952 0.373877 0.412562 0.395414 0.330985 0.244997 0.163681 0.1022 0.0647842 0.0486638 0.0442437 0.0457116 0.0640214 0.110497 0.180005 0.257181 0.321276 0.355832 0.358516 0.339994 0.310003 0.267812 0.211154 0.147083 0.0888206 0.0460694 0.0204365 0.00773816 0.00249877 0.000687846 0.000161356 0 0 0 0 0 0 0 0 0 0 0 0 0 0 0 0 0 0 0 0 0 0 0 0 0 0 0 0 0 0 0 0 0 0 0 0 0 0 0 0 0 0 0 0 0 0 0
0 0 0 0 0 0 0 0 0 0 0 0 0 0 0 0 0 0 0 0 0 0 0 0 0 0 0 0 0 0 0 0 0 0 0 0 0 0 0 0 0 0 0 0 0 0 0 0 0 0.00096837 0.00362966 0.0116275 0.0318337 0.074494 0.149056 0.255272 0.375084 0.476087 0.532845 0.555779 0.590537 0.653271 0.693253 0.656273 0.537925 0.378752 0.230157 0.126236 0.0800339 0.0871883 0.133524 0.215545 0.320434 0.417573 0.47065 0.458242 0.387095 0.286491 0.189299 0.116451 0.0741033 0.0567372 0.0517095 0.0563967 0.088313 0.158298 0.258038 0.365691 0.451542 0.494202 0.495603 0.475569 0.445068 0.394637 0.316644 0.222713 0.135156 0.0702751 0.0312116 0.0118252 0.00381976 0.00105162 0.000246726 4.9335e-05 0 0 0 0 0 0 0 0 0 0 0 0 0 0 0 0 0 0 0 0 0 0 0 0 0 0 0 0 0 0 0 0 0 0 0 0 0 0 0 0 0 0 0 0 0 0
0 0 0 0 0 0 0 0 0 0 0 0 0 0 0 0 0 0 0 0 0 0 0 0 0 0 0 0 0 0 0 0 0 0 0 0 0 0 0 0 0 0 0 0 0 0 0 0 0 0.00074094 0.00278908 0.008964 0.0245957 0.0576152 0.115247 0.196961 0.288093 0.3626 0.399763 0.406994 0.421431 0.460427 0.487671 0.461807 0.37841 0.266094 0.16173 0.0907741 0.0650357 0.0829307 0.141173 0.242317 0.372756 0.496675 0.56914 0.561267 0.478433 0.355571 0.234401 0.142971 0.0898515 0.0666778 0.0579093 0.0640478 0.107091 0.19556 0.318536 0.448916 0.549992 0.597431 0.598588 0.581778 0.556519 0.50282 0.408039 0.288675 0.175681 0.0914679 0.0406501 0.0154056 0.00497701 0.00137033 0.000321538 6.42917e-05 0 0 0 0 0 0 0 0 0 0 0 0 0 0 0 0 0 0 0 0 0 0 0 0 0 0 0 0 0 0 0 0 0 0 0 0 0 0 0 0 0 0 0 0 0 0
0 0 0 0 0 0 0 0 0 0 0 0 0 0 0 0 0 0 0 0 0 0 0 0 0 0 0 0 0 0 0 0 0 0 0 0 0 0 0 0 0 0 0 0 0 0 0 0 0 0.000489692 0.0018491 0.0059575 0.0163751 0.0383981 0.0768218 0.131178 0.191411 0.239669 0.261338 0.260189 0.260989 0.278966 0.293387 0.277451 0.227285 0.159898 0.0978988 0.0580555 0.0505205 0.0789167 0.14972 0.268419 0.420944 0.567571 0.656607 0.653304 0.561963 0.421635 0.280537 0.172337 0.108001 0.0774739 0.0628887 0.0663357 0.112494 0.206863 0.336464 0.472189 0.575277 0.621885 0.624171 0.614956 0.599659 0.549749 0.44975 0.319451 0.194773 0.101497 0.0451248 0.0171047 0.00552639 0.00152166 0.000357055 0 0 0 0 0 0 0 0 0 0 0 0 0 0 0 0 0 0 0 0 0 0 0 0 0 0 0 0 0 0 0 0 0 0 0 0 0 0 0 0 0 0 0 0 0 0 0
0 0 0 0 0 0 0 0 0 0 0 0 0 0 0 0 0 0 0 0 0 0 0 0 0 0 0 0 0 0 0 0 0 0 0 0 0 0 0 0 0 0 0 0 0 0 0 0 0 0 0.00105324 0.00339919 0.00935515 0.0219554 0.0439399 0.0750094 0.109316 0.136446 0.147612 0.144157 0.139778 0.145115 0.150842 0.142236 0.116496 0.0821866 0.0512745 0.033761 0.0381621 0.0723937 0.147614 0.270549 0.428085 0.580759 0.676108 0.677995 0.589339 0.448342 0.303425 0.189742 0.120034 0.0846806 0.0651342 0.0625361 0.10192 0.186964 0.303542 0.42465 0.515295 0.55551 0.559698 0.559271 0.554668 0.514407 0.423377 0.301569 0.184109 0.0959956 0.0426904 0.0161842 0.00522929 0.0014399 0.000337864 0 0 0 0 0 0 0 0 0 0 0 0 0 0 0 0 0 0 0 0 0 0 0 0 0 0 0 0 0 0 0 0 0 0 0 0 0 0 0 0 0 0 0 0 0 0 0
0 0 0 0 0 0 0 0 0 0 0 0 0 0 0 0 0 0 0 0 0 0 0 0 0 0 0 0 0 0 0 0 0 0 0 0 0 0 0 0 0 0 0 0 0 0 0 0 0 0 0.0005139 0.00166048 0.00457396 0.010741 0.0215036 0.0367067 0.0534607 0.0665976 0.0716409 0.0688489 0.0645681 0.0647718 0.0662594 0.0622095 0.0509678 0.0362207 0.0235419 0.0184833 0.0278963 0.0607835 0.128667 0.238228 0.378705 0.51605 0.604361 0.611398 0.538253 0.416603 0.287938 0.183989 0.118008 0.0827962 0.0616408 0.0533156 0.0795946 0.144287 0.233744 0.326213 0.394773 0.425154 0.430778 0.436632 0.439528 0.4114 0.340127 0.242764 0.148347 0.0773816 0.0344192 0.0130495 0.00421655 0.00116108 0.000272445 0 0 0 0 0 0 0 0 0 0 0 0 0 0 0 0 0 0 0 0 0 0 0 0 0 0 0 0 0 0 0 0 0 0 0 0 0 0 0 0 0 0 0 0 0 0 0
0 0 0 0 0 0 0 0 0 0 0 0 0 0 0 0 0 0 0 0 0 0 0 0 0 0 0 0 0 0 0 0 0 0 0 0 0 0 0 0 0 0 0 0 0 0 0 0 0 0 0 0.000693201 0.00191063 0.00448867 0.00898858 0.0153443 0.0223404 0.0277948 0.0297753 0.0282429 0.0256748 0.0248011 0.0248674 0.0232167 0.0190572 0.0137779 0.00971823 0.00981951 0.0190626 0.0449916 0.0969446 0.180422 0.287819 0.394007 0.464688 0.47516 0.424781 0.335393 0.237126 0.154803 0.100564 0.070406 0.0514377 0.0407112 0.0536782 0.0950687 0.153571 0.213941 0.25847 0.278491 0.284184 0.292173 0.297966 0.280966 0.233088 0.166616 0.101881 0.0531586 0.0236483 0.00896648 0.00289734 0.000797822 0.000187207 0 0 0 0 0 0 0 0 0 0 0 0 0 0 0 0 0 0 0 0 0 0 0 0 0 0 0 0 0 0 0 0 0 0 0 0 0 0 0 0 0 0 0 0 0 0 0
0 0 0 0 0 0 0 0 0 0 0 0 0 0 0 0 0 0 0 0 0 0 0 0 0 0 0 0 0 0 0 0 0 0 0 0 0 0 0 0 0 0 0 0 0 0 0 0 0 0 0 0 0.000681187 0.00160077 0.00320618 0.00547355 0.00796766 0.00990436 0.0105771 0.0099271 0.00877504 0.00814752 0.00797591 0.00739756 0.00611052 0.00459014 0.0037397 0.00504892 0.0117119 0.0288024 0.0625993 0.116911 0.1872 0.257712 0.306638 0.317711 0.289182 0.233349 0.168765 0.11232 0.0736808 0.0514568 0.0371382 0.0275335 0.0313901 0.0534933 0.0860652 0.119733 0.144536 0.156002 0.160521 0.167357 0.172637 0.163764 0.136214 0.0974772 0.0596329 0.0311215 0.0138459 0.00525006 0.00169649 0.000467153 0 0 0 0 0 0 0 0 0 0 0 0 0 0 0 0 0 0 0 0 0 0 0 0 0 0 0 0 0 0 0 0 0 0 0 0 0 0 0 0 0 0 0 0 0 0 0 0
0 0 0 0 0 0 0 0 0 0 0 0 0 0 0 0 0 0 0 0 0 0 0 0 0 0 0 0 0 0 0 0 0 0 0 0 0 0 0 0 0 0 0 0 0 0 0 0 0 0 0 0 0.000207147 0.000486892 0.000975286 0.00166512 0.00242358 0.00301084 0.00320774 0.00298514 0.00257461 0.00229678 0.00218735 0.00201621 0.00169334 0.00137502 0.00137839 0.00243234 0.00629848 0.0158176 0.0345415 0.064726 0.104112 0.144368 0.1737 0.182852 0.169845 0.140185 0.103581 0.0700679 0.0462563 0.0321747 0.0230115 0.0163087 0.0160088 0.0257232 0.0411364 0.0571647 0.0689989 0.0746822 0.0775642 0.0819777 0.0854212 0.0814281 0.0678682 0.0486082 0.0297469 0.0155268 0.00690832 0.00261957 0.000846487 0.000233091 0 0 0 0 0 0 0 0 0 0 0 0 0 0 0 0 0 0 0 0 0 0 0 0 0 0 0 0 0 0 0 0 0 0 0 0 0 0 0 0 0 0 0 0 0 0 0 0
0 0 0 0 0 0 0 0 0 0 0 0 0 0 0 0 0 0 0 0 0 0 0 0 0 0 0 0 0 0 0 0 0 0 0 0 0 0 0 0 0 0 0 0 0 0 0 0 0 0 0 0 0 0 0.00025291 0.000431781 0.000628509 0.000780455 0.000829992 0.000766958 0.000647641 0.000555527 0.000513474 0.000471894 0.000411023 0.000382746 0.000485188 0.00105903 0.00292429 0.00742003 0.0162773 0.0306153 0.049535 0.0693264 0.0845619 0.0906612 0.0860934 0.072663 0.0547353 0.0375096 0.0248427 0.017183 0.0121908 0.00838518 0.00716314 0.0105844 0.0167401 0.023277 0.0281091 0.0305381 0.0320391 0.0343127 0.0360756 0.0345294 0.0288258 0.0206584 0.0126457 0.00660135 0.0029372 0.0011138 0.000359909 0 0 0 0 0 0 0 0 0 0 0 0 0 0 0 0 0 0 0 0 0 0 0 0 0 0 0 0 0 0 0 0 0 0 0 0 0 0 0 0 0 0 0 0 0 0 0 0 0
0 0 0 0 0 0 0 0 0 0 0 0 0 0 0 0 0 0 0 0 0 0 0 0 0 0 0 0 0 0 0 0 0 0 0 0 0 0 0 0 0 0 0 0 0 0 0 0 0 0 0 0 0 0 0 9.54524e-05 0.000138864 0.000172434 0.000183054 0.000168266 0.000139561 0.000115339 0.000102602 9.5728e-05 8.98086e-05 9.60551e-05 0.000159017 0.000385644 0.00115866 0.00297602 0.00654944 0.0123773 0.0201795 0.0285732 0.0354308 0.0387786 0.0376646 0.0324628 0.0248619 0.017207 0.0114041 0.00783173 0.0055135 0.00371677 0.00282299 0.00373634 0.00581318 0.00808244 0.00976966 0.0106619 0.0113066 0.0122652 0.0129987 0.0124844 0.0104356 0.0074826 0.0045812 0.00239167 0.00106418 0.000403551 0.000130405 0 0 0 0 0 0 0 0 0 0 0 0 0 0 0 0 0 0 0 0 0 0 0 0 0 0 0 0 0 0 0 0 0 0 0 0 0 0 0 0 0 0 0 0 0 0 0 0 0
0 0 0 0 0 0 0 0 0 0 0 0 0 0 0 0 0 0 0 0 0 0 0 0 0 0 0 0 0 0 0 0 0 0 0 0 0 0 0 0 0 0 0 0 0 0 0 0 0 0 0 0 0 0 0 0 0 0 3.42637e-05 3.15297e-05 2.57638e-05 2.05657e-05 1.76132e-05 1.66293e-05 1.83516e-05 0 3.76195e-05 0.000130742 0.000395503 0.00101887 0.00225099 0.00428072 0.00704744 0.0101229 0.0127932 0.0143147 0.0141985 0.0124835 0.0096922 0.00675644 0.00447157 0.00304524 0.00212722 0.00141512 0.00098091 0.00106244 0.00172078 0.00239275 0.00289623 0.00317724 0.00340755 0.00374233 0.00399482 0.00384806 0.00321999 0.00230971 0.00141432 0.000738356 0.000328569 0.000124594 0 0 0 0 0 0 0 0 0 0 0 0 0 0 0 0 0 0 0 0 0 0 0 0 0 0 0 0 0 0 0 0 0 0 0 0 0 0 0 0 0 0 0 0 0 0 0 0 0 0
0 0 0 0 0 0 0 0 0 0 0 0 0 0 0 0 0 0 0 0 0 0 0 0 0 0 0 0 0 0 0 0 0 0 0 0 0 0 0 0 0 0 0 0 0 0 0 0 0 0 0 0 0 0 0 0 0 0 0 0 0 0 0 0 0 0 0 3.78273e-05 0.000113478 0.00029783 0.000661383 0.00126791 0.00211311 0.00308738 0.00398483 0.00456007 0.00461696 0.00412568 0.00323832 0.00226856 0.00149716 0.00101014 0.000699495 0.00045661 0.000299189 0.000268095 0.000434162 0.00060388 0.000732234 0.000807976 0.000876708 0.000974369 0.00104693 0.00101103 0.000846756 0.00060757 0.000371997 0.000194259 0 0 0 0 0 0 0 0 0 0 0 0 0 0 0 0 0 0 0 0 0 0 0 0 0 0 0 0 0 0 0 0 0 0 0 0 0 0 0 0 0 0 0 0 0 0 0 0 0 0 0 0
0 0 0 0 0 0 0 0 0 0 0 0 0 0 0 0 0 0 0 0 0 0 0 0 0 0 0 0 0 0 0 0 0 0 0 0 0 0 0 0 0 0 0 0 0 0 0 0 0 0 0 0 0 0 0 0 0 0 0 0 0 0 0 0 0 0 0 0 0 7.17602e-05 0.00016627 0.000322043 0.000544799 0.00081168 0.0010712 0.00125282 0.0012919 0.00116509 0.00092618 0.000650853 0.000427862 0.000285848 0.000196165 0.000127649 0 5.75896e-05 9.33623e-05 0.000129918 0.000157858 0.000175307 0.000192513 0.000216424 0.000233928 0.000226409 0.000189768 0.000136099 8.33913e-05 0 0 0 0 0 0 0 0 0 0 0 0 0 0 0 0 0 0 0 0 0 0 0 0 0 0 0 0 0 0 0 0 0 0 0 0 0 0 0 0 0 0 0 0 0 0 0 0 0 0 0 0 0
0 0 0 0 0 0 0 0 0 0 0 0 0 0 0 0 0 0 0 0 0 0 0 0 0 0 0 0 0 0 0 0 0 0 0 0 0 0 0 0 0 0 0 0 0 0 0 0 0 0 0 0 0 0 0 0 0 0 0 0 0 0 0 0 0 0 0 0 0 0 0 7.02504e-05 0.000120956 0.000184107 0.00024848 0.000296511 0.000310594 0.000283188 0.000223109 0.000151084 0.000103655 6.88453e-05 4.69434e-05 0 0 0 0 0 2.90178e-05 3.24488e-05 3.60724e-05 4.10017e-05 4.45608e-05 4.32138e-05 0 0 0 0 0 0 0 0 0 0 0 0 0 0 0 0 0 0 0 0 0 0 0 0 0 0 0 0 0 0 0 0 0 0 0 0 0 0 0 0 0 0 0 0 0 0 0 0 0 0 0 0 0 0 0 0
0 0 0 0 0 0 0 0 0 0 0 0 0 0 0 0 0 0 0 0 0 0 0 0 0 0 0 0 0 0 0 0 0 0 0 0 0 0 0 0 0 0 0 0 0 0 0 0 0 0 0 0 0 0 0 0 0 0 0 0 0 0 0 0 0 0 0 0 0 0 0 0 1.52977e-05 2.73876e-05 4.17826e-05 5.43182e-05 6.01746e-05 5.68052e-05 4.5696e-05 3.13244e-05 1.82979e-05 1.41788e-05 0 0 0 0 0 0 0 0 0 0 0 0 0 0 0 0 0 0 0 0 0 0 0 0 0 0 0 0 0 0 0 0 0 0 0 0 0 0 0 0 0 0 0 0 0 0 0 0 0 0 0 0 0 0 0 0 0 0 0 0 0 0 0 0 0 0 0 0
0 0 0 0 0 0 0 0 0 0 0 0 0 0 0 0 0 0 0 0 0 0 0 0 0 0 0 0 0 0 0 0 0 0 0 0 0 0 0 0 0 0 0 0 0 0 0 0 0 0 0 0 0 0 0 0 0 0 0 0 0 0 0 0 0 0 0 0 0 0 0 0 0 0 7.50433e-06 9.75573e-06 1.08076e-05 1.02024e-05 8.20725e-06 5.62597e-06 3.28639e-06 0 0 0 0 0 0 0 0 0 0 0 0 0 0 0 0 0 0 0 0 0 0 0 0 0 0 0 0 0 0 0 0 0 0 0 0 0 0 0 0 0 0 0 0 0 0 0 0 0 0 0 0 0 0 0 0 0 0 0 0 0 0 0 0 0 0 0 0 0
0 0 0 0 0 0 0 0 0 0 0 0 0 0 0 0 0 0 0 0 0 0 0 0 0 0 0 0 0 0 0 0 0 0 0 0 0 0 0 0 0 0 0 0 0 0 0 0 0 0 0 0 0 0 0 0 0 0 0 0 0 0 0 0 0 0 0 0 0 0 0 0 0 0 0 0 0 0 0 0 0 0 0 0 0 0 0 0 0 0 0 0 0 0 0 0 0 0 0 0 0 0 0 0 0 0 0 0 0 0 0 0 0 0 0 0 0 0 0 0 0 0 0 0 0 0 0 0 0 0 0 0 0 0 0 0 0 0 0 0 0 0 0 0 0 0 0 0 0 0
0 0 0 0 0 0 0 0 0 0 0 0 0 0 0 0 0 0 0 0 0 0 0 0 0 0 0 0 0 0 0 0 0 0 0 0 0 0 0 0 0 0 0 0 0 0 0 0 0 0 0 0 0 0 0 0 0 0 0 0 0 0 0 0 0 0 0 0 0 0 0 0 0 0 0 0 0 0 0 0 0 0 0 0 0 0 0 0 0 0 0 0 0 0 0 0 0 0 0 0 0 0 0 0 0 0 0 0 0 0 0 0 0 0 0 0 0 0 0 0 0 0 0 0 0 0 0 0 0 0 0 0 0 0 0 0 0 0 0 0 0 0 0 0 0 0 0 0 0 0
0 0 0 0 0 0 0 0 0 0 0 0 0 0 0 0 0 0 0 0 0 0 0 0 0 0 0 0 0 0 0 0 0 0 0 0 0 0 0 0 0 0 0 0 0 0 0 0 0 0 0 0 0 0 0 0 0 0 0 0 0 0 0 0 0 0 0 0 0 0 0 0 0 0 0 0 0 0 0 0 0 0 0 0 0 0 0 0 0 0 0 0 0 0 0 0 0 0 0 0 0 0 0 0 0 0 0 0 0 0 0 0 0 0 0 0 0 0 0 0 0 0 0 0 0 0 0 0 0 0 0 0 0 0 0 0 0 0 0 0 0 0 0 0 0 0 0 0 0 0
0 0 0 0 0 0 0 0 0 0 0 0 0 0 0 0 0 0 0 0 0 0 0 0 0 0 0 0 0 0 0 0 0 0 0 0 0 0 0 0 0 0 0 0 0 0 0 0 0 0 0 0 0 0 0 0 0 0 0 0 0 0 0 0 0 0 0 0 0 0 0 0 0 0 0 0 0 0 0 0 0 0 0 0 0 0 0 0 0 0 0 0 0 0 0 0 0 0 0 0 0 0 0 0 0 0 0 0 0 0 0 0 0 0 0 0 0 0 0 0 0 0 0 0 0 0 0 0 0 0 0 0 0 0 0 0 0 0 0 0 0 0 0 0 0 0 0 0 0 0
0 0 0 0 0 0 0 0 0 0 0 0 0 0 0 0 0 0 0 0 0 0 0 0 0 0 0 0 0 0 0 0 0 0 0 0 0 0 0 0 0 0 0 0 0 0 0 0 0 0 0 0 0 0 0 0 0 0 0 0 0 0 0 0 0 0 0 0 0 0 0 0 0 0 0 0 0 0 0 0 0 0 0 0 0 0 0 0 0 0 0 0 0 0 0 0 0 0 0 0 0 0 0 0 0 0 0 0 0 0 0 0 0 0 0 0 0 0 0 0 0 0 0 0 0 0 0 0 0 0 0 0 0 0 0 0 0 0 0 0 0 0 0 0 0 0 0 0 0 0
0 0 0 0 0 0 0 0 0 0 0 0 0 0 0 0 0 0 0 0 0 0 0 0 0 0 0 0 0 0 0 0 0 0 0 0 0 0 0 0 0 0 0 0 0 0 0 0 0 0 0 0 0 0 0 0 0 0 0 0 0 0 0 0 0 0 0 0 0 0 0 0 0 0 0 0 0 0 0 0 0 0 0 0 0 0 0 0 0 0 0 0 0 0 0 0 0 0 0 0 0 0 0 0 0 0 0 0 0 0 0 0 0 0 0 0 0 0 0 0 0 0 0 0 0 0 0 0 0 0 0 0 0 0 0 0 0 0 0 0 0 0 0 0 0 0 0 0 0 0
0 0 0 0 0 0 0 0 0 0 0 0 0 0 0 0 0 0 0 0 0 0 0 0 0 0 0 0 0 0 0 0 0 0 0 0 0 0 0 0 0 0 0 0 0 0 0 0 0 0 0 0 0 0 0 0 0 0 0 0 0 0 0 0 0 0 0 0 0 0 0 0 0 0 0 0 0 0 0 0 0 0 0 0 0 0 0 0 0 0 0 0 0 0 0 0 0 0 0 0 0 0 0 0 0 0 0 0 0 0 0 0 0 0 0 0 0 0 0 0 0 0 0 0 0 0 0 0 0 0 0 0 0 0 0 0 0 0 0 0 0 0 0 0 0 0 0 0 0 0
0 0 0 0 0 0 0 0 0 0 0 0 0 0 0 0 0 0 0 0 0 0 0 0 0 0 0 0 0 0 0 0 0 0 0 0 0 0 0 0 0 0 0 0 0 0 0 0 0 0 0 0 0 0 0 0 0 0 0 0 0 0 0 0 0 0 0 0 0 0 0 0 0 0 0 0 0 0 0 0 0 0 0 0 0 0 0 0 0 0 0 0 0 0 0 0 0 0 0 0 0 0 0 0 0 0 0 0 0 0 0 0 0 0 0 0 0 0 0 0 0 0 0 0 0 0 0 0 0 0 0 0 0 0 0 0 0 0 0 0 0 0 0 0 0 0 0 0 0 0
0 0 0 0 0 0 0 0 0 0 0 0 0 0 0 0 0 0 0 0 0 0 0 0 0 0 0 0 0 0 0 0 0 0 0 0 0 0 0 0 0 0 0 0 0 0 0 0 0 0 0 0 0 0 0 0 0 0 0 0 0 0 0 0 0 0 0 0 0 0 0 0 0 0 0 0 0 0 0 0 0 0 0 0 0 0 0 0 0 0 0 0 0 0 0 0 0 0 0 0 0 0 0 0 0 0 0 0 0 0 0 0 0 0 0 0 0 0 0 0 0 0 0 0 0 0 0 0 0 0 0 0 0 0 0 0 0 0 0 0 0 0 0 0 0 0 0 0 0 0
0 0 0 0 0 0 0 0 0 0 0 0 0 0 0 0 0 0 0 0 0 0 0 0 0 0 0 0 0 0 0 0 0 0 0 0 0 0 0 0 0 0 0 0 0 0 0 0 0 0 0 0 0 0 0 0 0 0 0 0 0 0 0 0 0 0 0 0 0 0 0 0 0 0 0 0 0 0 0 0 0 0 0 0 0 0 0 0 0 0 0 0 0 0 0 0 0 0 0 0 0 0 0 0 0 0 0 0 0 0 0 0 0 0 0 0 0 0 0 0 0 0 0 0 0 0 0 0 0 0 0 0 0 0 0 0 0 0 0 0 0 0 0 0 0 0 0 0 0 0
0 0 0 0 0 0 0 0 0 0 0 0 0 0 0 0 0 0 0 0 0 0 0 0 0 0 0 0 0 0 0 0 0 0 0 0 0 0 0 0 0 0 0 0 0 0 0 0 0 0 0 0 0 0 0 0 0 0 0 0 0 0 0 0 0 0 0 0 0 0 0 0 0 0 0 0 0 0 0 0 0 0 0 0 0 0 0 0 0 0 0 0 0 0 0 0 0 0 0 0 0 0 0 0 0 0 0 0 0 0 0 0 0 0 0 0 0 0 0 0 0 0 0 0 0 0 0 0 0 0 0 0 0 0 0 0 0 0 0 0 0 0 0 0 0 0 0 0 0 0
0 0 0 0 0 0 0 0 0 0 0 0 0 0 0 0 0 0 0 0 0 0 0 0 0 0 0 0 0 0 0 0 0 0 0 0 0 0 0 0 0 0 0 0 0 0 0 0 0 0 0 0 0 0 0 0 0 0 0 0 0 0 0 0 0 0 0 0 0 0 0 0 0 0 0 0 0 0 0 0 0 0 0 0 0 0 0 0 0 0 0 0 0 0 0 0 0 0 0 0 0 0 0 0 0 0 0 0 0 0 0 0 0 0 0 0 0 0 0 0 0 0 0 0 0 0 0 0 0 0 0 0 0 0 0 0 0 0 0 0 0 0 0 0 0 0 0 0 0 0
0 0 0 0 0 0 0 0 0 0 0 0 0 0 0 0 0 0 0 0 0 0 0 0 0 0 0 0 0 0 0 0 0 0 0 0 0 0 0 0 0 0 0 0 0 0 0 0 0 0 0 0 0 0 0 0 0 0 0 0 0 0 0 0 0 0 0 0 0 0 0 0 0 0 0 0 0 0 0 0 0 0 0 0 0 0 0 0 0 0 0 0 0 0 0 0 0 0 0 0 0 0 0 0 0 0 0 0 0 0 0 0 0 0 0 0 0 0 0 0 0 0 0 0 0 0 0 0 0 0 0 0 0 0 0 0 0 0 0 0 0 0 0 0 0 0 0 0 0 0
0 0 0 0 0 0 0 0 0 0 0 0 0 0 0 0 0 0 0 0 0 0 0 0 0 0 0 0 0 0 0 0 0 0 0 0 0 0 0 0 0 0 0 0 0 0 0 0 0 0 0 0 0 0 0 0 0 0 0 0 0 0 0 0 0 0 0 0 0 0 0 0 0 0 0 0 0 0 0 0 0 0 0 0 0 0 0 0 0 0 0 0 0 0 0 0 0 0 0 0 0 0 0 0 0 0 0 0 0 0 0 0 0 0 0 0 0 0 0 0 0 0 0 0 0 0 0 0 0 0 0 0 0 0 0 0 0 0 0 0 0 0 0 0 0 0 0 0 0 0
0 0 0 0 0 0 0 0 0 0 0 0 0 0 0 0 0 0 0 0 0 0 0 0 0 0 0 0 0 0 0 0 0 0 0 0 0 0 0 0 0 0 0 0 0 0 0 0 0 0 0 0 0 0 0 0 0 0 0 0 0 0 0 0 0 0 0 0 0 0 0 0 0 0 0 0 0 0 0 0 0 0 0 0 0 0 0 0 0 0 0 0 0 0 0 0 0 0 0 0 0 0 0 0 0 0 0 0 0 0 0 0 0 0 0 0 0 0 0 0 0 0 0 0 0 0 0 0 0 0 0 0 0 0 0 0 0 0 0 0 0 0 0 0 0 0 0 0 0 0
0 0 0 0 0 0 0 0 0 0 0 0 0 0 0 0 0 0 0 0 0 0 0 0 0 0 0 0 0 0 0 0 0 0 0 0 0 0 0 0 0 0 0 0 0 0 0 0 0 0 0 0 0 0 0 0 0 0 0 0 0 0 0 0 0 0 0 0 0 0 0 0 0 0 0 0 0 0 0 0 0 0 0 0 0 0 0 0 0 0 0 0 0 0 0 0 0 0 0 0 0 0 0 0 0 0 0 0 0 0 0 0 0 0 0 0 0 0 0 0 0 0 0 0 0 0 0 0 0 0 0 0 0 0 0 0 0 0 0 0 0 0 0 0 0 0 0 0 0 0
0 0 0 0 0 0 0 0 0 0 0 0 0 0 0 0 0 0 0 0 0 0 0 0 0 0 0 0 0 0 0 0 0 0 0 0 0 0 0 0 0 0 0 0 0 0 0 0 0 0 0 0 0 0 0 0 0 0 0 0 0 0 0 0 0 0 0 0 0 0 0 0 0 0 0 0 0 0 0 0 0 0 0 0 0 0 0 0 0 0 0 0 0 0 0 0 0 0 0 0 0 0 0 0 0 0 0 0 0 0 0 0 0 0 0 0 0 0 0 0 0 0 0 0 0 0 0 0 0 0 0 0 0 0 0 0 0 0 0 0 0 0 0 0 0 0 0 0 0 0
0 0 0 0 0 0 0 0 0 0 0 0 0 0 0 0 0 0 0 0 0 0 0 0 0 0 0 0 0 0 0 0 0 0 0 0 0 0 0 0 0 0 0 0 0 0 0 0 0 0 0 0 0 0 0 0 0 0 0 0 0 0 0 0 0 0 0 0 0 0 0 0 0 0 0 0 0 0 0 0 0 0 0 0 0 0 0 0 0 0 0 0 0 0 0 0 0 0 0 0 0 0 0 0 0 0 0 0 0 0 0 0 0 0 0 0 0 0 0 0 0 0 0 0 0 0 0 0 0 0 0 0 0 0 0 0 0 0 0 0 0 0 0 0 0 0 0 0 0 0
0 0 0 0 0 0 0 0 0 0 0 0 0 0 0 0 0 0 0 0 0 0 0 0 0 0 0 0 0 0 0 0 0 0 0 0 0 0 0 0 0 0 0 0 0 0 0 0 0 0 0 0 0 0 0 0 0 0 0 0 0 0 0 0 0 0 0 0 0 0 0 0 0 0 0 0 0 0 0 0 0 0 0 0 0 0 0 0 0 0 0 0 0 0 0 0 0 0 0 0 0 0 0 0 0 0 0 0 0 0 0 0 0 0 0 0 0 0 0 0 0 0 0 0 0 0 0 0 0 0 0 0 0 0 0 0 0 0 0 0 0 0 0 0 0 0 0 0 0 0
0 0 0 0 0 0 0 0 0 0 0 0 0 0 0 0 0 0 0 0 0 0 0 0 0 0 0 0 0 0 0 0 0 0 0 0 0 0 0 0 0 0 0 0 0 0 0 0 0 0 0 0 0 0 0 0 0 0 0 0 0 0 0 0 0 0 0 0 0 0 0 0 0 0 0 0 0 0 0 0 0 0 0 0 0 0 0 0 0 0 0 0 0 0 0 0 0 0 0 0 0 0 0 0 0 0 0 0 0 0 0 0 0 0 0 0 0 0 0 0 0 0 0 0 0 0 0 0 0 0 0 0 0 0 0 0 0 0 0 0 0 0 0 0 0 0 0 0 0 0
0 0 0 0 0 0 0 0 0 0 0 0 0 0 0 0 0 0 0 0 0 0 0 0 0 0 0 0 0 0 0 0 0 0 0 0 0 0 0 0 0 0 0 0 0 0 0 0 0 0 0 0 0 0 0 0 0 0 0 0 0 0 0 0 0 0 0 0 0 0 0 0 0 0 0 0 0 0 0 0 0 0 0 0 0 0 0 0 0 0 0 0 0 0 0 0 0 0 0 0 0 0 0 0 0 0 0 0 0 0 0 0 0 0 0 0 0 0 0 0 0 0 0 0 0 0 0 0 0 0 0 0 0 0 0 0 0 0 0 0 0 0 0 0 0 0 0 0 0 0
0 0 0 0 0 0 0 0 0 0 0 0 0 0 0 0 0 0 0 0 0 0 0 0 0 0 0 0 0 0 0 0 0 0 0 0 0 0 0 0 0 0 0 0 0 0 0 0 0 0 0 0 0 0 0 0 0 0 0 0 0 0 0 0 0 0 0 0 0 0 0 0 0 0 0 0 0 0 0 0 0 0 0 0 0 0 0 0 0 0 0 0 0 0 0 0 0 0 0 0 0 0 0 0 0 0 0 0 0 0 0 0 0 0 0 0 0 0 0 0 0 0 0 0 0 0 0 0 0 0 0 0 0 0 0 0 0 0 0 0 0 0 0 0 0 0 0 0 0 0
0 0 0 0 0 0 0 0 0 0 0 0 0 0 0 0 0 0 0 0 0 0 0 0 0 0 0 0 0 0 0 0 0 0 0 0 0 0 0 0 0 0 0 0 0 0 0 0 0 0 0 0 0 0 0 0 0 0 0 0 0 0 0 0 0 0 0 0 0 0 0 0 0 0 0 0 0 0 0 0 0 0 0 0 0 0 0 0 0 0 0 0 0 0 0 0 0 0 0 0 0 0 0 0 0 0 0 0 0 0 0 0 0 0 0 0 0 0 0 0 0 0 0 0 0 0 0 0 0 0 0 0 0 0 0 0 0 0 0 0 0 0 0 0 0 0 0 0 0 0
0 0 0 0 0 0 0 0 0 0 0 0 0 0 0 0 0 0 0 0 0 0 0 0 0 0 0 0 0 0 0 0 0 0 0 0 0 0 0 0 0 0 0 0 0 0 0 0 0 0 0 0 0 0 0 0 0 0 0 0 0 0 0 0 0 0 0 0 0 0 0 0 0 0 0 0 0 0 0 0 0 0 0 0 0 0 0 0 0 0 0 0 0 0 0 0 0 0 0 0 0 0 0 0 0 0 0 0 0 0 0 0 0 0 0 0 0 0 0 0 0 0 0 0 0 0 0 0 0 0 0 0 0 0 0 0 0 0 0 0 0 0 0 0 0 0 0 0 0 0
0 0 0 0 0 0 0 0 0 0 0 0 0 0 0 0 0 0 0 0 0 0 0 0 0 0 0 0 0 0 0 0 0 0 0 0 0 0 0 0 0 0 0 0 0 0 0 0 0 0 0 0 0 0 0 0 0 0 0 0 0 0 0 0 0 0 0 0 0 0 0 0 0 0 0 0 0 0 0 0 0 0 0 0 0 0 0 0 0 0 0 0 0 0 0 0 0 0 0 0 0 0 0 0 0 0 0 0 0 0 0 0 0 0 0 0 0 0 0 0 0 0 0 0 0 0 0 0 0 0 0 0 0 0 0 0 0 0 0 0 0 0 0 0 0 0 0 0 0 0
0 0 0 0 0 0 0 0 0 0 0 0 0 0 0 0 0 0 0 0 0 0 0 0 0 0 0 0 0 0 0 0 0 0 0 0 0 0 0 0 0 0 0 0 0 0 0 0 0 0 0 0 0 0 0 0 0 0 0 0 0 0 0 0 0 0 0 0 0 0 0 0 0 0 0 0 0 0 0 0 0 0 0 0 0 0 0 0 0 0 0 0 0 0 0 0 0 0 0 0 0 0 0 0 0 0 0 0 0 0 0 0 0 0 0 0 0 0 0 0 0 0 0 0 0 0 0 0 0 0 0 0 0 0 0 0 0 0 0 0 0 0 0 0 0 0 0 0 0 0
0 0 0 0 0 0 0 0 0 0 0 0 0 0 0 0 0 0 0 0 0 0 0 0 0 0 0 0 0 0 0 0 0 0 0 0 0 0 0 0 0 0 0 0 0 0 0 0 0 0 0 0 0 0 0 0 0 0 0 0 0 0 0 0 0 0 0 0 0 0 0 0 0 0 0 0 0 0 0 0 0 0 0 0 0 0 0 0 0 0 0 0 0 0 0 0 0 0 0 0 0 0 0 0 0 0 0 0 0 0 0 0 0 0 0 0 0 0 0 0 0 0 0 0 0 0 0 0 0 0 0 0 0 0 0 0 0 0 0 0 0 0 0 0 0 0 0 0 0 0
0 0 0 0 0 0 0 0 0 0 0 0 0 0 0 0 0 0 0 0 0 0 0 0 0 0 0 0 0 0 0 0 0 0 0 0 0 0 0 0 0 0 0 0 0 0 0 0 0 0 0 0 0 0 0 0 0 0 0 0 0 0 0 0 0 0 0 0 0 0 0 0 0 0 0 0 0 0 0 0 0 0 0 0 0 0 0 0 0 0 0 0 0 0 0 0 0 0 0 0 0 0 0 0 0 0 0 0 0 0 0 0 0 0 0 0 0 0 0 0 0 0 0 0 0 0 0 0 0 0 0 0 0 0 0 0 0 0 0 0 0 0 0 0 0 0 0 0 0 0
0 0 0 0 0 0 0 0 0 0 0 0 0 0 0 0 0 0 0 0 0 0 0 0 0 0 0 0 0 0 0 0 0 0 0 0 0 0 0 0 0 0 0 0 0 0 0 0 0 0 0 0 0 0 0 0 0 0 0 0 0 0 0 0 0 0 0 0 0 0 0 0 0 0 0 0 0 0 0 0 0 0 0 0 0 0 0 0 0 0 0 0 0 0 0 0 0 0 0 0 0 0 0 0 0 0 0 0 0 0 0 0 0 0 0 0 0 0 0 0 0 0 0 0 0 0 0 0 0 0 0 0 0 0 0 0 0 0 0 0 0 0 0 0 0 0 0 0 0 0
0 0 0 0 0 0 0 0 0 0 0 0 0 0 0 0 0 0 0 0 0 0 0 0 0 0 0 0 0 0 0 0 0 0 0 0 0 0 0 0 0 0 0 0 0 0 0 0 0 0 0 0 0 0 0 0 0 0 0 0 0 0 0 0 0 0 0 0 0 0 0 0 0 0 0 0 0 0 0 0 0 0 0 0 0 0 0 0 0 0 0 0 0 0 0 0 0 0 0 0 0 0 0 0 0 0 0 0 0 0 0 0 0 0 0 0 0 0 0 0 0 0 0 0 0 0 0 0 0 0 0 0 0 0 0 0 0 0 0 0 0 0 0 0 0 0 0 0 0 0
0 0 0 0 0 0 0 0 0 0 0 0 0 0 0 0 0 0 0 0 0 0 0 0 0 0 0 0 0 0 0 0 0 0 0 0 0 0 0 0 0 0 0 0 0 0 0 0 0 0 0 0 0 0 0 0 0 0 0 0 0 0 0 0 0 0 0 0 0 0 0 0 0 0 0 0 0 0 0 0 0 0 0 0 0 0 0 0 0 0 0 0 0 0 0 0 0 0 0 0 0 0 0 0 0 0 0 0 0 0 0 0 0 0 0 0 0 0 0 0 0 0 0 0 0 0 0 0 0 0 0 0 0 0 0 0 0 0 0 0 0 0 0 0 0 0 0 0 0 0
0 0 0 0 0 0 0 0 0 0 0 0 0 0 0 0 0 0 0 0 0 0 0 0 0 0 0 0 0 0 0 0 0 0 0 0 0 0 0 0 0 0 0 0 0 0 0 0 0 0 0 0 0 0 0 0 0 0 0 0 0 0 0 0 0 0 0 0 0 0 0 0 0 0 0 0 0 0 0 0 0 0 0 0 0 0 0 0 0 0 0 0 0 0 0 0 0 0 0 0 0 0 0 0 0 0 0 0 0 0 0 0 0 0 0 0 0 0 0 0 0 0 0 0 0 0 0 0 0 0 0 0 0 0 0 0 0 0 0 0 0 0 0 0 0 0 0 0 0 0
0 0 0 0 0 0 0 0 0 0 0 0 0 0 0 0 0 0 0 0 0 0 0 0 0 0 0 0 0 0 0 0 0 0 0 0 0 0 0 0 0 0 0 0 0 0 0 0 0 0 0 0 0 0 0 0 0 0 0 0 0 0 0 0 0 0 0 0 0 0 0 0 0 0 0 0 0 0 0 0 0 0 0 0 0 0 0 0 0 0 0 0 0 0 0 0 0 0 0 0 0 0 0 0 0 0 0 0 0 0 0 0 0 0 0 0 0 0 0 0 0 0 0 0 0 0 0 0 0 0 0 0 0 0 0 0 0 0 0 0 0 0 0 0 0 0 0 0 0 0
