0 0 0 0 0 0 0 0 0 0 0 0 0 0 0 0 0 0 0 0 0 0 0 0 0 0 0 0 0 0 0 0 0 0 0 0 0 0 0 0 0 0 0 0 0 0 0 0 0 0 0 0 0 0 0 0 0 0 0 0 0 0 0 0 0 0 0 0 0 0 0 0 0 0 0 0 0 0 0 0 0 0 0 0 0 0 0 0 0 0 0 0 0 0 0 0 0 0 0 0 0 0 0 0 0 0 0 0 0 0 0 0 0 0 0 0 0 0 0 0 0 0 0 0 0 0 0 0 0 0 0 0 0 0 0 0 0 0 0 0 0 0 0 0 0 0 0 0 0 0
0 0 0 0 0 0 0 0 0 0 0 0 0 0 0 0 0 0 0 0 0 0 0 0 0 0 0 0 0 0 0 0 0 0 0 0 0 0 0 0 0 0 0 0 0 0 0 0 0 0 0 0 0 0 0 0 0 0 0 0 0 0 0 0 0 0 0 0 0 0 0 0 0 0 0 0 0 0 0 0 0 0 0 0 0 0 0 0 0 0 0 0 0 0 0 0 0 0 0 0 0 0 0 0 0 0 0 0 0 0 0 0 0 0 0 0 0 0 0 0 0 0 0 0 0 0 0 0 0 0 0 0 0 0 0 0 0 0 0 0 0 0 0 0 0 0 0 0 0 0
0 0 0 0 0 0 0 0 0 0 0 0 0 0 0 0 0 0 0 0 0 0 0 0 0 0 0 0 0 0 0 0 0 0 0 0 0 0 0 0 0 0 0 0 0 0 0 0 0 0 0 0 0 0 0 0 0 0 0 0 0 0 0 0 0 0 0 0 0 0 0 0 0 0 0 0 0 0 0 0 0 0 0 0 0 0 0 0 0 0 0 0 0 0 0 0 0 0 0 0 0 0 0 0 0 0 0 0 0 0 0 0 0 0 0 0 0 0 0 0 0 0 0 0 0 0 0 0 0 0 0 0 0 0 0 0 0 0 0 0 0 0 0 0 0 0 0 0 0 0
0 0 0 0 0 0 0 0 0 0 0 0 0 0 0 0 0 0 0 0 0 0 0 0 0 0 0 0 0 0 0 0 0 0 0 0 0 0 0 0 0 0 0 0 0 0 0 0 0 0 0 0 0 0 0 0 0 0 0 0 0 0 0 0 0 0 0 0 0 0 0 0 0 0 0 0 0 0 0 0 0 0 0 0 0 0 0 0 0 0 0 0 0 0 0 0 0 0 0 0 0 0 0 0 0 0 0 0 0 0 0 0 0 0 0 0 0 0 0 0 0 0 0 0 0 0 0 0 0 0 0 0 0 0 0 0 0 0 0 0 0 0 0 0 0 0 0 0 0 0
0 0 0 0 0 0 0 0 0 0 0 0 0 0 0 0 0 0 0 0 0 0 0 0 0 0 0 0 0 0 0 0 0 0 0 0 0 0 0 0 0 0 0 0 0 0 0 0 0 0 0 0 0 0 0 0 0 0 0 0 0 0 0 0 0 0 0 0 0 0 0 0 0 0 0 0 0 0 0 0 0 0 0 0 0 0 0 0 0 0 0 0 0 0 0 0 0 0 0 0 0 0 0 0 0 0 0 0 0 0 0 0 0 0 0 0 0 0 0 0 0 0 0 0 0 0 0 0 0 0 0 0 0 0 0 0 0 0 0 0 0 0 0 0 0 0 0 0 0 0
0 0 0 0 0 0 0 0 0 0 0 0 0 0 0 0 0 0 0 0 0 0 0 0 0 0 0 0 0 0 0 0 0 0 0 0 0 0 0 0 0 0 0 0 0 0 0 0 0 0 0 0 0 0 0 0 0 0 0 0 0 0 0 0 0 0 0 0 0 0 0 0 0 0 0 0 0 0 0 0 0 0 0 0 0 0 0 0 0 0 0 0 0 0 0 0 0 0 0 0 0 0 0 0 0 0 0 0 0 0 0 0 0 0 0 0 0 0 0 0 0 0 0 0 0 0 0 0 0 0 0 0 0 0 0 0 0 0 0 0 0 0 0 0 0 0 0 0 0 0
0 0 0 0 0 0 0 0 0 0 0 0 0 0 0 0 0 0 0 0 0 0 0 0 0 0 0 0 0 0 0 0 0 0 0 0 0 0 0 0 0 0 0 0 0 0 0 0 0 0 0 0 0 0 0 0 0 0 0 0 0 0 0 0 0 0 0 0 0 0 0 0 0 0 0 0 0 0 0 0 0 0 0 0 0 0 0 0 0 0 0 0 0 0 0 0 0 0 0 0 0 0 0 0 0 0 0 0 0 0 0 0 0 0 0 0 0 0 0 0 0 0 0 0 0 0 0 0 0 0 0 0 0 0 0 0 0 0 0 0 0 0 0 0 0 0 0 0 0 0
0 0 0 0 0 0 0 0 0 0 0 0 0 0 0 0 0 0 0 0 0 0 0 0 0 0 0 0 0 0 0 0 0 0 0 0 0 0 0 0 0 0 0 0 0 0 0 0 0 0 0 0 0 0 0 0 0 0 0 0 0 0 0 0 0 0 0 0 0 0 0 0 0 0 0 0 0 0 0 0 0 0 0 0 0 0 0 0 0 0 0 0 0 0 0 0 0 0 0 0 0 0 0 0 0 0 0 0 0 0 0 0 0 0 0 0 0 0 0 0 0 0 0 0 0 0 0 0 0 0 0 0 0 0 0 0 0 0 0 0 0 0 0 0 0 0 0 0 0 0
0 0 0 0 0 0 0 0 0 0 0 0 0 0 0 0 0 0 0 0 0 0 0 0 0 0 0 0 0 0 0 0 0 0 0 0 0 0 0 0 0 0 0 0 0 0 0 0 0 0 0 0 0 0 0 0 0 0 0 0 0 0 0 0 0 0 0 0 0 0 0 0 0 0 0 0 0 0 0 0 0 0 0 0 0 0 0 0 0 0 0 0 0 0 0 0 0 0 0 0 0 0 0 0 0 0 0 0 0 0 0 0 0 0 0 0 0 0 0 0 0 0 0 0 0 0 0 0 0 0 0 0 0 0 0 0 0 0 0 0 0 0 0 0 0 0 0 0 0 0
0 0 0 0 0 0 0 0 0 0 0 0 0 0 0 0 0 0 0 0 0 0 0 0 0 0 0 0 0 0 0 0 0 0 0 0 0 0 0 0 0 0 0 0 0 0 0 0 0 0 0 0 0 0 0 0 0 0 0 0 0 0 0 0 0 0 0 0 0 0 0 0 0 0 0 0 0 0 0 0 0 0 0 0 0 0 0 0 0 0 0 0 0 0 0 0 0 0 0 0 0 0 0 0 0 0 0 0 0 0 0 0 0 0 0 0 0 0 0 0 0 0 0 0 0 0 0 0 0 0 0 0 0 0 0 0 0 0 0 0 0 0 0 0 0 0 0 0 0 0
0 0 0 0 0 0 0 0 0 0 0 0 0 0 0 0 0 0 0 0 0 0 0 0 0 0 0 0 0 0 0 0 0 0 0 0 0 0 0 0 0 0 0 0 0 0 0 0 0 0 0 0 0 0 0 0 0 0 0 0 0 0 0 0 0 0 0 0 0 0 0 0 0 0 0 0 0 0 0 0 0 0 0 0 0 0 0 0 0 0 0 0 0 0 0 0 0 0 0 0 0 0 0 0 0 0 0 0 0 0 0 0 0 0 0 0 0 0 0 0 0 0 0 0 0 0 0 0 0 0 0 0 0 0 0 0 0 0 0 0 0 0 0 0 0 0 0 0 0 0
0 0 0 0 0 0 0 0 0 0 0 0 0 0 0 0 0 0 0 0 0 0 0 0 0 0 0 0 0 0 0 0 0 0 0 0 0 0 0 0 0 0 0 0 0 0 0 0 0 0 0 0 0 0 0 0 0 0 0 0 0 0 0 0 0 0 0 0 0 0 0 0 0 0 0 0 0 0 0 0 0 0 0 0 0 0 0 0 0 0 0 0 0 0 0 0 0 0 0 0 0 0 0 0 0 0 0 0 0 0 0 0 0 0 0 0 0 0 0 0 0 0 0 0 0 0 0 0 0 0 0 0 0 0 0 0 0 0 0 0 0 0 0 0 0 0 0 0 0 0
0 0 0 0 0 0 0 0 0 0 0 0 0 0 0 0 0 0 0 0 0 0 0 0 0 0 0 0 0 0 0 0 0 0 0 0 0 0 0 0 0 0 0 0 0 0 0 0 0 0 0 0 0 0 0 0 0 0 0 0 0 0 0 0 0 0 0 0 0 0 0 0 0 0 0 0 0 0 0 0 0 0 0 0 0 0 0 0 0 0 0 0 0 0 0 0 0 0 0 0 0 0 0 0 0 0 0 0 0 0 0 0 0 0 0 0 0 0 0 0 0 0 0 0 0 0 0 0 0 0 0 0 0 0 0 0 0 0 0 0 0 0 0 0 0 0 0 0 0 0
0 0 0 0 0 0 0 0 0 0 0 0 0 0 0 0 0 0 0 0 0 0 0 0 0 0 0 0 0 0 0 0 0 0 0 0 0 0 0 0 0 0 0 0 0 0 0 0 0 0 0 0 0 0 0 0 0 0 0 0 0 0 0 0 0 0 0 0 0 0 0 0 0 0 0 0 0 0 0 0 0 0 0 0 0 0 0 0 0 0 0 0 0 0 0 0 0 0 0 0 0 0 0 0 0 0 0 0 0 0 0 0 0 0 0 0 0 0 0 0 0 0 0 0 0 0 0 0 0 0 0 0 0 0 0 0 0 0 0 0 0 0 0 0 0 0 0 0 0 0
0 0 0 0 0 0 0 0 0 0 0 0 0 0 0 0 0 0 0 0 0 0 0 0 0 0 0 0 0 0 0 0 0 0 0 0 0 0 0 0 0 0 0 0 0 0 0 0 0 0 0 0 0 0 0 0 0 0 0 0 0 0 0 0 0 0 0 0 0 0 0 0 0 0 0 0 0 0 0 0 0 0 0 0 0 0 0 0 0 0 0 0 0 0 0 0 0 0 0 0 0 0 0 0 0 0 0 0 0 0 0 0 0 0 0 0 0 0 0 0 0 0 0 0 0 0 0 0 0 0 0 0 0 0 0 0 0 0 0 0 0 0 0 0 0 0 0 0 0 0
0 0 0 0 0 0 0 0 0 0 0 0 0 0 0 0 0 0 0 0 0 0 0 0 0 0 0 0 0 0 0 0 0 0 0 0 0 0 0 0 0 0 0 0 0 0 0 0 0 0 0 0 0 0 0 0 0 0 0 0 0 0 0 0 0 0 0 0 0 0 0 0 0 0 0 0 0 0 0 0 0 0 0 0 0 0 0 0 0 0 0 0 0 0 0 0 0 0 0 0 0 0 0 0 0 0 0 0 0 0 0 0 0 0 0 0 0 0 0 0 0 0 0 0 0 0 0 0 0 0 0 0 0 0 0 0 0 0 0 0 0 0 0 0 0 0 0 0 0 0
0 0 0 0 0 0 0 0 0 0 0 0 0 0 0 0 0 0 0 0 0 0 0 0 0 0 0 0 0 0 0 0 0 0 0 0 0 0 0 0 0 0 0 0 0 0 0 0 0 0 0 0 0 0 0 0 0 0 0 0 0 0 0 0 0 0 0 0 0 0 0 0 0 0 0 0 0 0 0 0 0 0 0 0 0 0 0 0 0 0 0 0 0 0 0 0 0 0 0 0 0 0 0 0 0 0 0 0 0 0 0 0 0 0 0 0 0 0 0 0 0 0 0 0 0 0 0 0 0 0 0 0 0 0 0 0 0 0 0 0 0 0 0 0 0 0 0 0 0 0
0 0 0 0 0 0 0 0 0 0 0 0 0 0 0 0 0 0 0 0 0 0 0 0 0 0 0 0 0 0 0 0 0 0 0 0 0 0 0 0 0 0 0 0 0 0 0 0 0 0 0 0 0 0 0 0 0 0 0 0 0 0 0 0 0 0 0 0 0 0 0 0 0 0 0 0 0 0 0 0 0 0 0 0 0 0 0 0 0 0 0 0 0 0 0 0 0 0 0 0 0 0 0 0 0 0 0 0 0 0 0 0 0 0 0 0 0 0 0 0 0 0 0 0 0 0 0 0 0 0 0 0 0 0 0 0 0 0 0 0 0 0 0 0 0 0 0 0 0 0
0 0 0 0 0 0 0 0 0 0 0 0 0 0 0 0 0 0 0 0 0 0 0 0 0 0 0 0 0 0 0 0 0 0 0 0 0 0 0 0 0 0 0 0 0 0 0 0 0 0 0 0 0 0 0 0 0 0 0 0 0 0 0 0 0 0 0 0 0 0 0 0 0 0 0 0 0 0 0 0 0 0 0 0 0 0 0 0 0 0 0 0 0 0 0 0 0 0 0 0 0 0 0 0 0 0 0 0 0 0 0 0 0 0 0 0 0 0 0 0 0 0 0 0 0 0 0 0 0 0 0 0 0 0 0 0 0 0 0 0 0 0 0 0 0 0 0 0 0 0
0 0 0 0 0 0 0 0 0 0 0 0 0 0 0 0 0 0 0 0 0 0 0 0 0 0 0 0 0 0 0 0 0 0 0 0 0 0 0 0 0 0 0 0 0 0 0 0 0 0 0 0 0 0 0 0 0 0 0 0 0 0 0 0 0 0 0 0 0 0 0 0 0 0 0 0 0 0 0 0 0 0 0 0 0 0 0 0 0 0 0 0 0 0 0 0 0 0 0 0 0 0 0 0 0 0 0 0 0 0 0 0 0 0 0 0 0 0 0 0 0 0 0 0 0 0 0 0 0 0 0 0 0 0 0 0 0 0 0 0 0 0 0 0 0 0 0 0 0 0
0 0 0 0 0 0 0 0 0 0 0 0 0 0 0 0 0 0 0 0 0 0 0 0 0 0 0 0 0 0 0 0 0 0 0 0 0 0 0 0 0 0 0 0 0 0 0 0 0 0 0 0 0 0 0 0 0 0 0 0 0 0 0 0 0 0 0 0 0 0 0 0 0 0 0 0 0 0 0 0 0 0 0 0 0 0 0 0 0 0 0 0 0 0 0 0 0 0 0 0 0 0 0 0 0 0 0 0 0 0 0 0 0 0 0 0 0 0 0 0 0 0 0 0 0 0 0 0 0 0 0 0 0 0 0 0 0 0 0 0 0 0 0 0 0 0 0 0 0 0
0 0 0 0 0 0 0 0 0 0 0 0 0 0 0 0 0 0 0 0 0 0 0 0 0 0 0 0 0 0 0 0 0 0 0 0 0 0 0 0 0 0 0 0 0 0 0 0 0 0 0 0 0 0 0 0 0 0 0 0 0 0 0 0 0 0 0 0 0 0 0 0 0 0 0 0 0 0 0 0 0 0 0 0 0 0 0 0 0 0 0 0 0 0 0 0 0 0 0 0 0 0 0 0 0 0 0 0 0 0 0 0 0 0 0 0 0 0 0 0 0 0 0 0 0 0 0 0 0 0 0 0 0 0 0 0 0 0 0 0 0 0 0 0 0 0 0 0 0 0
0 0 0 0 0 0 0 0 0 0 0 0 0 0 0 0 0 0 0 0 0 0 0 0 0 0 0 0 0 0 0 0 0 0 0 0 0 0 0 0 0 0 0 0 0 0 0 0 0 0 0 0 0 0 0 0 0 0 0 0 0 0 0 0 0 0 0 0 0 0 0 0 0 0 0 0 0 0 0 0 0 0 0 0 0 0 0 0 0 0 0 0 0 0 0 0 0 0 0 0 0 0 0 0 0 0 0 0 0 0 0 0 0 0 0 0 0 0 0 0 0 0 0 0 0 0 0 0 0 0 0 0 0 0 0 0 0 0 0 0 0 0 0 0 0 0 0 0 0 0
0 0 0 0 0 0 0 0 0 0 0 0 0 0 0 0 0 0 0 0 0 0 0 0 0 0 0 0 0 0 0 0 0 0 0 0 0 0 0 0 0 0 0 0 0 0 0 0 0 0 0 0 0 0 0 0 0 0 0 0 0 0 0 0 0 0 0 0 0 0 0 0 0 0 0 0 0 0 0 0 0 0 0 0 0 0 0 0 0 0 0 0 0 0 0 0 0 0 0 0 0 0 0 0 0 0 0 0 0 0 0 0 0 0 0 0 0 0 0 0 0 0 0 0 0 0 0 0 0 0 0 0 0 0 0 0 0 0 0 0 0 0 0 0 0 0 0 0 0 0
0 0 0 0 0 0 0 0 0 0 0 0 0 0 0 0 0 0 0 0 0 0 0 0 0 0 0 0 0 0 0 0 0 0 0 0 0 0 0 0 0 0 0 0 0 0 0 0 0 0 0 0 0 0 0 0 0 0 0 0 0 0 0 0 0 0 0 0 0 0 0 0 0 0 0 0 0 0 0 0 0 0 0 0 0 0 0 0 0 0 0 0 0 0 0 0 0 0 0 0 0 0 0 0 0 0 0 0 0 0 0 0 0 0 0 0 0 0 0 0 0 0 0 0 0 0 0 0 0 0 0 0 0 0 0 0 0 0 0 0 0 0 0 0 0 0 0 0 0 0
0 0 0 0 0 0 0 0 0 0 0 0 0 0 0 0 0 0 0 0 0 0 0 0 0 0 0 0 0 0 0 0 0 0 0 0 0 0 0 0 0 0 0 0 0 0 0 0 0 0 0 0 0 0 0 0 0 0 0 0 0 0 0 0 0 0 0 0 0 0 0 0 0 0 0 0 0 0 0 0 0 0 0 0 0 0 0 0 0 0 0 0 0 0 0 0 0 0 0 0 0 0 0 0 0 0 0 0 0 0 0 0 0 0 0 0 0 0 0 0 0 0 0 0 0 0 0 0 0 0 0 0 0 0 0 0 0 0 0 0 0 0 0 0 0 0 0 0 0 0
0 0 0 0 0 0 0 0 0 0 0 0 0 0 0 0 0 0 0 0 0 0 0 0 0 0 0 0 0 0 0 0 0 0 0 0 0 0 0 0 0 0 0 0 0 0 0 0 0 0 0 0 0 0 0 0 0 0 0 0 0 0 0 0 0 0 0 0 0 0 0 0 0 0 0 0 0 0 0 0 0 0 0 0 0 0 0 0 0 0 0 0 0 0 0 0 0 0 0 0 0 0 0 0 0 0 0 0 0 0 0 0 0 0 0 0 0 0 0 0 0 0 0 0 0 0 0 0 0 0 0 0 0 0 0 0 0 0 0 0 0 0 0 0 0 0 0 0 0 0
0 0 0 0 0 0 0 0 0 0 0 0 0 0 0 0 0 0 0 0 0 0 0 0 0 0 0 0 0 0 0 0 0 0 0 0 0 0 0 0 0 0 0 0 0 0 0 0 0 0 0 0 0 0 0 0 0 0 0 0 0 0 0 0 0 0 0 0 0 0 0 0 0 0 0 0 0 0 0 0 0 0 0 0 0 0 0 0 0 0 0 0 0 0 0 0 0 0 0 0 0 0 0 0 0 0 0 0 0 0 0 0 0 0 0 0 0 0 0 0 0 0 0 0 0 0 0 0 0 0 0 0 0 0 0 0 0 0 0 0 0 0 0 0 0 0 0 0 0 0
0 0 0 0 0 0 0 0 0 0 0 0 0 0 0 0 0 0 0 0 0 0 0 0 0 0 0 0 0 0 0 0 0 0 0 0 0 0 0 0 0 0 0 0 0 0 0 0 0 0 0 0 0 0 0 0 0 0 0 0 0 0 0 0 0 0 0 0 0 0 0 0 0 0 0 0 0 0 0 0 0 0 0 0 0 0 0 0 0 0 0 0 0 0 0 0 0 0 0 0 0 0 0 0 0 0 0 0 0 0 0 0 0 0 0 0 0 0 0 0 0 0 0 0 0 0 0 0 0 0 0 0 0 0 0 0 0 0 0 0 0 0 0 0 0 0 0 0 0 0
0 0 0 0 0 0 0 0 0 0 0 0 0 0 0 0 0 0 0 0 0 0 0 0 0 0 0 0 0 0 0 0 0 0 0 0 0 0 0 0 0 0 0 0 0 0 0 0 0 0 0 0 0 0 0 0 0 0 0 0 0 0 0 0 0 0 0 0 0 0 0 0 0 0 0 0 0 0 0 0 0 0 0 0 0 0 0 0 0 0 0 0 0 0 0 0 0 0 0 0 0 0 0 0 0 0 0 0 0 0 0 0 0 0 0 0 0 0 0 0 0 0 0 0 0 0 0 0 0 0 0 0 0 0 0 0 0 0 0 0 0 0 0 0 0 0 0 0 0 0
0 0 0 0 0 0 0 0 0 0 0 0 0 0 0 0 0 0 0 0 0 0 0 0 0 0 0 0 0 0 0 0 0 0 0 0 0 0 0 0 0 0 0 0 0 0 0 0 0 0 0 0 0 0 0 0 0 0 0 0 0 0 0 0 0 0 0 0 0 0 0 0 0 0 0 0 0 0 0 0 0 0 0 0 0 0 0 0 0 0 0 0 0 0 0 0 0 0 0 0 0 0 0 0 0 0 0 0 0 0 0 0 0 0 0 0 0 0 0 0 0 0 0 0 0 0 0 0 0 0 0 0 0 0 0 0 0 0 0 0 0 0 0 0 0 0 0 0 0 0
0 0 0 0 0 0 0 0 0 0 0 0 0 0 0 0 0 0 0 0 0 0 0 0 0 0 0 0 0 0 0 0 0 0 0 0 0 0 0 0 0 0 0 0 0 0 0 0 0 0 0 0 0 0 0 0 0 0 0 0 0 0 0 0 0 0 0 0 0 0 0 0 0 0 0 0 0 0 0 0 0 0 0 0 0 0 0 0 0 0 0 0 0 0 0 0 0 0 0 0 0 0 0 0 0 0 0 0 0 0 0 0 0 0 0 0 0 0 0 0 0 0 0 0 0 0 0 0 0 0 0 0 0 0 0 0 0 0 0 0 0 0 0 0 0 0 0 0 0 0
0 0 0 0 0 0 0 0 0 0 0 0 0 0 0 0 0 0 0 0 0 0 0 0 0 0 0 0 0 0 0 0 0 0 0 0 0 0 0 0 0 0 0 0 0 0 0 0 0 0 0 0 0 0 0 0 0 0 0 0 0 0 0 0 0 0 0 0 0 0 0 0 0 0 0 0 0 0 0 0 0 0 0 0 0 0 0 0 0 0 0 0 0 0 0 0 0 0 0 0 0 0 0 0 0 0 0 0 0 0 0 0 0 0 0 0 0 0 0 0 0 0 0 0 0 0 0 0 0 0 0 0 0 0 0 0 0 0 0 0 0 0 0 0 0 0 0 0 0 0
0 0 0 0 0 0 0 0 0 0 0 0 0 0 0 0 0 0 0 0 0 0 0 0 0 0 0 0 0 0 0 0 0 0 0 0 0 0 0 0 0 0 0 0 0 0 0 0 0 0 0 0 0 0 0 0 0 0 0 0 0 0 0 0 0 0 0 0 0 0 0 0 0 0 0 0 0 0 0 0 0 0 0 0 0 0 0 0 0 0 0 0 0 0 0 0 0 0 0 0 0 0 0 0 0 0 0 0 0 0 0 0 0 0 0 0 0 0 0 0 0 0 0 0 0 0 0 0 0 0 0 0 0 0 0 0 0 0 0 0 0 0 0 0 0 0 0 0 0 0
0 0 0 0 0 0 0 0 0 0 0 0 0 0 0 0 0 0 0 0 0 0 0 0 0 0 0 0 0 0 0 0 0 0 0 0 0 0 0 0 0 0 0 0 0 0 0 0 0 0 0 0 0 0 0 0 0 0 0 0 0 0 0 0 0 2.65982e-05 3.75959e-05 4.82867e-05 5.63614e-05 5.89695e-05 5.43198e-05 4.34306e-05 2.96159e-05 1.7522e-05 0 0 0 2.48867e-07 0 0 0 0 0 0 0 0 0 0 0 0 0 0 0 0 0 0 0 0 0 0 0 0 0 0 0 0 0 0 0 0 0 0 0 0 0 0 0 0 0 0 0 0 0 0 0 0 0 0 0 0 0 0 0 0 0 0 0 0 0 0 0 0 0 0 0 0 0 0 0 0
0 0 0 0 0 0 0 0 0 0 0 0 0 0 0 0 0 0 0 0 0 0 0 0 0 0 0 0 0 0 0 0 0 0 0 0 0 0 0 0 0 0 0 0 0 0 0 0 0 0 0 0 0 0 0 0 0 0 0 0 0 0 0 5.20535e-05 9.15148e-05 0.000142138 0.000197356 0.00024934 0.000286713 0.000296775 0.000271603 0.000216394 0.000148585 8.70001e-05 4.39398e-05 1.89986e-05 1.9059e-06 1.27887e-06 7.31261e-07 0 0 0 0 0 0 0 0 0 0 0 0 0 0 0 0 0 0 0 0 0 0 0 0 0 0 0 0 0 0 0 0 0 0 0 0 0 0 0 0 0 0 0 0 0 0 0 0 0 0 0 0 0 0 0 0 0 0 0 0 0 0 0 0 0 0 0 0 0 0 0
0 0 0 0 0 0 0 0 0 0 0 0 0 0 0 0 0 0 0 0 0 0 0 0 0 0 0 0 0 0 0 0 0 0 0 0 0 0 0 0 0 0 0 0 0 0 0 0 0 0 0 0 0 0 0 0 0 0 0 0 0 0 0.000122008 0.000241428 0.000420976 0.000647319 0.000887793 0.00110226 0.00124705 0.00127554 0.00115872 0.000919394 0.000630011 0.000370464 0.000185936 8.04297e-05 3.0358e-05 5.60015e-06 3.20217e-06 1.56026e-06 0 0 0 0 0 0 0 0 0 0 0 0 0 0 0 0 0 0 0 0 0 0 0 0 0 0 0 0 0 0 0 0 0 0 0 0 0 0 0 0 0 0 0 0 0 0 0 0 0 0 0 0 0 0 0 0 0 0 0 0 0 0 0 0 0 0 0 0 0 0
0 0 0 0 0 0 0 0 0 0 0 0 0 0 0 0 0 0 0 0 0 0 0 0 0 0 0 0 0 0 0 0 0 0 0 0 0 0 0 0 0 0 0 0 0 0 0 0 0 0 0 0 0 0 0 0 0 0 0 0 0 0.000223852 0.000488524 0.000956386 0.00165376 0.00251916 0.00341129 0.004168 0.00463967 0.00468343 0.00421858 0.00333129 0.00227703 0.0013373 0.000672778 0.000290166 0.000110265 3.98842e-05 1.66657e-05 9.08067e-06 7.10661e-06 5.46125e-06 3.80304e-06 2.25675e-06 1.14118e-06 0 0 0 0 0 0 0 0 0 0 0 0 0 0 0 0 0 0 0 0 0 0 0 0 0 0 0 0 0 0 0 0 0 0 0 0 0 0 0 0 0 0 0 0 0 0 0 0 0 0 0 0 0 0 0 0 0 0 0 0 0 0 0 0 0
0 0 0 0 0 0 0 0 0 0 0 0 0 0 0 0 0 0 0 0 0 0 0 0 0 0 0 0 0 0 0 0 0 0 0 0 0 0 0 0 0 0 0 0 0 0 0 0 0 0 0 0 0 0 0 0 0 0 0 0 0.000335757 0.000780752 0.00167322 0.00323654 0.00554796 0.00837612 0.0112089 0.0134855 0.014764 0.0146956 0.0131099 0.010295 0.0070162 0.00411466 0.00206956 0.000895739 0.000341952 0.000127861 5.96121e-05 3.89706e-05 3.37727e-05 2.68745e-05 1.87149e-05 1.11056e-05 5.61576e-06 2.41985e-06 8.88554e-07 0 0 0 0 0 0 0 0 0 0 0 0 0 0 0 0 0 0 0 0 0 0 0 0 0 0 0 0 0 0 0 0 0 0 0 0 0 0 0 0 0 0 0 0 0 0 0 0 0 0 0 0 0 0 0 0 0 0 0 0 0 0 0
0 0 0 0 0 0 0 0 0 0 0 0 0 0 0 0 0 0 0 0 0 0 0 0 0 0 0 0 0 0 0 0 0 0 0 0 0 0 0 0 0 0 0 0 0 0 0 0 0 0 0 0 0 0 0 0 0 0 0 0.000418166 0.0010281 0.00233472 0.00490479 0.0093595 0.0158947 0.0237904 0.031488 0.0373322 0.0401942 0.0394124 0.034786 0.0271407 0.0184335 0.010793 0.00542653 0.00235457 0.000911726 0.000362843 0.000198614 0.000159863 0.000139646 0.000113225 7.88775e-05 4.95232e-05 2.75103e-05 1.45269e-05 7.59598e-06 3.89152e-06 1.43309e-06 0 0 0 0 0 0 0 0 0 0 0 0 0 0 0 0 0 0 0 0 0 0 0 0 0 0 0 0 0 0 0 0 0 0 0 0 0 0 0 0 0 0 0 0 0 0 0 0 0 0 0 0 0 0 0 0 0 0 0 0 0
0 0 0 0 0 0 0 0 0 0 0 0 0 0 0 0 0 0 0 0 0 0 0 0 0 0 0 0 0 0 0 0 0 0 0 0 0 0 0 0 0 0 0 0 0 0 0 0 0 0 0 0 0 0 0 0 0 0 0 0.00111919 0.00269971 0.00598788 0.0123115 0.0231366 0.0388924 0.0577138 0.0756094 0.0884122 0.0936313 0.0903735 0.0788259 0.0610496 0.0412967 0.0241343 0.0121363 0.00529596 0.00211502 0.000937944 0.000616745 0.000551561 0.000501396 0.000408904 0.000290817 0.000182436 0.000105179 5.90232e-05 3.31721e-05 1.82515e-05 9.48688e-06 9.37138e-06 7.97644e-06 8.11929e-06 5.652e-06 0 0 0 0 0 0 0 0 0 0 0 0 0 0 0 0 0 0 0 0 0 0 0 0 0 0 0 0 0 0 0 0 0 0 0 0 0 0 0 0 0 0 0 0 0 0 0 0 0 0 0 0 0 0 0 0 0
0 0 0 0 0 0 0 0 0 0 0 0 0 0 0 0 0 0 0 0 0 0 0 0 0 0 0 0 0 0 0 0 0 0 0 0 0 0 0 0 0 0 0 0 0 0 0 0 0 0 0 0 0 0 0 0 0 0 0.000963256 0.00256274 0.00607724 0.0131737 0.026477 0.0489124 0.0812905 0.11958 0.155153 0.1791 0.186636 0.177226 0.152587 0.11719 0.0789028 0.0460214 0.0231756 0.0102464 0.00434615 0.00226108 0.0017406 0.00165563 0.00153256 0.00125848 0.000907373 0.000585684 0.00035368 0.000214137 0.000130827 8.8666e-05 6.97359e-05 6.46492e-05 5.87913e-05 4.7304e-05 3.29054e-05 1.95183e-05 0 0 0 0 0 0 0 0 0 0 0 0 0 0 0 0 0 0 0 0 0 0 0 0 0 0 0 0 0 0 0 0 0 0 0 0 0 0 0 0 0 0 0 0 0 0 0 0 0 0 0 0 0 0 0 0
0 0 0 0 0 0 0 0 0 0 0 0 0 0 0 0 0 0 0 0 0 0 0 0 0 0 0 0 0 0 0 0 0 0 0 0 0 0 0 0 0 0 0 0 0 0 0 0 0 0 0 0 0 0 0 0 0 0 0.00190192 0.00501775 0.0117215 0.0248623 0.0488082 0.0884732 0.145175 0.2116 0.272031 0.310266 0.318337 0.297295 0.252409 0.192023 0.128601 0.0748749 0.0378816 0.0172458 0.00815077 0.00507344 0.00435079 0.00428162 0.00401379 0.00333791 0.00245559 0.00165656 0.00108729 0.000734268 0.000514304 0.0003771 0.000331927 0.00032061 0.000293487 0.000236239 0.000163466 9.68381e-05 4.89453e-05 2.10947e-05 0 0 0 0 0 0 0 0 0 0 0 0 0 0 0 0 0 0 0 0 0 0 0 0 0 0 0 0 0 0 0 0 0 0 0 0 0 0 0 0 0 0 0 0 0 0 0 0 0 0 0 0 0 0
0 0 0 0 0 0 0 0 0 0 0 0 0 0 0 0 0 0 0 0 0 0 0 0 0 0 0 0 0 0 0 0 0 0 0 0 0 0 0 0 0 0 0 0 0 0 0 0 0 0 0 0 0 0 0 0 0 0.00105935 0.00320473 0.00839625 0.0193607 0.0402463 0.0771551 0.136998 0.221594 0.319813 0.407481 0.45959 0.464642 0.426736 0.356941 0.268708 0.178906 0.104087 0.0533105 0.0257868 0.014266 0.0103326 0.00945075 0.00952161 0.00905749 0.00769061 0.00587768 0.00424074 0.00307882 0.00232404 0.00180967 0.00149401 0.00138728 0.00135618 0.00124571 0.00100301 0.000694303 0.000410692 0.000206942 8.91261e-05 3.27311e-05 0 0 0 0 0 0 0 0 0 0 0 0 0 0 0 0 0 0 0 0 0 0 0 0 0 0 0 0 0 0 0 0 0 0 0 0 0 0 0 0 0 0 0 0 0 0 0 0 0 0 0 0 0
0 0 0 0 0 0 0 0 0 0 0 0 0 0 0 0 0 0 0 0 0 0 0 0 0 0 0 0 0 0 0 0 0 0 0 0 0 0 0 0 0 0 0 0 0 0 0 0 0 0 0 0 0 0 0 0 0 0.00152708 0.00460716 0.0120016 0.027369 0.0558657 0.104624 0.181722 0.289249 0.412974 0.521531 0.582156 0.580497 0.524481 0.43195 0.321484 0.212743 0.12405 0.0654087 0.0353073 0.0232212 0.0186059 0.0177736 0.018358 0.017903 0.0157899 0.0128471 0.0101745 0.00827 0.00693428 0.00587416 0.00518807 0.00500251 0.00495042 0.00453286 0.00363581 0.00251209 0.001484 0.00074852 0.000322014 0.000118167 0 0 0 0 0 0 0 0 0 0 0 0 0 0 0 0 0 0 0 0 0 0 0 0 0 0 0 0 0 0 0 0 0 0 0 0 0 0 0 0 0 0 0 0 0 0 0 0 0 0 0 0 0
0 0 0 0 0 0 0 0 0 0 0 0 0 0 0 0 0 0 0 0 0 0 0 0 0 0 0 0 0 0 0 0 0 0 0 0 0 0 0 0 0 0 0 0 0 0 0 0 0 0 0 0 0 0 0 0 0 0.00187668 0.00564953 0.0146487 0.0330966 0.0664753 0.121748 0.206676 0.323209 0.456079 0.570938 0.631436 0.622044 0.553678 0.449235 0.330573 0.217709 0.128249 0.0718566 0.0452889 0.0342708 0.0292568 0.0291747 0.0313463 0.0320152 0.0300737 0.026647 0.0234187 0.0210941 0.0191499 0.017178 0.0158028 0.0155338 0.0153987 0.0140583 0.0112552 0.00775931 0.0045778 0.00230661 0.000991477 0.00036349 0.000113655 0 0 0 0 0 0 0 0 0 0 0 0 0 0 0 0 0 0 0 0 0 0 0 0 0 0 0 0 0 0 0 0 0 0 0 0 0 0 0 0 0 0 0 0 0 0 0 0 0 0 0 0
0 0 0 0 0 0 0 0 0 0 0 0 0 0 0 0 0 0 0 0 0 0 0 0 0 0 0 0 0 0 0 0 0 0 0 0 0 0 0 0 0 0 0 0 0 0 0 0 0 0 0 0 0 0 0 0 0 0.00196607 0.0059085 0.0152634 0.0342258 0.0678079 0.121696 0.202003 0.310194 0.43259 0.53755 0.590924 0.578101 0.510166 0.410324 0.300123 0.197949 0.119757 0.0741407 0.0544652 0.0449114 0.040398 0.0430692 0.0495723 0.0543774 0.0553121 0.053544 0.0515786 0.050244 0.0481667 0.0448704 0.0422773 0.0417521 0.0411295 0.0373148 0.0297588 0.020469 0.0120601 0.00606956 0.00260652 0.000954802 0.00029828 0 0 0 0 0 0 0 0 0 0 0 0 0 0 0 0 0 0 0 0 0 0 0 0 0 0 0 0 0 0 0 0 0 0 0 0 0 0 0 0 0 0 0 0 0 0 0 0 0 0 0 0
0 0 0 0 0 0 0 0 0 0 0 0 0 0 0 0 0 0 0 0 0 0 0 0 0 0 0 0 0 0 0 0 0 0 0 0 0 0 0 0 0 0 0 0 0 0 0 0 0 0 0 0 0 0 0 0 0 0.00175587 0.00527024 0.0135782 0.0302922 0.0593878 0.104918 0.171054 0.25901 0.358862 0.446348 0.494346 0.49012 0.440255 0.360832 0.268625 0.180876 0.114156 0.0769711 0.0609822 0.0523402 0.0507336 0.0605682 0.0765657 0.0906016 0.0987765 0.102601 0.106024 0.109221 0.108749 0.104003 0.0991756 0.0972728 0.0945102 0.0848892 0.0673246 0.0461733 0.0271546 0.0136492 0.00585583 0.00214309 0.000668931 0.000178056 0 0 0 0 0 0 0 0 0 0 0 0 0 0 0 0 0 0 0 0 0 0 0 0 0 0 0 0 0 0 0 0 0 0 0 0 0 0 0 0 0 0 0 0 0 0 0 0 0 0 0
0 0 0 0 0 0 0 0 0 0 0 0 0 0 0 0 0 0 0 0 0 0 0 0 0 0 0 0 0 0 0 0 0 0 0 0 0 0 0 0 0 0 0 0 0 0 0 0 0 0 0 0 0 0 0 0 0 0.00145865 0.00413783 0.0104364 0.023071 0.04502 0.079287 0.129341 0.197441 0.278699 0.35782 0.415467 0.438073 0.420748 0.36589 0.284867 0.198147 0.127573 0.084943 0.0648867 0.056584 0.0625253 0.0858363 0.117236 0.145763 0.166173 0.181766 0.198189 0.212871 0.218216 0.212917 0.203886 0.196889 0.187348 0.165871 0.130544 0.0891798 0.0523329 0.0262673 0.0112566 0.00411551 0.00128344 0.000341315 0 0 0 0 0 0 0 0 0 0 0 0 0 0 0 0 0 0 0 0 0 0 0 0 0 0 0 0 0 0 0 0 0 0 0 0 0 0 0 0 0 0 0 0 0 0 0 0 0 0 0
0 0 0 0 0 0 0 0 0 0 0 0 0 0 0 0 0 0 0 0 0 0 0 0 0 0 0 0 0 0 0 0 0 0 0 0 0 0 0 0 0 0 0 0 0 0 0 0 0 0 0 0 0 0 0 0 0.000547108 0.00111417 0.0032559 0.00735321 0.0156361 0.0305731 0.0554949 0.095296 0.154744 0.233222 0.321111 0.401683 0.455262 0.464115 0.420947 0.336861 0.238488 0.15375 0.0978482 0.0694331 0.0631055 0.082475 0.123889 0.17407 0.219956 0.256617 0.291389 0.331203 0.367665 0.386398 0.383444 0.367113 0.347129 0.321484 0.279232 0.217498 0.147815 0.0865049 0.0433456 0.0185522 0.00677583 0.00211084 0.000560812 0 0 0 0 0 0 0 0 0 0 0 0 0 0 0 0 0 0 0 0 0 0 0 0 0 0 0 0 0 0 0 0 0 0 0 0 0 0 0 0 0 0 0 0 0 0 0 0 0 0 0
0 0 0 0 0 0 0 0 0 0 0 0 0 0 0 0 0 0 0 0 0 0 0 0 0 0 0 0 0 0 0 0 0 0 0 0 0 0 0 0 0 0 0 0 0 0 0 0 0 0 0 0 0 0 0.000134098 0.000375509 0.000897522 0.00183489 0.00354637 0.00627366 0.0112792 0.0212067 0.0407585 0.0766985 0.135267 0.21736 0.314949 0.410631 0.480166 0.499897 0.459517 0.3715 0.265893 0.173147 0.109775 0.0785976 0.0820965 0.120436 0.182079 0.25107 0.312422 0.363906 0.420294 0.49062 0.558727 0.600471 0.60501 0.57817 0.5342 0.479434 0.406565 0.312446 0.210923 0.123015 0.0615169 0.0262926 0.00959146 0.00298475 0.000792123 0 0 0 0 0 0 0 0 0 0 0 0 0 0 0 0 0 0 0 0 0 0 0 0 0 0 0 0 0 0 0 0 0 0 0 0 0 0 0 0 0 0 0 0 0 0 0 0 0 0 0
0 0 0 0 0 0 0 0 0 0 0 0 0 0 0 0 0 0 0 0 0 0 0 0 0 0 0 0 0 0 0 0 0 0 0 0 0 0 0 0 0 0 0 0 0 0 0 0 0 0 0 0 0 5.82588e-05 0.00019197 0.000540384 0.00130205 0.0027018 0.00494892 0.00818529 0.0130071 0.0213135 0.0375113 0.0686699 0.121666 0.198414 0.292084 0.38585 0.455246 0.476513 0.439868 0.357877 0.259382 0.172891 0.115184 0.0963137 0.123388 0.187893 0.274215 0.361998 0.432098 0.485716 0.550201 0.64359 0.74438 0.815602 0.833187 0.794764 0.718244 0.623671 0.514345 0.388749 0.260226 0.151131 0.0753995 0.0321746 0.011722 0.00364337 0.000965779 0 0 0 0 0 0 0 0 0 0 0 0 0 0 0 0 0 0 0 0 0 0 0 0 0 0 0 0 0 0 0 0 0 0 0 0 0 0 0 0 0 0 0 0 0 0 0 0 0 0 0
0 0 0 0 0 0 0 0 0 0 0 0 0 0 0 0 0 0 0 0 0 0 0 0 0 0 0 0 0 0 0 0 0 0 0 0 0 0 0 0 0 0 0 0 0 0 0 0 0 0 0 0 0 7.95337e-05 0.000265728 0.000761018 0.00187787 0.00403947 0.00774806 0.0137024 0.0228189 0.035977 0.0537521 0.0782378 0.115385 0.171247 0.243618 0.318882 0.375544 0.393063 0.363517 0.297786 0.21964 0.152785 0.115978 0.12736 0.188834 0.287784 0.406572 0.516613 0.589692 0.625872 0.666723 0.753068 0.86968 0.965857 0.998189 0.950997 0.843219 0.70945 0.567933 0.421063 0.279031 0.161247 0.0802318 0.0341772 0.0124343 0.00385986 0.0010219 0 0 0 0 0 0 0 0 0 0 0 0 0 0 0 0 0 0 0 0 0 0 0 0 0 0 0 0 0 0 0 0 0 0 0 0 0 0 0 0 0 0 0 0 0 0 0 0 0 0 0
0 0 0 0 0 0 0 0 0 0 0 0 0 0 0 0 0 0 0 0 0 0 0 0 0 0 0 0 0 0 0 0 0 0 0 0 0 0 0 0 0 0 0 0 0 0 0 0 0 0 0 0 3.16655e-05 0.000126687 0.000432881 0.00126901 0.00321166 0.00711093 0.0140809 0.0256311 0.0435402 0.0685208 0.09812 0.126992 0.151374 0.174534 0.204598 0.241963 0.273358 0.281859 0.260012 0.214885 0.163444 0.125277 0.12262 0.171318 0.267851 0.403121 0.556782 0.690834 0.765646 0.773846 0.762277 0.799317 0.89616 0.99698 1.03791 0.98779 0.862621 0.706064 0.549112 0.398901 0.261421 0.15024 0.074539 0.0316954 0.0115153 0.00357 0.000943942 0 0 0 0 0 0 0 0 0 0 0 0 0 0 0 0 0 0 0 0 0 0 0 0 0 0 0 0 0 0 0 0 0 0 0 0 0 0 0 0 0 0 0 0 0 0 0 0 0 0 0
0 0 0 0 0 0 0 0 0 0 0 0 0 0 0 0 0 0 0 0 0 0 0 0 0 0 0 0 0 0 0 0 0 0 0 0 0 0 0 0 0 0 0 0 0 0 0 0 0 0 0 0 5.76195e-05 0.000233011 0.000804596 0.00237704 0.00604418 0.0133675 0.0261957 0.0467107 0.0774814 0.119676 0.169194 0.215098 0.244263 0.249595 0.235504 0.215385 0.199711 0.185833 0.165773 0.139706 0.117703 0.11587 0.149415 0.225107 0.344984 0.504219 0.680286 0.82933 0.904073 0.888861 0.824034 0.788052 0.826494 0.900641 0.936115 0.888558 0.766784 0.613805 0.465315 0.331493 0.214845 0.122789 0.0607471 0.0257869 0.00935652 0.00289726 0.000765148 0 0 0 0 0 0 0 0 0 0 0 0 0 0 0 0 0 0 0 0 0 0 0 0 0 0 0 0 0 0 0 0 0 0 0 0 0 0 0 0 0 0 0 0 0 0 0 0 0 0 0
0 0 0 0 0 0 0 0 0 0 0 0 0 0 0 0 0 0 0 0 0 0 0 0 0 0 0 0 0 0 0 0 0 0 0 0 0 0 0 0 0 0 0 0 0 0 0 0 0 0 0 2.10136e-05 0.000100303 0.000406774 0.0014062 0.0041555 0.0105407 0.0231208 0.0445156 0.0770706 0.123339 0.185007 0.257628 0.326359 0.37033 0.373845 0.335702 0.27036 0.200441 0.145295 0.113438 0.10494 0.119064 0.155145 0.214516 0.302062 0.423918 0.578987 0.74747 0.887714 0.953267 0.924777 0.830699 0.736685 0.702076 0.722315 0.735584 0.692168 0.590858 0.464763 0.345038 0.241675 0.155073 0.0881802 0.043517 0.0184459 0.00668566 0.00206817 0.000545636 0 0 0 0 0 0 0 0 0 0 0 0 0 0 0 0 0 0 0 0 0 0 0 0 0 0 0 0 0 0 0 0 0 0 0 0 0 0 0 0 0 0 0 0 0 0 0 0 0 0 0
0 0 0 0 0 0 0 0 0 0 0 0 0 0 0 0 0 0 0 0 0 0 0 0 0 0 0 0 0 0 0 0 0 0 0 0 0 0 0 0 0 0 0 0 0 0 0 0 0 0 0 3.2055e-05 0.000152223 0.000618594 0.00213939 0.00632234 0.016017 0.0349812 0.0666331 0.112969 0.175281 0.254719 0.347408 0.437087 0.497206 0.504348 0.452639 0.358228 0.251208 0.16232 0.117487 0.127679 0.174573 0.244057 0.331734 0.433104 0.545417 0.66732 0.788636 0.882521 0.916 0.87421 0.774835 0.659983 0.574526 0.535644 0.51445 0.470975 0.39541 0.305991 0.223275 0.154211 0.0981244 0.0555658 0.0273615 0.0115853 0.00419571 0.00129697 0 0 0 0 0 0 0 0 0 0 0 0 0 0 0 0 0 0 0 0 0 0 0 0 0 0 0 0 0 0 0 0 0 0 0 0 0 0 0 0 0 0 0 0 0 0 0 0 0 0 0 0
0 0 0 0 0 0 0 0 0 0 0 0 0 0 0 0 0 0 0 0 0 0 0 0 0 0 0 0 0 0 0 0 0 0 0 0 0 0 0 0 0 0 0 0 0 0 0 0 0 0 0 4.16974e-05 0.000198614 0.000805857 0.0027913 0.00826515 0.0209891 0.0459433 0.0875379 0.147562 0.22531 0.319217 0.424402 0.525234 0.593958 0.602898 0.542355 0.429263 0.29967 0.193401 0.147853 0.176977 0.252922 0.36 0.488964 0.622415 0.74139 0.83337 0.890416 0.904197 0.868991 0.789983 0.68446 0.57355 0.475147 0.399996 0.344207 0.292085 0.234583 0.176531 0.126217 0.0859543 0.0542576 0.0306035 0.015034 0.00636093 0.00230246 0.00071139 0 0 0 0 0 0 0 0 0 0 0 0 0 0 0 0 0 0 0 0 0 0 0 0 0 0 0 0 0 0 0 0 0 0 0 0 0 0 0 0 0 0 0 0 0 0 0 0 0 0 0 0
0 0 0 0 0 0 0 0 0 0 0 0 0 0 0 0 0 0 0 0 0 0 0 0 0 0 0 0 0 0 0 0 0 0 0 0 0 0 0 0 0 0 0 0 0 0 0 0 0 0 8.29476e-06 4.62205e-05 0.000220943 0.000897982 0.00312222 0.00929671 0.0238074 0.0527277 0.101925 0.174157 0.267291 0.374616 0.485281 0.58275 0.643794 0.644877 0.576757 0.455833 0.319595 0.212335 0.177392 0.224575 0.325572 0.469211 0.644187 0.823494 0.973688 1.06747 1.08778 1.03033 0.909912 0.760261 0.617921 0.501179 0.406574 0.324403 0.2508 0.186921 0.134379 0.0936269 0.063777 0.0422208 0.0262571 0.0147012 0.00717744 0.00303552 0.00109844 0 0 0 0 0 0 0 0 0 0 0 0 0 0 0 0 0 0 0 0 0 0 0 0 0 0 0 0 0 0 0 0 0 0 0 0 0 0 0 0 0 0 0 0 0 0 0 0 0 0 0 0 0
0 0 0 0 0 0 0 0 0 0 0 0 0 0 0 0 0 0 0 0 0 0 0 0 0 0 0 0 0 0 0 0 0 0 0 0 0 0 0 0 0 0 0 0 0 0 0 0 0 0 7.83504e-06 4.36588e-05 0.000210273 0.000859086 0.00300918 0.0090686 0.0236437 0.0536842 0.107032 0.188852 0.296843 0.417979 0.530757 0.613078 0.648651 0.627761 0.549958 0.431556 0.306173 0.215487 0.197807 0.255411 0.368811 0.534678 0.743844 0.966114 1.15917 1.28254 1.30621 1.22014 1.04493 0.82914 0.627062 0.471527 0.361952 0.277574 0.202992 0.137574 0.0867564 0.0525352 0.0317611 0.0193313 0.0114368 0.00623228 0.0030104 0.00125202 0 0 0 0 0 0 0 0 0 0 0 0 0 0 0 0 0 0 0 0 0 0 0 0 0 0 0 0 0 0 0 0 0 0 0 0 0 0 0 0 0 0 0 0 0 0 0 0 0 0 0 0 0 0
0 0 0 0 0 0 0 0 0 0 0 0 0 0 0 0 0 0 0 0 0 0 0 0 0 0 0 0 0 0 0 0 0 0 0 0 0 0 0 0 0 0 0 0 0 0 0 0 0 0 6.3065e-06 3.5998e-05 0.000172616 0.00071113 0.00252702 0.00778842 0.0209446 0.0494618 0.103007 0.189352 0.30668 0.436947 0.548769 0.612598 0.616488 0.566971 0.478966 0.372013 0.272996 0.212397 0.210507 0.265075 0.371548 0.535068 0.75212 0.996822 1.22555 1.38886 1.44405 1.37203 1.19092 0.94998 0.705165 0.497681 0.345206 0.240747 0.165007 0.106091 0.0625288 0.0342712 0.0181331 0.00958936 0.00500817 0.00249372 0.00113898 0 0 0 0 0 0 0 0 0 0 0 0 0 0 0 0 0 0 0 0 0 0 0 0 0 0 0 0 0 0 0 0 0 0 0 0 0 0 0 0 0 0 0 0 0 0 0 0 0 0 0 0 0 0 0
0 0 0 0 0 0 0 0 0 0 0 0 0 0 0 0 0 0 0 0 0 0 0 0 0 0 0 0 0 0 0 0 0 0 0 0 0 0 0 0 0 0 0 0 0 0 0 0 0 0 4.65966e-06 2.62587e-05 0.000125622 0.000522997 0.00189703 0.0060373 0.0169276 0.0418736 0.0911284 0.17363 0.288094 0.414909 0.518915 0.567208 0.549533 0.482243 0.393195 0.307469 0.24529 0.218003 0.22409 0.263276 0.344704 0.480071 0.673023 0.907971 1.14782 1.34106 1.43694 1.40776 1.26324 1.042 0.790549 0.551237 0.356728 0.220698 0.134296 0.079547 0.0443904 0.0231226 0.0114603 0.00551812 0.002547 0.00110265 0.00030472 0 0 0 0 0 0 0 0 0 0 0 0 0 0 0 0 0 0 0 0 0 0 0 0 0 0 0 0 0 0 0 0 0 0 0 0 0 0 0 0 0 0 0 0 0 0 0 0 0 0 0 0 0 0 0
0 0 0 0 0 0 0 0 0 0 0 0 0 0 0 0 0 0 0 0 0 0 0 0 0 0 0 0 0 0 0 0 0 0 0 0 0 0 0 0 0 0 0 0 0 0 0 0 0 0 0 2.04296e-05 9.24593e-05 0.000375957 0.00136182 0.00441629 0.012788 0.0327456 0.0734495 0.143135 0.240991 0.349617 0.437364 0.474497 0.452761 0.390797 0.320527 0.26917 0.247954 0.247915 0.255469 0.273547 0.319136 0.407976 0.549238 0.740135 0.956337 1.15242 1.27752 1.29883 1.21414 1.04398 0.820084 0.582946 0.374409 0.220591 0.122565 0.0653432 0.0331855 0.0159289 0.00732747 0.00329089 0.00141622 0.000535213 0.000182324 0 0 0 0 0 0 0 0 0 0 0 0 0 0 0 0 0 0 0 0 0 0 0 0 0 0 0 0 0 0 0 0 0 0 0 0 0 0 0 0 0 0 0 0 0 0 0 0 0 0 0 0 0 0 0
0 0 0 0 0 0 0 0 0 0 0 0 0 0 0 0 0 0 0 0 0 0 0 0 0 0 0 0 0 0 0 0 0 0 0 0 0 0 0 0 0 0 0 0 0 0 0 0 0 0 0 2.215e-05 9.07844e-05 0.00033012 0.00109241 0.00334316 0.00941959 0.023974 0.053945 0.105689 0.178823 0.260508 0.32724 0.35725 0.345864 0.310529 0.280318 0.276698 0.297222 0.320109 0.32731 0.322133 0.326993 0.36247 0.43796 0.559194 0.71855 0.8843 1.01307 1.07168 1.0465 0.939395 0.767203 0.565023 0.375676 0.228382 0.128841 0.0675816 0.0325878 0.0143406 0.00583491 0.00227301 0.000860823 0.000309036 0.000100608 0 0 0 0 0 0 0 0 0 0 0 0 0 0 0 0 0 0 0 0 0 0 0 0 0 0 0 0 0 0 0 0 0 0 0 0 0 0 0 0 0 0 0 0 0 0 0 0 0 0 0 0 0 0 0
0 0 0 0 0 0 0 0 0 0 0 0 0 0 0 0 0 0 0 0 0 0 0 0 0 0 0 0 0 0 0 0 0 0 0 0 0 0 0 0 0 0 0 0 0 0 0 0 0 0 0 2.66676e-05 0.000104152 0.000353015 0.00106062 0.00289523 0.00734792 0.0173788 0.0375101 0.0720013 0.120827 0.17604 0.223193 0.24985 0.256301 0.25911 0.281115 0.331252 0.394052 0.439824 0.445542 0.413767 0.3741 0.358388 0.375079 0.423706 0.508101 0.617252 0.722127 0.79326 0.809799 0.76035 0.649681 0.503317 0.355852 0.231837 0.139224 0.0761008 0.0372955 0.0163061 0.00641909 0.00232232 0.000787098 0.000248941 7.18615e-05 0 0 0 0 0 0 0 0 0 0 0 0 0 0 0 0 0 0 0 0 0 0 0 0 0 0 0 0 0 0 0 0 0 0 0 0 0 0 0 0 0 0 0 0 0 0 0 0 0 0 0 0 0 0 0
0 0 0 0 0 0 0 0 0 0 0 0 0 0 0 0 0 0 0 0 0 0 0 0 0 0 0 0 0 0 0 0 0 0 0 0 0 0 0 0 0 0 0 0 0 0 0 0 0 0 0 0 0.000112063 0.000369094 0.00106102 0.00270033 0.00623347 0.0133335 0.0265584 0.0484384 0.0791864 0.114723 0.148063 0.175112 0.201769 0.244084 0.315962 0.414372 0.515052 0.580755 0.582689 0.523019 0.43871 0.376532 0.353338 0.355554 0.376636 0.420121 0.47969 0.537176 0.570724 0.562282 0.507466 0.41939 0.318954 0.223 0.14162 0.0804039 0.0404291 0.0180264 0.00723672 0.00267052 0.000919959 0.000272892 0 0 0 0 0 0 0 0 0 0 0 0 0 0 0 0 0 0 0 0 0 0 0 0 0 0 0 0 0 0 0 0 0 0 0 0 0 0 0 0 0 0 0 0 0 0 0 0 0 0 0 0 0 0 0 0
0 0 0 0 0 0 0 0 0 0 0 0 0 0 0 0 0 0 0 0 0 0 0 0 0 0 0 0 0 0 0 0 0 0 0 0 0 0 0 0 0 0 0 0 0 0 0 0 0 0 0 0 0.00010658 0.000343747 0.000964821 0.00239024 0.00524626 0.0104962 0.019496 0.0336457 0.0533164 0.0771618 0.103578 0.135202 0.181828 0.25596 0.363219 0.494026 0.618956 0.695665 0.691988 0.610385 0.492197 0.394221 0.347044 0.334431 0.330048 0.327307 0.333688 0.354249 0.378974 0.389003 0.372242 0.329158 0.267629 0.197802 0.130876 0.0766683 0.0397061 0.0183884 0.00782072 0.00316047 0.00124595 0.000479331 0.000156748 0 0 0 0 0 0 0 0 0 0 0 0 0 0 0 0 0 0 0 0 0 0 0 0 0 0 0 0 0 0 0 0 0 0 0 0 0 0 0 0 0 0 0 0 0 0 0 0 0 0 0 0 0 0 0
0 0 0 0 0 0 0 0 0 0 0 0 0 0 0 0 0 0 0 0 0 0 0 0 0 0 0 0 0 0 0 0 0 0 0 0 0 0 0 0 0 0 0 0 0 0 0 0 0 0 0 0 0 0.000281541 0.000841117 0.00201329 0.00427892 0.0082205 0.0146112 0.0243246 0.0381667 0.0567059 0.0824453 0.121844 0.184141 0.276736 0.400242 0.542057 0.671451 0.746492 0.736561 0.645325 0.513809 0.399811 0.342619 0.332498 0.332191 0.318487 0.291188 0.266153 0.257566 0.260339 0.258474 0.241502 0.207296 0.160778 0.111571 0.0694409 0.0394071 0.0209952 0.010784 0.00539102 0.00258446 0.00112316 0.000456641 0.000162075 0 0 0 0 0 0 0 0 0 0 0 0 0 0 0 0 0 0 0 0 0 0 0 0 0 0 0 0 0 0 0 0 0 0 0 0 0 0 0 0 0 0 0 0 0 0 0 0 0 0 0 0 0 0
0 0 0 0 0 0 0 0 0 0 0 0 0 0 0 0 0 0 0 0 0 0 0 0 0 0 0 0 0 0 0 0 0 0 0 0 0 0 0 0 0 0 0 0 0 0 0 0 0 0 0 0 0 0.000339242 0.00103709 0.00238324 0.00486033 0.0089368 0.0151876 0.0244993 0.0376971 0.056523 0.0851919 0.131185 0.202159 0.301736 0.4263 0.560869 0.676411 0.737014 0.718826 0.62812 0.502144 0.392299 0.338385 0.337603 0.350726 0.344988 0.310898 0.259545 0.212502 0.185748 0.176201 0.169527 0.155841 0.133942 0.107673 0.0812327 0.0571387 0.037074 0.0221137 0.0121551 0.00613929 0.00280207 0.00114113 0.000406747 0.000126156 0 0 0 0 0 0 0 0 0 0 0 0 0 0 0 0 0 0 0 0 0 0 0 0 0 0 0 0 0 0 0 0 0 0 0 0 0 0 0 0 0 0 0 0 0 0 0 0 0 0 0 0 0
0 0 0 0 0 0 0 0 0 0 0 0 0 0 0 0 0 0 0 0 0 0 0 0 0 0 0 0 0 0 0 0 0 0 0 0 0 0 0 0 0 0 0 0 0 0 0 0 0 0 0 0 0.000285627 0.000824338 0.00207608 0.00465131 0.00911166 0.0160736 0.0262534 0.0404963 0.0596813 0.084893 0.119748 0.172413 0.251202 0.356991 0.480396 0.602071 0.694481 0.729819 0.694508 0.600487 0.482298 0.383615 0.33952 0.348809 0.373532 0.377976 0.347991 0.290182 0.223657 0.169349 0.141762 0.141374 0.154276 0.16476 0.161847 0.141989 0.110013 0.0754393 0.0463074 0.025785 0.0130801 0.00600337 0.00245628 0.000887814 0.000284113 8.16766e-05 0 0 0 0 0 0 0 0 0 0 0 0 0 0 0 0 0 0 0 0 0 0 0 0 0 0 0 0 0 0 0 0 0 0 0 0 0 0 0 0 0 0 0 0 0 0 0 0 0 0 0 0
0 0 0 0 0 0 0 0 0 0 0 0 0 0 0 0 0 0 0 0 0 0 0 0 0 0 0 0 0 0 0 0 0 0 0 0 0 0 0 0 0 0 0 0 0 0 0 0 0 0 0 0.000196938 0.000638457 0.00179103 0.00436725 0.00931426 0.0175717 0.029772 0.0467373 0.0696436 0.0998661 0.137947 0.186351 0.253881 0.350857 0.476042 0.612509 0.733289 0.808593 0.815345 0.74956 0.632373 0.502432 0.401909 0.360929 0.373701 0.401913 0.410498 0.383913 0.326103 0.254032 0.189758 0.159217 0.179143 0.227262 0.268887 0.280276 0.254155 0.200584 0.138869 0.0855244 0.0475798 0.0241256 0.0111217 0.00463238 0.00174521 0.000602158 0.000192819 0 0 0 0 0 0 0 0 0 0 0 0 0 0 0 0 0 0 0 0 0 0 0 0 0 0 0 0 0 0 0 0 0 0 0 0 0 0 0 0 0 0 0 0 0 0 0 0 0 0 0 0
0 0 0 0 0 0 0 0 0 0 0 0 0 0 0 0 0 0 0 0 0 0 0 0 0 0 0 0 0 0 0 0 0 0 0 0 0 0 0 0 0 0 0 0 0 0 0 0 0 0 0 0.000394864 0.00125935 0.00345843 0.00821142 0.0169588 0.0307738 0.0500225 0.0750306 0.107806 0.151289 0.206529 0.275109 0.366617 0.493988 0.654299 0.822211 0.961339 1.03629 1.02313 0.92228 0.764137 0.598225 0.474246 0.421611 0.426964 0.448013 0.450591 0.419877 0.3588 0.283473 0.219154 0.203454 0.256893 0.34405 0.417037 0.440728 0.403198 0.319916 0.221938 0.136544 0.0758424 0.0386217 0.0181987 0.00799238 0.00329836 0.00127848 0.00045691 0.00014642 0 0 0 0 0 0 0 0 0 0 0 0 0 0 0 0 0 0 0 0 0 0 0 0 0 0 0 0 0 0 0 0 0 0 0 0 0 0 0 0 0 0 0 0 0 0 0 0 0 0 0
0 0 0 0 0 0 0 0 0 0 0 0 0 0 0 0 0 0 0 0 0 0 0 0 0 0 0 0 0 0 0 0 0 0 0 0 0 0 0 0 0 0 0 0 0 0 0 0 0 0 0 0.000686725 0.0021684 0.00587365 0.0136924 0.0276095 0.0485862 0.0760046 0.109094 0.150589 0.206434 0.27964 0.371101 0.490703 0.654199 0.857624 1.06736 1.237 1.3239 1.29985 1.16579 0.960529 0.747806 0.589947 0.518564 0.51163 0.519417 0.507292 0.462587 0.389638 0.306472 0.244911 0.252513 0.342184 0.466629 0.569202 0.604217 0.55467 0.440981 0.305995 0.188203 0.105101 0.0549264 0.0276166 0.0134877 0.00627831 0.00268614 0.00102223 0.000338856 0 0 0 0 0 0 0 0 0 0 0 0 0 0 0 0 0 0 0 0 0 0 0 0 0 0 0 0 0 0 0 0 0 0 0 0 0 0 0 0 0 0 0 0 0 0 0 0 0 0 0
0 0 0 0 0 0 0 0 0 0 0 0 0 0 0 0 0 0 0 0 0 0 0 0 0 0 0 0 0 0 0 0 0 0 0 0 0 0 0 0 0 0 0 0 0 0 0 0 0 0 0.000279998 0.00102887 0.00323136 0.0086878 0.0200477 0.0398784 0.0689276 0.105288 0.14655 0.19554 0.26113 0.349255 0.460866 0.606058 0.803475 1.04924 1.30186 1.50352 1.60278 1.56751 1.40047 1.14958 0.893016 0.705167 0.618734 0.602205 0.597593 0.568723 0.505318 0.414928 0.32036 0.262873 0.293766 0.409515 0.556777 0.676544 0.717338 0.658663 0.523883 0.363904 0.225356 0.129502 0.0729341 0.0413601 0.0228314 0.0115974 0.00521352 0.00203365 0.00068198 0 0 0 0 0 0 0 0 0 0 0 0 0 0 0 0 0 0 0 0 0 0 0 0 0 0 0 0 0 0 0 0 0 0 0 0 0 0 0 0 0 0 0 0 0 0 0 0 0 0 0
0 0 0 0 0 0 0 0 0 0 0 0 0 0 0 0 0 0 0 0 0 0 0 0 0 0 0 0 0 0 0 0 0 0 0 0 0 0 0 0 0 0 0 0 0 0 0 0 0 0 0.00036055 0.0013229 0.00414658 0.0111214 0.0255928 0.0507742 0.0876278 0.133656 0.185519 0.244801 0.319679 0.417102 0.539919 0.700626 0.921795 1.20105 1.48965 1.71607 1.81848 1.76421 1.56347 1.2747 0.986518 0.779592 0.684109 0.660496 0.646028 0.604007 0.525869 0.422012 0.320582 0.271487 0.319476 0.441526 0.586348 0.701488 0.738146 0.675786 0.537668 0.376011 0.239435 0.148778 0.0955918 0.0615161 0.0367572 0.0194268 0.00889409 0.00349767 0.00117721 0.00033854 0 0 0 0 0 0 0 0 0 0 0 0 0 0 0 0 0 0 0 0 0 0 0 0 0 0 0 0 0 0 0 0 0 0 0 0 0 0 0 0 0 0 0 0 0 0 0 0 0 0
0 0 0 0 0 0 0 0 0 0 0 0 0 0 0 0 0 0 0 0 0 0 0 0 0 0 0 0 0 0 0 0 0 0 0 0 0 0 0 0 0 0 0 0 0 0 0 0 0 0 0.000397184 0.00145819 0.00457658 0.0123076 0.0284726 0.0570487 0.100145 0.156688 0.223929 0.300659 0.388554 0.49033 0.611719 0.771567 0.998566 1.29356 1.60261 1.84102 1.93674 1.85971 1.63152 1.31995 1.01687 0.801399 0.698321 0.664791 0.639963 0.589349 0.505379 0.399407 0.302846 0.269108 0.326411 0.43594 0.554366 0.643562 0.666376 0.606436 0.484195 0.346527 0.236868 0.168137 0.123295 0.0856443 0.0529287 0.0283661 0.0130624 0.00514962 0.00173509 0.0004992 0 0 0 0 0 0 0 0 0 0 0 0 0 0 0 0 0 0 0 0 0 0 0 0 0 0 0 0 0 0 0 0 0 0 0 0 0 0 0 0 0 0 0 0 0 0 0 0 0 0
0 0 0 0 0 0 0 0 0 0 0 0 0 0 0 0 0 0 0 0 0 0 0 0 0 0 0 0 0 0 0 0 0 0 0 0 0 0 0 0 0 0 0 0 0 0 0 0 0 0 0.000374921 0.00138143 0.00436179 0.0118483 0.0278649 0.0572972 0.10443 0.171297 0.256562 0.354835 0.458108 0.561225 0.670797 0.812926 1.02348 1.30805 1.61259 1.8463 1.93204 1.84294 1.60859 1.29935 1.00155 0.786164 0.673191 0.623657 0.585061 0.527953 0.445622 0.348687 0.268373 0.253986 0.314004 0.402975 0.486752 0.542766 0.549492 0.497289 0.402856 0.303888 0.232156 0.18697 0.147769 0.10578 0.0660851 0.0355603 0.0164011 0.00647002 0.0021806 0.000627436 0 0 0 0 0 0 0 0 0 0 0 0 0 0 0 0 0 0 0 0 0 0 0 0 0 0 0 0 0 0 0 0 0 0 0 0 0 0 0 0 0 0 0 0 0 0 0 0 0 0
0 0 0 0 0 0 0 0 0 0 0 0 0 0 0 0 0 0 0 0 0 0 0 0 0 0 0 0 0 0 0 0 0 0 0 0 0 0 0 0 0 0 0 0 0 0 0 0 0 0 0.000305151 0.00113509 0.00363705 0.0101023 0.0245403 0.0527075 0.101187 0.174907 0.273216 0.386646 0.499344 0.599242 0.691435 0.805345 0.980925 1.22838 1.50008 1.71124 1.78899 1.70957 1.50194 1.22786 0.958922 0.753721 0.631184 0.563559 0.510188 0.447486 0.370232 0.288062 0.228496 0.228819 0.284069 0.35415 0.413494 0.449089 0.449613 0.409769 0.342193 0.274973 0.228153 0.194372 0.156972 0.113062 0.0707505 0.0380866 0.0175681 0.00693047 0.00233575 0.000672084 0 0 0 0 0 0 0 0 0 0 0 0 0 0 0 0 0 0 0 0 0 0 0 0 0 0 0 0 0 0 0 0 0 0 0 0 0 0 0 0 0 0 0 0 0 0 0 0 0 0
0 0 0 0 0 0 0 0 0 0 0 0 0 0 0 0 0 0 0 0 0 0 0 0 0 0 0 0 0 0 0 0 0 0 0 0 0 0 0 0 0 0 0 0 0 0 0 0 0 0 0.000217709 0.000827158 0.00273002 0.00788588 0.0200941 0.045459 0.0916114 0.164624 0.263548 0.376876 0.485592 0.574762 0.64768 0.732259 0.866612 1.06275 1.28342 1.45995 1.53273 1.48182 1.32837 1.1164 0.896252 0.712294 0.586021 0.505641 0.4431 0.379108 0.310096 0.245557 0.20523 0.20773 0.246728 0.298818 0.346934 0.380195 0.387305 0.361312 0.310339 0.25586 0.214087 0.181001 0.144824 0.103731 0.0647324 0.0348027 0.0160439 0.00632758 0.00213229 0 0 0 0 0 0 0 0 0 0 0 0 0 0 0 0 0 0 0 0 0 0 0 0 0 0 0 0 0 0 0 0 0 0 0 0 0 0 0 0 0 0 0 0 0 0 0 0 0 0 0
0 0 0 0 0 0 0 0 0 0 0 0 0 0 0 0 0 0 0 0 0 0 0 0 0 0 0 0 0 0 0 0 0 0 0 0 0 0 0 0 0 0 0 0 0 0 0 0 0 0 0.000141039 0.000557066 0.00192518 0.00584576 0.0156353 0.0368585 0.0765376 0.140077 0.226039 0.323401 0.414796 0.487084 0.543437 0.607831 0.711298 0.862783 1.03411 1.17524 1.24351 1.2243 1.12998 0.985796 0.821079 0.666738 0.546359 0.462546 0.399086 0.340734 0.285991 0.24336 0.21948 0.213818 0.225107 0.251909 0.287868 0.320659 0.334339 0.318335 0.276814 0.226574 0.183192 0.148523 0.11553 0.081589 0.0505958 0.0271284 0.0124914 0.0049239 0.00165888 0 0 0 0 0 0 0 0 0 0 0 0 0 0 0 0 0 0 0 0 0 0 0 0 0 0 0 0 0 0 0 0 0 0 0 0 0 0 0 0 0 0 0 0 0 0 0 0 0 0 0
0 0 0 0 0 0 0 0 0 0 0 0 0 0 0 0 0 0 0 0 0 0 0 0 0 0 0 0 0 0 0 0 0 0 0 0 0 0 0 0 0 0 0 0 0 0 0 0 0 0 0 0.000362649 0.00131428 0.004157 0.0114679 0.0275804 0.0578993 0.106279 0.171174 0.244032 0.312469 0.368795 0.418728 0.482175 0.579214 0.710017 0.849924 0.962729 1.0206 1.01662 0.960486 0.866441 0.749696 0.629994 0.527783 0.451202 0.392776 0.34445 0.308528 0.288324 0.275768 0.260454 0.243885 0.236836 0.2455 0.262251 0.27056 0.257846 0.224206 0.180709 0.140027 0.107309 0.0799334 0.0551299 0.0338174 0.0180466 0.00829276 0.00326599 0.00109988 0 0 0 0 0 0 0 0 0 0 0 0 0 0 0 0 0 0 0 0 0 0 0 0 0 0 0 0 0 0 0 0 0 0 0 0 0 0 0 0 0 0 0 0 0 0 0 0 0 0 0
0 0 0 0 0 0 0 0 0 0 0 0 0 0 0 0 0 0 0 0 0 0 0 0 0 0 0 0 0 0 0 0 0 0 0 0 0 0 0 0 0 0 0 0 0 0 0 0 0 0 0 0.000230454 0.000860352 0.0027763 0.00774361 0.0187712 0.0394082 0.0721217 0.11611 0.166396 0.217319 0.268429 0.328722 0.41237 0.52647 0.661243 0.790478 0.88316 0.920994 0.907201 0.857667 0.786619 0.703918 0.620467 0.546959 0.486964 0.438718 0.404878 0.390847 0.389085 0.380037 0.352304 0.311126 0.26974 0.238519 0.219836 0.206776 0.188741 0.161076 0.127455 0.0950641 0.0686691 0.0483505 0.0321628 0.0193754 0.0102561 0.00469642 0.00184683 0.000621551 0 0 0 0 0 0 0 0 0 0 0 0 0 0 0 0 0 0 0 0 0 0 0 0 0 0 0 0 0 0 0 0 0 0 0 0 0 0 0 0 0 0 0 0 0 0 0 0 0 0 0
0 0 0 0 0 0 0 0 0 0 0 0 0 0 0 0 0 0 0 0 0 0 0 0 0 0 0 0 0 0 0 0 0 0 0 0 0 0 0 0 0 0 0 0 0 0 0 0 0 0 0 0 0.000526069 0.00170502 0.00475163 0.0118049 0.0250287 0.046585 0.0772778 0.116594 0.164773 0.225401 0.306133 0.415299 0.554218 0.707881 0.843601 0.925918 0.939654 0.898857 0.831978 0.761665 0.699425 0.648451 0.605013 0.564958 0.533615 0.524304 0.538589 0.55372 0.542111 0.495031 0.423664 0.344965 0.271256 0.210014 0.16461 0.131926 0.105108 0.0801957 0.0576458 0.0393662 0.0259381 0.0163758 0.00956785 0.00499185 0.0022713 0.000890735 0 0 0 0 0 0 0 0 0 0 0 0 0 0 0 0 0 0 0 0 0 0 0 0 0 0 0 0 0 0 0 0 0 0 0 0 0 0 0 0 0 0 0 0 0 0 0 0 0 0 0 0
0 0 0 0 0 0 0 0 0 0 0 0 0 0 0 0 0 0 0 0 0 0 0 0 0 0 0 0 0 0 0 0 0 0 0 0 0 0 0 0 0 0 0 0 0 0 0 0 0 0 0 0 0.000297247 0.000960755 0.00309587 0.007898 0.017936 0.0361718 0.065669 0.108664 0.166442 0.241525 0.340592 0.473303 0.641379 0.823958 0.976776 1.05452 1.04187 0.964056 0.865689 0.782526 0.730259 0.703097 0.682681 0.661415 0.65417 0.679141 0.72621 0.757928 0.741716 0.671613 0.564344 0.442903 0.325779 0.2258 0.150337 0.0998282 0.0682413 0.0474855 0.0322658 0.0208096 0.012735 0.00746735 0.00413542 0.00209671 0.00094122 0 0 0 0 0 0 0 0 0 0 0 0 0 0 0 0 0 0 0 0 0 0 0 0 0 0 0 0 0 0 0 0 0 0 0 0 0 0 0 0 0 0 0 0 0 0 0 0 0 0 0 0 0
0 0 0 0 0 0 0 0 0 0 0 0 0 0 0 0 0 0 0 0 0 0 0 0 0 0 0 0 0 0 0 0 0 0 0 0 0 0 0 0 0 0 0 0 0 0 0 0 0 0 0 0 0 0.00050069 0.00266602 0.00749648 0.0185852 0.0402183 0.0767754 0.130813 0.203103 0.296171 0.419185 0.583867 0.787538 0.998259 1.16032 1.22269 1.1734 1.04994 0.913404 0.812383 0.764081 0.751832 0.74686 0.743445 0.763723 0.822396 0.896293 0.939861 0.919451 0.830532 0.69233 0.532628 0.377485 0.246736 0.150466 0.0878825 0.0510252 0.0303668 0.0184477 0.0109823 0.00617642 0.00328211 0.00164859 0.000783025 0.000339057 0 0 0 0 0 0 0 0 0 0 0 0 0 0 0 0 0 0 0 0 0 0 0 0 0 0 0 0 0 0 0 0 0 0 0 0 0 0 0 0 0 0 0 0 0 0 0 0 0 0 0 0 0
0 0 0 0 0 0 0 0 0 0 0 0 0 0 0 0 0 0 0 0 0 0 0 0 0 0 0 0 0 0 0 0 0 0 0 0 0 0 0 0 0 0 0 0 0 0 0 0 0 0 0 0 0 0.000888222 0.00312183 0.00911889 0.0230993 0.0506624 0.0974196 0.166885 0.260995 0.3846 0.548146 0.757942 0.997045 1.21818 1.35982 1.37744 1.27238 1.09626 0.922219 0.805316 0.758796 0.755677 0.762711 0.777325 0.821589 0.900957 0.985218 1.03059 1.00698 0.910019 0.757329 0.577791 0.402449 0.256392 0.151431 0.084878 0.0460537 0.0244252 0.0127889 0.00664918 0.00332791 0.00158796 0.000692301 0.000288928 0 0 0 0 0 0 0 0 0 0 0 0 0 0 0 0 0 0 0 0 0 0 0 0 0 0 0 0 0 0 0 0 0 0 0 0 0 0 0 0 0 0 0 0 0 0 0 0 0 0 0 0 0 0
0 0 0 0 0 0 0 0 0 0 0 0 0 0 0 0 0 0 0 0 0 0 0 0 0 0 0 0 0 0 0 0 0 0 0 0 0 0 0 0 0 0 0 0 0 0 0 0 0 0 0 0 0 0.00108362 0.00371681 0.0109585 0.0278457 0.0614368 0.11942 0.208517 0.335161 0.507343 0.730813 0.995395 1.26174 1.46656 1.54983 1.48695 1.30461 1.07108 0.864464 0.736204 0.690352 0.692957 0.711244 0.742829 0.801537 0.882841 0.958124 0.993995 0.967916 0.875257 0.729152 0.555653 0.386045 0.246155 0.146945 0.0839578 0.0459955 0.0236875 0.0113 0.00506139 0.00211653 0.000894345 0 0 0 0 0 0 0 0 0 0 0 0 0 0 0 0 0 0 0 0 0 0 0 0 0 0 0 0 0 0 0 0 0 0 0 0 0 0 0 0 0 0 0 0 0 0 0 0 0 0 0 0 0 0 0 0
0 0 0 0 0 0 0 0 0 0 0 0 0 0 0 0 0 0 0 0 0 0 0 0 0 0 0 0 0 0 0 0 0 0 0 0 0 0 0 0 0 0 0 0 0 0 0 0 0 0 0 0 0 0.00117409 0.00403177 0.0119014 0.0304428 0.0681356 0.13582 0.246362 0.414173 0.650023 0.947985 1.27188 1.55472 1.71956 1.71568 1.54759 1.27475 0.983523 0.750576 0.614853 0.568028 0.573305 0.601104 0.645297 0.70706 0.774866 0.827843 0.846882 0.818837 0.739527 0.617186 0.472434 0.331973 0.217179 0.135288 0.0809909 0.045702 0.0235681 0.0108493 0.00446931 0.0015675 0.000401393 0 0 0 0 0 0 0 0 0 0 0 0 0 0 0 0 0 0 0 0 0 0 0 0 0 0 0 0 0 0 0 0 0 0 0 0 0 0 0 0 0 0 0 0 0 0 0 0 0 0 0 0 0 0 0 0
0 0 0 0 0 0 0 0 0 0 0 0 0 0 0 0 0 0 0 0 0 0 0 0 0 0 0 0 0 0 0 0 0 0 0 0 0 0 0 0 0 0 0 0 0 0 0 0 0 0 0 0 0 0.00111013 0.0038259 0.0113781 0.0294962 0.067803 0.1409 0.269732 0.4783 0.779295 1.15215 1.53142 1.82127 1.93426 1.83506 1.56085 1.20317 0.863564 0.613112 0.474077 0.425322 0.430246 0.463417 0.513087 0.568834 0.616202 0.643538 0.644884 0.615862 0.553857 0.463499 0.359125 0.259516 0.178018 0.117252 0.073227 0.0420851 0.0216599 0.00973213 0.00383743 0.00117345 0 0 0 0 0 0 0 0 0 0 0 0 0 0 0 0 0 0 0 0 0 0 0 0 0 0 0 0 0 0 0 0 0 0 0 0 0 0 0 0 0 0 0 0 0 0 0 0 0 0 0 0 0 0 0 0 0
0 0 0 0 0 0 0 0 0 0 0 0 0 0 0 0 0 0 0 0 0 0 0 0 0 0 0 0 0 0 0 0 0 0 0 0 0 0 0 0 0 0 0 0 0 0 0 0 0 0 0 0 0 0.000906933 0.00314697 0.00948605 0.0252178 0.0604152 0.132991 0.270983 0.506125 0.852207 1.27704 1.69208 1.97873 2.04323 1.86618 1.51331 1.09999 0.735337 0.481935 0.346507 0.297539 0.300435 0.33405 0.382113 0.427158 0.454883 0.460918 0.448584 0.420251 0.375411 0.316389 0.251367 0.190115 0.137926 0.0950081 0.0605769 0.0348415 0.017718 0.00781491 0.00304658 0.00089863 0 0 0 0 0 0 0 0 0 0 0 0 0 0 0 0 0 0 0 0 0 0 0 0 0 0 0 0 0 0 0 0 0 0 0 0 0 0 0 0 0 0 0 0 0 0 0 0 0 0 0 0 0 0 0 0 0
0 0 0 0 0 0 0 0 0 0 0 0 0 0 0 0 0 0 0 0 0 0 0 0 0 0 0 0 0 0 0 0 0 0 0 0 0 0 0 0 0 0 0 0 0 0 0 0 0 0 0 0 0 0.000637819 0.0022399 0.00691046 0.0191294 0.0486129 0.114543 0.247938 0.483499 0.835394 1.26699 1.68069 1.94948 1.97972 1.76369 1.38305 0.962407 0.608243 0.372418 0.250505 0.20586 0.207275 0.237772 0.279561 0.313167 0.325795 0.317311 0.296422 0.270275 0.240197 0.206345 0.170922 0.136189 0.102991 0.0722455 0.0459861 0.0261535 0.0131646 0.00570197 0.00170017 0.000592047 0 0 0 0 0 0 0 0 0 0 0 0 0 0 0 0 0 0 0 0 0 0 0 0 0 0 0 0 0 0 0 0 0 0 0 0 0 0 0 0 0 0 0 0 0 0 0 0 0 0 0 0 0 0 0 0 0
0 0 0 0 0 0 0 0 0 0 0 0 0 0 0 0 0 0 0 0 0 0 0 0 0 0 0 0 0 0 0 0 0 0 0 0 0 0 0 0 0 0 0 0 0 0 0 0 0 0 0 0 0 0.000386564 0.00138664 0.00444722 0.013069 0.0356964 0.0899499 0.204607 0.411989 0.725656 1.11208 1.48066 1.71363 1.72631 1.51692 1.16681 0.792544 0.487501 0.291049 0.192414 0.156814 0.158381 0.183515 0.216453 0.239514 0.241493 0.223829 0.197835 0.174232 0.155703 0.139306 0.121626 0.100865 0.0775867 0.0544757 0.0346247 0.0198535 0.0102445 0.00457894 0.00174575 0 0 0 0 0 0 0 0 0 0 0 0 0 0 0 0 0 0 0 0 0 0 0 0 0 0 0 0 0 0 0 0 0 0 0 0 0 0 0 0 0 0 0 0 0 0 0 0 0 0 0 0 0 0 0 0 0 0
0 0 0 0 0 0 0 0 0 0 0 0 0 0 0 0 0 0 0 0 0 0 0 0 0 0 0 0 0 0 0 0 0 0 0 0 0 0 0 0 0 0 0 0 0 0 0 0 0 0 0 0 0 0.000203253 0.000756565 0.00257627 0.00817097 0.0240101 0.0639134 0.150723 0.310468 0.554886 0.858366 1.14902 1.33221 1.34014 1.17333 0.900054 0.614834 0.389214 0.248073 0.177831 0.1525 0.15369 0.170529 0.191894 0.204094 0.197291 0.172863 0.142776 0.1205 0.109999 0.104535 0.0963564 0.0827097 0.0653024 0.0475385 0.0320281 0.0198705 0.0111874 0.00535195 0.00236697 0.000924165 0 0 0 0 0 0 0 0 0 0 0 0 0 0 0 0 0 0 0 0 0 0 0 0 0 0 0 0 0 0 0 0 0 0 0 0 0 0 0 0 0 0 0 0 0 0 0 0 0 0 0 0 0 0 0 0 0
0 0 0 0 0 0 0 0 0 0 0 0 0 0 0 0 0 0 0 0 0 0 0 0 0 0 0 0 0 0 0 0 0 0 0 0 0 0 0 0 0 0 0 0 0 0 0 0 0 0 0 0 0 0 0.00037176 0.00137127 0.00470723 0.0146927 0.0406807 0.0983539 0.20604 0.372724 0.581904 0.784548 0.915149 0.927079 0.82245 0.650763 0.476603 0.343183 0.260287 0.218031 0.201726 0.198671 0.202001 0.20695 0.204823 0.187173 0.15473 0.118734 0.0939979 0.0863627 0.086597 0.0843074 0.0765166 0.0648092 0.0513846 0.0376962 0.025038 0.0147563 0.00749964 0.00338129 0.00131261 0.000438188 0 0 0 0 0 0 0 0 0 0 0 0 0 0 0 0 0 0 0 0 0 0 0 0 0 0 0 0 0 0 0 0 0 0 0 0 0 0 0 0 0 0 0 0 0 0 0 0 0 0 0 0 0 0 0 0
0 0 0 0 0 0 0 0 0 0 0 0 0 0 0 0 0 0 0 0 0 0 0 0 0 0 0 0 0 0 0 0 0 0 0 0 0 0 0 0 0 0 0 0 0 0 0 0 0 0 0 0 0 0 0.000168693 0.000677761 0.00248533 0.00809618 0.0230276 0.0567152 0.120456 0.220479 0.348034 0.475064 0.563988 0.589539 0.555616 0.490002 0.421658 0.367204 0.334778 0.322832 0.317926 0.307709 0.290915 0.271792 0.248666 0.214817 0.169817 0.123187 0.0886858 0.0748046 0.0748293 0.0766163 0.0750555 0.0692663 0.0591751 0.045711 0.0313017 0.018744 0.00976236 0.00439352 0.00170993 0.000572666 0 0 0 0 0 0 0 0 0 0 0 0 0 0 0 0 0 0 0 0 0 0 0 0 0 0 0 0 0 0 0 0 0 0 0 0 0 0 0 0 0 0 0 0 0 0 0 0 0 0 0 0 0 0 0 0
0 0 0 0 0 0 0 0 0 0 0 0 0 0 0 0 0 0 0 0 0 0 0 0 0 0 0 0 0 0 0 0 0 0 0 0 0 0 0 0 0 0 0 0 0 0 0 0 0 0 0 0 0 0 0 0.000310006 0.0011906 0.00399175 0.0115728 0.0290006 0.062509 0.116315 0.187758 0.265671 0.335631 0.388825 0.423735 0.440374 0.44227 0.444759 0.463535 0.490979 0.503175 0.485166 0.441242 0.387356 0.333538 0.277103 0.215361 0.154482 0.10513 0.0759508 0.0675549 0.0700894 0.0737515 0.0732208 0.0661002 0.0530645 0.0373842 0.022944 0.0122103 0.00561008 0.00222383 0.000757866 0.00022168 0 0 0 0 0 0 0 0 0 0 0 0 0 0 0 0 0 0 0 0 0 0 0 0 0 0 0 0 0 0 0 0 0 0 0 0 0 0 0 0 0 0 0 0 0 0 0 0 0 0 0 0 0 0 0
0 0 0 0 0 0 0 0 0 0 0 0 0 0 0 0 0 0 0 0 0 0 0 0 0 0 0 0 0 0 0 0 0 0 0 0 0 0 0 0 0 0 0 0 0 0 0 0 0 0 0 0 0 0 0 0.000129981 0.000514792 0.00176106 0.00523345 0.0134035 0.0297636 0.0580011 0.100917 0.159982 0.234396 0.31721 0.39347 0.450133 0.493832 0.550053 0.628048 0.701538 0.734812 0.709241 0.63255 0.532801 0.436687 0.351243 0.271828 0.198425 0.136844 0.0930307 0.0704601 0.0670447 0.0725272 0.0763013 0.0727171 0.0611807 0.0449289 0.0286135 0.0157187 0.00743891 0.00302098 0.00105097 0.000312813 0 0 0 0 0 0 0 0 0 0 0 0 0 0 0 0 0 0 0 0 0 0 0 0 0 0 0 0 0 0 0 0 0 0 0 0 0 0 0 0 0 0 0 0 0 0 0 0 0 0 0 0 0 0 0
0 0 0 0 0 0 0 0 0 0 0 0 0 0 0 0 0 0 0 0 0 0 0 0 0 0 0 0 0 0 0 0 0 0 0 0 0 0 0 0 0 0 0 0 0 0 0 0 0 0 0 0 0 0 0 0 0.000201358 0.000699347 0.00223005 0.00612229 0.015002 0.0334811 0.0682767 0.125882 0.206927 0.300851 0.389622 0.46525 0.546563 0.660175 0.796562 0.912495 0.965346 0.933288 0.824352 0.675271 0.529969 0.411096 0.316286 0.237522 0.172491 0.12207 0.0877134 0.0724575 0.0744431 0.0810997 0.0813365 0.071635 0.0546214 0.0358458 0.0201722 0.00972311 0.00400588 0.00140943 0.000423236 0 0 0 0 0 0 0 0 0 0 0 0 0 0 0 0 0 0 0 0 0 0 0 0 0 0 0 0 0 0 0 0 0 0 0 0 0 0 0 0 0 0 0 0 0 0 0 0 0 0 0 0 0 0 0
0 0 0 0 0 0 0 0 0 0 0 0 0 0 0 0 0 0 0 0 0 0 0 0 0 0 0 0 0 0 0 0 0 0 0 0 0 0 0 0 0 0 0 0 0 0 0 0 0 0 0 0 0 0 0 0 0 0.000253494 0.0010986 0.00356619 0.0102823 0.0263405 0.0591732 0.115493 0.195396 0.288242 0.379413 0.470411 0.588647 0.751643 0.931016 1.07478 1.13967 1.10315 0.971401 0.783557 0.59454 0.443294 0.336496 0.261054 0.203262 0.154941 0.11399 0.0863376 0.080016 0.0865675 0.0892413 0.0806818 0.0627525 0.0417809 0.0237644 0.0115413 0.00478168 0.00168945 0.000508927 0 0 0 0 0 0 0 0 0 0 0 0 0 0 0 0 0 0 0 0 0 0 0 0 0 0 0 0 0 0 0 0 0 0 0 0 0 0 0 0 0 0 0 0 0 0 0 0 0 0 0 0 0 0 0
0 0 0 0 0 0 0 0 0 0 0 0 0 0 0 0 0 0 0 0 0 0 0 0 0 0 0 0 0 0 0 0 0 0 0 0 0 0 0 0 0 0 0 0 0 0 0 0 0 0 0 0 0 0 0 0 0 0.00017406 0.000795436 0.00290448 0.00905114 0.0243107 0.0561347 0.111318 0.190168 0.28284 0.377235 0.479727 0.619575 0.806284 1.00183 1.15199 1.21725 1.17817 1.03906 0.83517 0.622251 0.448503 0.333293 0.266173 0.222212 0.181311 0.137896 0.100592 0.0841321 0.0869431 0.0897956 0.0819103 0.064168 0.0429387 0.0245107 0.0119322 0.004952 0.00175176 0.000528179 0.000135725 0 0 0 0 0 0 0 0 0 0 0 0 0 0 0 0 0 0 0 0 0 0 0 0 0 0 0 0 0 0 0 0 0 0 0 0 0 0 0 0 0 0 0 0 0 0 0 0 0 0 0 0 0 0
0 0 0 0 0 0 0 0 0 0 0 0 0 0 0 0 0 0 0 0 0 0 0 0 0 0 0 0 0 0 0 0 0 0 0 0 0 0 0 0 0 0 0 0 0 0 0 0 0 0 0 0 0 0 0 0 0 0.000172003 0.000756549 0.00288345 0.00930535 0.0255871 0.0602076 0.121275 0.209735 0.314142 0.417442 0.519353 0.647497 0.81776 0.996285 1.12952 1.1822 1.14082 1.00959 0.816005 0.607135 0.429663 0.311931 0.252805 0.222149 0.18988 0.14776 0.105883 0.0814817 0.0786741 0.0799705 0.07285 0.0570938 0.0382114 0.0218145 0.0106176 0.00440538 0.00155801 0.000469638 0 0 0 0 0 0 0 0 0 0 0 0 0 0 0 0 0 0 0 0 0 0 0 0 0 0 0 0 0 0 0 0 0 0 0 0 0 0 0 0 0 0 0 0 0 0 0 0 0 0 0 0 0 0 0
0 0 0 0 0 0 0 0 0 0 0 0 0 0 0 0 0 0 0 0 0 0 0 0 0 0 0 0 0 0 0 0 0 0 0 0 0 0 0 0 0 0 0 0 0 0 0 0 0 0 0 0 0 0 0 0 0 0.000191501 0.000858844 0.00331418 0.0108346 0.0302281 0.0720059 0.146488 0.254985 0.381624 0.498238 0.5889 0.674369 0.787757 0.91644 1.01229 1.042 0.997698 0.885166 0.723078 0.54395 0.38438 0.273831 0.220819 0.198854 0.174377 0.137545 0.0978982 0.0715025 0.0646054 0.063822 0.0574765 0.044718 0.0297558 0.0169041 0.00819375 0.00338799 0.00119477 0.000359282 0 0 0 0 0 0 0 0 0 0 0 0 0 0 0 0 0 0 0 0 0 0 0 0 0 0 0 0 0 0 0 0 0 0 0 0 0 0 0 0 0 0 0 0 0 0 0 0 0 0 0 0 0 0 0
0 0 0 0 0 0 0 0 0 0 0 0 0 0 0 0 0 0 0 0 0 0 0 0 0 0 0 0 0 0 0 0 0 0 0 0 0 0 0 0 0 0 0 0 0 0 0 0 0 0 0 0 0 0 0 0 0 0.000216028 0.000975884 0.00377811 0.0124275 0.0348349 0.0832849 0.169864 0.295839 0.441149 0.567643 0.64436 0.679823 0.717693 0.776188 0.823129 0.826508 0.780671 0.692521 0.572723 0.438435 0.312745 0.219965 0.173636 0.156477 0.13872 0.110449 0.0792771 0.0581433 0.0516237 0.0495538 0.0434599 0.0330326 0.0215349 0.0120159 0.00573431 0.00233948 0.000815651 0.000242915 0 0 0 0 0 0 0 0 0 0 0 0 0 0 0 0 0 0 0 0 0 0 0 0 0 0 0 0 0 0 0 0 0 0 0 0 0 0 0 0 0 0 0 0 0 0 0 0 0 0 0 0 0 0 0
0 0 0 0 0 0 0 0 0 0 0 0 0 0 0 0 0 0 0 0 0 0 0 0 0 0 0 0 0 0 0 0 0 0 0 0 0 0 0 0 0 0 0 0 0 0 0 0 0 0 0 0 0 0 0 0 0 0.000220075 0.000996424 0.00385876 0.0127043 0.0356436 0.0852505 0.1739 0.302593 0.449861 0.573861 0.636129 0.634193 0.609141 0.600967 0.601541 0.583848 0.540867 0.478208 0.400359 0.312569 0.226082 0.157679 0.120678 0.106972 0.095031 0.0765775 0.0571933 0.0460918 0.0437853 0.0418092 0.0355644 0.0260941 0.0164129 0.00884192 0.0040796 0.00161222 0.000545712 0.00015819 0 0 0 0 0 0 0 0 0 0 0 0 0 0 0 0 0 0 0 0 0 0 0 0 0 0 0 0 0 0 0 0 0 0 0 0 0 0 0 0 0 0 0 0 0 0 0 0 0 0 0 0 0 0 0
0 0 0 0 0 0 0 0 0 0 0 0 0 0 0 0 0 0 0 0 0 0 0 0 0 0 0 0 0 0 0 0 0 0 0 0 0 0 0 0 0 0 0 0 0 0 0 0 0 0 0 0 0 0 0 0 0 0 0.000879135 0.00339391 0.0111987 0.0314248 0.0751469 0.153216 0.266357 0.395196 0.501649 0.548769 0.528431 0.471816 0.422595 0.392421 0.364265 0.329069 0.28909 0.244788 0.19485 0.142987 0.0991331 0.073266 0.0631558 0.0560204 0.0463585 0.0382535 0.0366316 0.0382053 0.0368877 0.0309364 0.0222192 0.0136329 0.00714429 0.00319858 0.00122385 0.000400365 0.000112021 0 0 0 0 0 0 0 0 0 0 0 0 0 0 0 0 0 0 0 0 0 0 0 0 0 0 0 0 0 0 0 0 0 0 0 0 0 0 0 0 0 0 0 0 0 0 0 0 0 0 0 0 0 0 0
0 0 0 0 0 0 0 0 0 0 0 0 0 0 0 0 0 0 0 0 0 0 0 0 0 0 0 0 0 0 0 0 0 0 0 0 0 0 0 0 0 0 0 0 0 0 0 0 0 0 0 0 0 0 0 0 0 0 0.000663224 0.00256069 0.00844223 0.0236811 0.056621 0.115393 0.200474 0.297064 0.375999 0.408237 0.385101 0.326922 0.268276 0.228036 0.199823 0.1749 0.152195 0.130141 0.105446 0.0784028 0.0541073 0.0386103 0.0321495 0.0285862 0.0252339 0.0247689 0.0280265 0.0309692 0.0301668 0.0252161 0.0179913 0.0109466 0.00567919 0.00251259 0.000948082 0.000305171 0 0 0 0 0 0 0 0 0 0 0 0 0 0 0 0 0 0 0 0 0 0 0 0 0 0 0 0 0 0 0 0 0 0 0 0 0 0 0 0 0 0 0 0 0 0 0 0 0 0 0 0 0 0 0 0
0 0 0 0 0 0 0 0 0 0 0 0 0 0 0 0 0 0 0 0 0 0 0 0 0 0 0 0 0 0 0 0 0 0 0 0 0 0 0 0 0 0 0 0 0 0 0 0 0 0 0 0 0 0 0 0 0 0 0.000426739 0.0016477 0.00542125 0.0152258 0.036393 0.0741406 0.128761 0.190649 0.240889 0.260403 0.242678 0.199393 0.152593 0.118181 0.0963373 0.0810059 0.0695545 0.059929 0.0493054 0.0370699 0.0254883 0.0176086 0.0141537 0.0128588 0.0129457 0.0154978 0.0194104 0.022003 0.0215208 0.0179812 0.0128094 0.00777747 0.00402465 0.00177502 0.000667248 0.000213793 0 0 0 0 0 0 0 0 0 0 0 0 0 0 0 0 0 0 0 0 0 0 0 0 0 0 0 0 0 0 0 0 0 0 0 0 0 0 0 0 0 0 0 0 0 0 0 0 0 0 0 0 0 0 0 0
0 0 0 0 0 0 0 0 0 0 0 0 0 0 0 0 0 0 0 0 0 0 0 0 0 0 0 0 0 0 0 0 0 0 0 0 0 0 0 0 0 0 0 0 0 0 0 0 0 0 0 0 0 0 0 0 0 0 0 0.000903623 0.00297316 0.00833608 0.019945 0.0406221 0.0705141 0.104372 0.131738 0.142038 0.131419 0.105803 0.0769947 0.0546979 0.0409422 0.0326912 0.0275453 0.0238384 0.0198552 0.0150552 0.010327 0.00694656 0.00544377 0.00529934 0.00645496 0.00895039 0.0117351 0.0134317 0.0131588 0.0109948 0.00782994 0.00475179 0.00245749 0.00108306 0.000406771 0 0 0 0 0 0 0 0 0 0 0 0 0 0 0 0 0 0 0 0 0 0 0 0 0 0 0 0 0 0 0 0 0 0 0 0 0 0 0 0 0 0 0 0 0 0 0 0 0 0 0 0 0 0 0 0 0
0 0 0 0 0 0 0 0 0 0 0 0 0 0 0 0 0 0 0 0 0 0 0 0 0 0 0 0 0 0 0 0 0 0 0 0 0 0 0 0 0 0 0 0 0 0 0 0 0 0 0 0 0 0 0 0 0 0 0 0.000422303 0.0013895 0.00389586 0.00930815 0.0189737 0.0329289 0.0487059 0.061456 0.0661532 0.0609468 0.0484614 0.0340985 0.0225644 0.0154154 0.0115223 0.0094485 0.00817618 0.00687129 0.00524546 0.00359322 0.00238214 0.00188198 0.00209881 0.00305714 0.00456162 0.00609805 0.007004 0.00686596 0.00573718 0.00408539 0.00247907 0.00128192 0.000564875 0 0 0 0 0 0 0 0 0 0 0 0 0 0 0 0 0 0 0 0 0 0 0 0 0 0 0 0 0 0 0 0 0 0 0 0 0 0 0 0 0 0 0 0 0 0 0 0 0 0 0 0 0 0 0 0 0 0
0 0 0 0 0 0 0 0 0 0 0 0 0 0 0 0 0 0 0 0 0 0 0 0 0 0 0 0 0 0 0 0 0 0 0 0 0 0 0 0 0 0 0 0 0 0 0 0 0 0 0 0 0 0 0 0 0 0 0 0 0.00055338 0.00155156 0.00370701 0.00754746 0.0131074 0.0193843 0.0244337 0.0262886 0.0241524 0.0190644 0.0131295 0.00824445 0.00516391 0.00356336 0.00280967 0.00241538 0.00203901 0.00156467 0.00107754 0.000720968 0.000611638 0.000807401 0.0012941 0.00201274 0.00270833 0.00311458 0.00305387 0.00255188 0.00181715 0.00110264 0.000570165 0 0 0 0 0 0 0 0 0 0 0 0 0 0 0 0 0 0 0 0 0 0 0 0 0 0 0 0 0 0 0 0 0 0 0 0 0 0 0 0 0 0 0 0 0 0 0 0 0 0 0 0 0 0 0 0 0 0 0
0 0 0 0 0 0 0 0 0 0 0 0 0 0 0 0 0 0 0 0 0 0 0 0 0 0 0 0 0 0 0 0 0 0 0 0 0 0 0 0 0 0 0 0 0 0 0 0 0 0 0 0 0 0 0 0 0 0 0 0 0 0.000526555 0.00125806 0.00256136 0.00444387 0.00657008 0.00828681 0.00890247 0.00817232 0.00641712 0.00436399 0.00264391 0.00153923 0.000972681 0.000726222 0.00061424 0.000515045 0.000400436 0.000279995 0.000199019 0.000194299 0.000268918 0.000483289 0.000760768 0.00102607 0.0011805 0.00115758 0.000967312 0.000688811 0 0 0 0 0 0 0 0 0 0 0 0 0 0 0 0 0 0 0 0 0 0 0 0 0 0 0 0 0 0 0 0 0 0 0 0 0 0 0 0 0 0 0 0 0 0 0 0 0 0 0 0 0 0 0 0 0 0 0 0 0
0 0 0 0 0 0 0 0 0 0 0 0 0 0 0 0 0 0 0 0 0 0 0 0 0 0 0 0 0 0 0 0 0 0 0 0 0 0 0 0 0 0 0 0 0 0 0 0 0 0 0 0 0 0 0 0 0 0 0 0 0 0 0.000363825 0.000740738 0.00128512 0.0019 0.00239385 0.00257056 0.00235356 0.00184234 0.00123576 0.000737846 0.000406611 0.000235317 0.00016389 0.000134747 0.000111639 8.74666e-05 6.30829e-05 5.24153e-05 4.11874e-05 8.45408e-05 0.000155278 0.000245494 0.000331378 0.000381314 0.000373919 0 0 0 0 0 0 0 0 0 0 0 0 0 0 0 0 0 0 0 0 0 0 0 0 0 0 0 0 0 0 0 0 0 0 0 0 0 0 0 0 0 0 0 0 0 0 0 0 0 0 0 0 0 0 0 0 0 0 0 0 0 0 0
0 0 0 0 0 0 0 0 0 0 0 0 0 0 0 0 0 0 0 0 0 0 0 0 0 0 0 0 0 0 0 0 0 0 0 0 0 0 0 0 0 0 0 0 0 0 0 0 0 0 0 0 0 0 0 0 0 0 0 0 0 0 0 0 0.000316701 0.000468216 0.000589865 0.000633373 0.000579706 0.000452642 0.00030231 0.000174184 9.25487e-05 4.92157e-05 3.13903e-05 2.3162e-05 1.98651e-05 1.66628e-05 1.35505e-05 0 0 0 0 0 0 0 0 0 0 0 0 0 0 0 0 0 0 0 0 0 0 0 0 0 0 0 0 0 0 0 0 0 0 0 0 0 0 0 0 0 0 0 0 0 0 0 0 0 0 0 0 0 0 0 0 0 0 0 0 0 0 0 0 0 0 0 0 0 0 0
0 0 0 0 0 0 0 0 0 0 0 0 0 0 0 0 0 0 0 0 0 0 0 0 0 0 0 0 0 0 0 0 0 0 0 0 0 0 0 0 0 0 0 0 0 0 0 0 0 0 0 0 0 0 0 0 0 0 0 0 0 0 0 0 0 0 0.00012387 0.000132981 0.000121653 9.48359e-05 6.3277e-05 3.61883e-05 1.80425e-05 0 3.09735e-06 3.38877e-06 0 0 0 0 0 0 0 0 0 0 0 0 0 0 0 0 0 0 0 0 0 0 0 0 0 0 0 0 0 0 0 0 0 0 0 0 0 0 0 0 0 0 0 0 0 0 0 0 0 0 0 0 0 0 0 0 0 0 0 0 0 0 0 0 0 0 0 0 0 0 0 0 0 0
0 0 0 0 0 0 0 0 0 0 0 0 0 0 0 0 0 0 0 0 0 0 0 0 0 0 0 0 0 0 0 0 0 0 0 0 0 0 0 0 0 0 0 0 0 0 0 0 0 0 0 0 0 0 0 0 0 0 0 0 0 0 0 0 0 0 0 0 0 0 0 0 0 0 0 0 0 0 0 0 0 0 0 0 0 0 0 0 0 0 0 0 0 0 0 0 0 0 0 0 0 0 0 0 0 0 0 0 0 0 0 0 0 0 0 0 0 0 0 0 0 0 0 0 0 0 0 0 0 0 0 0 0 0 0 0 0 0 0 0 0 0 0 0 0 0 0 0 0 0
0 0 0 0 0 0 0 0 0 0 0 0 0 0 0 0 0 0 0 0 0 0 0 0 0 0 0 0 0 0 0 0 0 0 0 0 0 0 0 0 0 0 0 0 0 0 0 0 0 0 0 0 0 0 0 0 0 0 0 0 0 0 0 0 0 0 0 0 0 0 0 0 0 0 0 0 0 0 0 0 0 0 0 0 0 0 0 0 0 0 0 0 0 0 0 0 0 0 0 0 0 0 0 0 0 0 0 0 0 0 0 0 0 0 0 0 0 0 0 0 0 0 0 0 0 0 0 0 0 0 0 0 0 0 0 0 0 0 0 0 0 0 0 0 0 0 0 0 0 0
0 0 0 0 0 0 0 0 0 0 0 0 0 0 0 0 0 0 0 0 0 0 0 0 0 0 0 0 0 0 0 0 0 0 0 0 0 0 0 0 0 0 0 0 0 0 0 0 0 0 0 0 0 0 0 0 0 0 0 0 0 0 0 0 0 0 0 0 0 0 0 0 0 0 0 0 0 0 0 0 0 0 0 0 0 0 0 0 0 0 0 0 0 0 0 0 0 0 0 0 0 0 0 0 0 0 0 0 0 0 0 0 0 0 0 0 0 0 0 0 0 0 0 0 0 0 0 0 0 0 0 0 0 0 0 0 0 0 0 0 0 0 0 0 0 0 0 0 0 0
0 0 0 0 0 0 0 0 0 0 0 0 0 0 0 0 0 0 0 0 0 0 0 0 0 0 0 0 0 0 0 0 0 0 0 0 0 0 0 0 0 0 0 0 0 0 0 0 0 0 0 0 0 0 0 0 0 0 0 0 0 0 0 0 0 0 0 0 0 0 0 0 0 0 0 0 0 0 0 0 0 0 0 0 0 0 0 0 0 0 0 0 0 0 0 0 0 0 0 0 0 0 0 0 0 0 0 0 0 0 0 0 0 0 0 0 0 0 0 0 0 0 0 0 0 0 0 0 0 0 0 0 0 0 0 0 0 0 0 0 0 0 0 0 0 0 0 0 0 0
0 0 0 0 0 0 0 0 0 0 0 0 0 0 0 0 0 0 0 0 0 0 0 0 0 0 0 0 0 0 0 0 0 0 0 0 0 0 0 0 0 0 0 0 0 0 0 0 0 0 0 0 0 0 0 0 0 0 0 0 0 0 0 0 0 0 0 0 0 0 0 0 0 0 0 0 0 0 0 0 0 0 0 0 0 0 0 0 0 0 0 0 0 0 0 0 0 0 0 0 0 0 0 0 0 0 0 0 0 0 0 0 0 0 0 0 0 0 0 0 0 0 0 0 0 0 0 0 0 0 0 0 0 0 0 0 0 0 0 0 0 0 0 0 0 0 0 0 0 0
0 0 0 0 0 0 0 0 0 0 0 0 0 0 0 0 0 0 0 0 0 0 0 0 0 0 0 0 0 0 0 0 0 0 0 0 0 0 0 0 0 0 0 0 0 0 0 0 0 0 0 0 0 0 0 0 0 0 0 0 0 0 0 0 0 0 0 0 0 0 0 0 0 0 0 0 0 0 0 0 0 0 0 0 0 0 0 0 0 0 0 0 0 0 0 0 0 0 0 0 0 0 0 0 0 0 0 0 0 0 0 0 0 0 0 0 0 0 0 0 0 0 0 0 0 0 0 0 0 0 0 0 0 0 0 0 0 0 0 0 0 0 0 0 0 0 0 0 0 0
0 0 0 0 0 0 0 0 0 0 0 0 0 0 0 0 0 0 0 0 0 0 0 0 0 0 0 0 0 0 0 0 0 0 0 0 0 0 0 0 0 0 0 0 0 0 0 0 0 0 0 0 0 0 0 0 0 0 0 0 0 0 0 0 0 0 0 0 0 0 0 0 0 0 0 0 0 0 0 0 0 0 0 0 0 0 0 0 0 0 0 0 0 0 0 0 0 0 0 0 0 0 0 0 0 0 0 0 0 0 0 0 0 0 0 0 0 0 0 0 0 0 0 0 0 0 0 0 0 0 0 0 0 0 0 0 0 0 0 0 0 0 0 0 0 0 0 0 0 0
0 0 0 0 0 0 0 0 0 0 0 0 0 0 0 0 0 0 0 0 0 0 0 0 0 0 0 0 0 0 0 0 0 0 0 0 0 0 0 0 0 0 0 0 0 0 0 0 0 0 0 0 0 0 0 0 0 0 0 0 0 0 0 0 0 0 0 0 0 0 0 0 0 0 0 0 0 0 0 0 0 0 0 0 0 0 0 0 0 0 0 0 0 0 0 0 0 0 0 0 0 0 0 0 0 0 0 0 0 0 0 0 0 0 0 0 0 0 0 0 0 0 0 0 0 0 0 0 0 0 0 0 0 0 0 0 0 0 0 0 0 0 0 0 0 0 0 0 0 0
0 0 0 0 0 0 0 0 0 0 0 0 0 0 0 0 0 0 0 0 0 0 0 0 0 0 0 0 0 0 0 0 0 0 0 0 0 0 0 0 0 0 0 0 0 0 0 0 0 0 0 0 0 0 0 0 0 0 0 0 0 0 0 0 0 0 0 0 0 0 0 0 0 0 0 0 0 0 0 0 0 0 0 0 0 0 0 0 0 0 0 0 0 0 0 0 0 0 0 0 0 0 0 0 0 0 0 0 0 0 0 0 0 0 0 0 0 0 0 0 0 0 0 0 0 0 0 0 0 0 0 0 0 0 0 0 0 0 0 0 0 0 0 0 0 0 0 0 0 0
0 0 0 0 0 0 0 0 0 0 0 0 0 0 0 0 0 0 0 0 0 0 0 0 0 0 0 0 0 0 0 0 0 0 0 0 0 0 0 0 0 0 0 0 0 0 0 0 0 0 0 0 0 0 0 0 0 0 0 0 0 0 0 0 0 0 0 0 0 0 0 0 0 0 0 0 0 0 0 0 0 0 0 0 0 0 0 0 0 0 0 0 0 0 0 0 0 0 0 0 0 0 0 0 0 0 0 0 0 0 0 0 0 0 0 0 0 0 0 0 0 0 0 0 0 0 0 0 0 0 0 0 0 0 0 0 0 0 0 0 0 0 0 0 0 0 0 0 0 0
0 0 0 0 0 0 0 0 0 0 0 0 0 0 0 0 0 0 0 0 0 0 0 0 0 0 0 0 0 0 0 0 0 0 0 0 0 0 0 0 0 0 0 0 0 0 0 0 0 0 0 0 0 0 0 0 0 0 0 0 0 0 0 0 0 0 0 0 0 0 0 0 0 0 0 0 0 0 0 0 0 0 0 0 0 0 0 0 0 0 0 0 0 0 0 0 0 0 0 0 0 0 0 0 0 0 0 0 0 0 0 0 0 0 0 0 0 0 0 0 0 0 0 0 0 0 0 0 0 0 0 0 0 0 0 0 0 0 0 0 0 0 0 0 0 0 0 0 0 0
0 0 0 0 0 0 0 0 0 0 0 0 0 0 0 0 0 0 0 0 0 0 0 0 0 0 0 0 0 0 0 0 0 0 0 0 0 0 0 0 0 0 0 0 0 0 0 0 0 0 0 0 0 0 0 0 0 0 0 0 0 0 0 0 0 0 0 0 0 0 0 0 0 0 0 0 0 0 0 0 0 0 0 0 0 0 0 0 0 0 0 0 0 0 0 0 0 0 0 0 0 0 0 0 0 0 0 0 0 0 0 0 0 0 0 0 0 0 0 0 0 0 0 0 0 0 0 0 0 0 0 0 0 0 0 0 0 0 0 0 0 0 0 0 0 0 0 0 0 0
0 0 0 0 0 0 0 0 0 0 0 0 0 0 0 0 0 0 0 0 0 0 0 0 0 0 0 0 0 0 0 0 0 0 0 0 0 0 0 0 0 0 0 0 0 0 0 0 0 0 0 0 0 0 0 0 0 0 0 0 0 0 0 0 0 0 0 0 0 0 0 0 0 0 0 0 0 0 0 0 0 0 0 0 0 0 0 0 0 0 0 0 0 0 0 0 0 0 0 0 0 0 0 0 0 0 0 0 0 0 0 0 0 0 0 0 0 0 0 0 0 0 0 0 0 0 0 0 0 0 0 0 0 0 0 0 0 0 0 0 0 0 0 0 0 0 0 0 0 0
0 0 0 0 0 0 0 0 0 0 0 0 0 0 0 0 0 0 0 0 0 0 0 0 0 0 0 0 0 0 0 0 0 0 0 0 0 0 0 0 0 0 0 0 0 0 0 0 0 0 0 0 0 0 0 0 0 0 0 0 0 0 0 0 0 0 0 0 0 0 0 0 0 0 0 0 0 0 0 0 0 0 0 0 0 0 0 0 0 0 0 0 0 0 0 0 0 0 0 0 0 0 0 0 0 0 0 0 0 0 0 0 0 0 0 0 0 0 0 0 0 0 0 0 0 0 0 0 0 0 0 0 0 0 0 0 0 0 0 0 0 0 0 0 0 0 0 0 0 0
0 0 0 0 0 0 0 0 0 0 0 0 0 0 0 0 0 0 0 0 0 0 0 0 0 0 0 0 0 0 0 0 0 0 0 0 0 0 0 0 0 0 0 0 0 0 0 0 0 0 0 0 0 0 0 0 0 0 0 0 0 0 0 0 0 0 0 0 0 0 0 0 0 0 0 0 0 0 0 0 0 0 0 0 0 0 0 0 0 0 0 0 0 0 0 0 0 0 0 0 0 0 0 0 0 0 0 0 0 0 0 0 0 0 0 0 0 0 0 0 0 0 0 0 0 0 0 0 0 0 0 0 0 0 0 0 0 0 0 0 0 0 0 0 0 0 0 0 0 0
0 0 0 0 0 0 0 0 0 0 0 0 0 0 0 0 0 0 0 0 0 0 0 0 0 0 0 0 0 0 0 0 0 0 0 0 0 0 0 0 0 0 0 0 0 0 0 0 0 0 0 0 0 0 0 0 0 0 0 0 0 0 0 0 0 0 0 0 0 0 0 0 0 0 0 0 0 0 0 0 0 0 0 0 0 0 0 0 0 0 0 0 0 0 0 0 0 0 0 0 0 0 0 0 0 0 0 0 0 0 0 0 0 0 0 0 0 0 0 0 0 0 0 0 0 0 0 0 0 0 0 0 0 0 0 0 0 0 0 0 0 0 0 0 0 0 0 0 0 0
0 0 0 0 0 0 0 0 0 0 0 0 0 0 0 0 0 0 0 0 0 0 0 0 0 0 0 0 0 0 0 0 0 0 0 0 0 0 0 0 0 0 0 0 0 0 0 0 0 0 0 0 0 0 0 0 0 0 0 0 0 0 0 0 0 0 0 0 0 0 0 0 0 0 0 0 0 0 0 0 0 0 0 0 0 0 0 0 0 0 0 0 0 0 0 0 0 0 0 0 0 0 0 0 0 0 0 0 0 0 0 0 0 0 0 0 0 0 0 0 0 0 0 0 0 0 0 0 0 0 0 0 0 0 0 0 0 0 0 0 0 0 0 0 0 0 0 0 0 0
0 0 0 0 0 0 0 0 0 0 0 0 0 0 0 0 0 0 0 0 0 0 0 0 0 0 0 0 0 0 0 0 0 0 0 0 0 0 0 0 0 0 0 0 0 0 0 0 0 0 0 0 0 0 0 0 0 0 0 0 0 0 0 0 0 0 0 0 0 0 0 0 0 0 0 0 0 0 0 0 0 0 0 0 0 0 0 0 0 0 0 0 0 0 0 0 0 0 0 0 0 0 0 0 0 0 0 0 0 0 0 0 0 0 0 0 0 0 0 0 0 0 0 0 0 0 0 0 0 0 0 0 0 0 0 0 0 0 0 0 0 0 0 0 0 0 0 0 0 0
0 0 0 0 0 0 0 0 0 0 0 0 0 0 0 0 0 0 0 0 0 0 0 0 0 0 0 0 0 0 0 0 0 0 0 0 0 0 0 0 0 0 0 0 0 0 0 0 0 0 0 0 0 0 0 0 0 0 0 0 0 0 0 0 0 0 0 0 0 0 0 0 0 0 0 0 0 0 0 0 0 0 0 0 0 0 0 0 0 0 0 0 0 0 0 0 0 0 0 0 0 0 0 0 0 0 0 0 0 0 0 0 0 0 0 0 0 0 0 0 0 0 0 0 0 0 0 0 0 0 0 0 0 0 0 0 0 0 0 0 0 0 0 0 0 0 0 0 0 0
0 0 0 0 0 0 0 0 0 0 0 0 0 0 0 0 0 0 0 0 0 0 0 0 0 0 0 0 0 0 0 0 0 0 0 0 0 0 0 0 0 0 0 0 0 0 0 0 0 0 0 0 0 0 0 0 0 0 0 0 0 0 0 0 0 0 0 0 0 0 0 0 0 0 0 0 0 0 0 0 0 0 0 0 0 0 0 0 0 0 0 0 0 0 0 0 0 0 0 0 0 0 0 0 0 0 0 0 0 0 0 0 0 0 0 0 0 0 0 0 0 0 0 0 0 0 0 0 0 0 0 0 0 0 0 0 0 0 0 0 0 0 0 0 0 0 0 0 0 0
0 0 0 0 0 0 0 0 0 0 0 0 0 0 0 0 0 0 0 0 0 0 0 0 0 0 0 0 0 0 0 0 0 0 0 0 0 0 0 0 0 0 0 0 0 0 0 0 0 0 0 0 0 0 0 0 0 0 0 0 0 0 0 0 0 0 0 0 0 0 0 0 0 0 0 0 0 0 0 0 0 0 0 0 0 0 0 0 0 0 0 0 0 0 0 0 0 0 0 0 0 0 0 0 0 0 0 0 0 0 0 0 0 0 0 0 0 0 0 0 0 0 0 0 0 0 0 0 0 0 0 0 0 0 0 0 0 0 0 0 0 0 0 0 0 0 0 0 0 0
0 0 0 0 0 0 0 0 0 0 0 0 0 0 0 0 0 0 0 0 0 0 0 0 0 0 0 0 0 0 0 0 0 0 0 0 0 0 0 0 0 0 0 0 0 0 0 0 0 0 0 0 0 0 0 0 0 0 0 0 0 0 0 0 0 0 0 0 0 0 0 0 0 0 0 0 0 0 0 0 0 0 0 0 0 0 0 0 0 0 0 0 0 0 0 0 0 0 0 0 0 0 0 0 0 0 0 0 0 0 0 0 0 0 0 0 0 0 0 0 0 0 0 0 0 0 0 0 0 0 0 0 0 0 0 0 0 0 0 0 0 0 0 0 0 0 0 0 0 0
0 0 0 0 0 0 0 0 0 0 0 0 0 0 0 0 0 0 0 0 0 0 0 0 0 0 0 0 0 0 0 0 0 0 0 0 0 0 0 0 0 0 0 0 0 0 0 0 0 0 0 0 0 0 0 0 0 0 0 0 0 0 0 0 0 0 0 0 0 0 0 0 0 0 0 0 0 0 0 0 0 0 0 0 0 0 0 0 0 0 0 0 0 0 0 0 0 0 0 0 0 0 0 0 0 0 0 0 0 0 0 0 0 0 0 0 0 0 0 0 0 0 0 0 0 0 0 0 0 0 0 0 0 0 0 0 0 0 0 0 0 0 0 0 0 0 0 0 0 0
0 0 0 0 0 0 0 0 0 0 0 0 0 0 0 0 0 0 0 0 0 0 0 0 0 0 0 0 0 0 0 0 0 0 0 0 0 0 0 0 0 0 0 0 0 0 0 0 0 0 0 0 0 0 0 0 0 0 0 0 0 0 0 0 0 0 0 0 0 0 0 0 0 0 0 0 0 0 0 0 0 0 0 0 0 0 0 0 0 0 0 0 0 0 0 0 0 0 0 0 0 0 0 0 0 0 0 0 0 0 0 0 0 0 0 0 0 0 0 0 0 0 0 0 0 0 0 0 0 0 0 0 0 0 0 0 0 0 0 0 0 0 0 0 0 0 0 0 0 0
0 0 0 0 0 0 0 0 0 0 0 0 0 0 0 0 0 0 0 0 0 0 0 0 0 0 0 0 0 0 0 0 0 0 0 0 0 0 0 0 0 0 0 0 0 0 0 0 0 0 0 0 0 0 0 0 0 0 0 0 0 0 0 0 0 0 0 0 0 0 0 0 0 0 0 0 0 0 0 0 0 0 0 0 0 0 0 0 0 0 0 0 0 0 0 0 0 0 0 0 0 0 0 0 0 0 0 0 0 0 0 0 0 0 0 0 0 0 0 0 0 0 0 0 0 0 0 0 0 0 0 0 0 0 0 0 0 0 0 0 0 0 0 0 0 0 0 0 0 0
0 0 0 0 0 0 0 0 0 0 0 0 0 0 0 0 0 0 0 0 0 0 0 0 0 0 0 0 0 0 0 0 0 0 0 0 0 0 0 0 0 0 0 0 0 0 0 0 0 0 0 0 0 0 0 0 0 0 0 0 0 0 0 0 0 0 0 0 0 0 0 0 0 0 0 0 0 0 0 0 0 0 0 0 0 0 0 0 0 0 0 0 0 0 0 0 0 0 0 0 0 0 0 0 0 0 0 0 0 0 0 0 0 0 0 0 0 0 0 0 0 0 0 0 0 0 0 0 0 0 0 0 0 0 0 0 0 0 0 0 0 0 0 0 0 0 0 0 0 0
0 0 0 0 0 0 0 0 0 0 0 0 0 0 0 0 0 0 0 0 0 0 0 0 0 0 0 0 0 0 0 0 0 0 0 0 0 0 0 0 0 0 0 0 0 0 0 0 0 0 0 0 0 0 0 0 0 0 0 0 0 0 0 0 0 0 0 0 0 0 0 0 0 0 0 0 0 0 0 0 0 0 0 0 0 0 0 0 0 0 0 0 0 0 0 0 0 0 0 0 0 0 0 0 0 0 0 0 0 0 0 0 0 0 0 0 0 0 0 0 0 0 0 0 0 0 0 0 0 0 0 0 0 0 0 0 0 0 0 0 0 0 0 0 0 0 0 0 0 0
0 0 0 0 0 0 0 0 0 0 0 0 0 0 0 0 0 0 0 0 0 0 0 0 0 0 0 0 0 0 0 0 0 0 0 0 0 0 0 0 0 0 0 0 0 0 0 0 0 0 0 0 0 0 0 0 0 0 0 0 0 0 0 0 0 0 0 0 0 0 0 0 0 0 0 0 0 0 0 0 0 0 0 0 0 0 0 0 0 0 0 0 0 0 0 0 0 0 0 0 0 0 0 0 0 0 0 0 0 0 0 0 0 0 0 0 0 0 0 0 0 0 0 0 0 0 0 0 0 0 0 0 0 0 0 0 0 0 0 0 0 0 0 0 0 0 0 0 0 0
0 0 0 0 0 0 0 0 0 0 0 0 0 0 0 0 0 0 0 0 0 0 0 0 0 0 0 0 0 0 0 0 0 0 0 0 0 0 0 0 0 0 0 0 0 0 0 0 0 0 0 0 0 0 0 0 0 0 0 0 0 0 0 0 0 0 0 0 0 0 0 0 0 0 0 0 0 0 0 0 0 0 0 0 0 0 0 0 0 0 0 0 0 0 0 0 0 0 0 0 0 0 0 0 0 0 0 0 0 0 0 0 0 0 0 0 0 0 0 0 0 0 0 0 0 0 0 0 0 0 0 0 0 0 0 0 0 0 0 0 0 0 0 0 0 0 0 0 0 0
0 0 0 0 0 0 0 0 0 0 0 0 0 0 0 0 0 0 0 0 0 0 0 0 0 0 0 0 0 0 0 0 0 0 0 0 0 0 0 0 0 0 0 0 0 0 0 0 0 0 0 0 0 0 0 0 0 0 0 0 0 0 0 0 0 0 0 0 0 0 0 0 0 0 0 0 0 0 0 0 0 0 0 0 0 0 0 0 0 0 0 0 0 0 0 0 0 0 0 0 0 0 0 0 0 0 0 0 0 0 0 0 0 0 0 0 0 0 0 0 0 0 0 0 0 0 0 0 0 0 0 0 0 0 0 0 0 0 0 0 0 0 0 0 0 0 0 0 0 0
0 0 0 0 0 0 0 0 0 0 0 0 0 0 0 0 0 0 0 0 0 0 0 0 0 0 0 0 0 0 0 0 0 0 0 0 0 0 0 0 0 0 0 0 0 0 0 0 0 0 0 0 0 0 0 0 0 0 0 0 0 0 0 0 0 0 0 0 0 0 0 0 0 0 0 0 0 0 0 0 0 0 0 0 0 0 0 0 0 0 0 0 0 0 0 0 0 0 0 0 0 0 0 0 0 0 0 0 0 0 0 0 0 0 0 0 0 0 0 0 0 0 0 0 0 0 0 0 0 0 0 0 0 0 0 0 0 0 0 0 0 0 0 0 0 0 0 0 0 0
0 0 0 0 0 0 0 0 0 0 0 0 0 0 0 0 0 0 0 0 0 0 0 0 0 0 0 0 0 0 0 0 0 0 0 0 0 0 0 0 0 0 0 0 0 0 0 0 0 0 0 0 0 0 0 0 0 0 0 0 0 0 0 0 0 0 0 0 0 0 0 0 0 0 0 0 0 0 0 0 0 0 0 0 0 0 0 0 0 0 0 0 0 0 0 0 0 0 0 0 0 0 0 0 0 0 0 0 0 0 0 0 0 0 0 0 0 0 0 0 0 0 0 0 0 0 0 0 0 0 0 0 0 0 0 0 0 0 0 0 0 0 0 0 0 0 0 0 0 0
0 0 0 0 0 0 0 0 0 0 0 0 0 0 0 0 0 0 0 0 0 0 0 0 0 0 0 0 0 0 0 0 0 0 0 0 0 0 0 0 0 0 0 0 0 0 0 0 0 0 0 0 0 0 0 0 0 0 0 0 0 0 0 0 0 0 0 0 0 0 0 0 0 0 0 0 0 0 0 0 0 0 0 0 0 0 0 0 0 0 0 0 0 0 0 0 0 0 0 0 0 0 0 0 0 0 0 0 0 0 0 0 0 0 0 0 0 0 0 0 0 0 0 0 0 0 0 0 0 0 0 0 0 0 0 0 0 0 0 0 0 0 0 0 0 0 0 0 0 0
0 0 0 0 0 0 0 0 0 0 0 0 0 0 0 0 0 0 0 0 0 0 0 0 0 0 0 0 0 0 0 0 0 0 0 0 0 0 0 0 0 0 0 0 0 0 0 0 0 0 0 0 0 0 0 0 0 0 0 0 0 0 0 0 0 0 0 0 0 0 0 0 0 0 0 0 0 0 0 0 0 0 0 0 0 0 0 0 0 0 0 0 0 0 0 0 0 0 0 0 0 0 0 0 0 0 0 0 0 0 0 0 0 0 0 0 0 0 0 0 0 0 0 0 0 0 0 0 0 0 0 0 0 0 0 0 0 0 0 0 0 0 0 0 0 0 0 0 0 0
0 0 0 0 0 0 0 0 0 0 0 0 0 0 0 0 0 0 0 0 0 0 0 0 0 0 0 0 0 0 0 0 0 0 0 0 0 0 0 0 0 0 0 0 0 0 0 0 0 0 0 0 0 0 0 0 0 0 0 0 0 0 0 0 0 0 0 0 0 0 0 0 0 0 0 0 0 0 0 0 0 0 0 0 0 0 0 0 0 0 0 0 0 0 0 0 0 0 0 0 0 0 0 0 0 0 0 0 0 0 0 0 0 0 0 0 0 0 0 0 0 0 0 0 0 0 0 0 0 0 0 0 0 0 0 0 0 0 0 0 0 0 0 0 0 0 0 0 0 0
0 0 0 0 0 0 0 0 0 0 0 0 0 0 0 0 0 0 0 0 0 0 0 0 0 0 0 0 0 0 0 0 0 0 0 0 0 0 0 0 0 0 0 0 0 0 0 0 0 0 0 0 0 0 0 0 0 0 0 0 0 0 0 0 0 0 0 0 0 0 0 0 0 0 0 0 0 0 0 0 0 0 0 0 0 0 0 0 0 0 0 0 0 0 0 0 0 0 0 0 0 0 0 0 0 0 0 0 0 0 0 0 0 0 0 0 0 0 0 0 0 0 0 0 0 0 0 0 0 0 0 0 0 0 0 0 0 0 0 0 0 0 0 0 0 0 0 0 0 0
