0 0 0 0 0 0 0 0 0 0 0 0 0 0 0 0 0 0 0 0 0 0 0 0 0 0 0 0 0 0 0 0 0 0 0 0 0 0 0 0 0 0 0 0 0 0 0 0 0 0 0 0 0 0 0 0 0 0 0 0 0 0 0 0 0 0 0 0 0 0 0 0 0 0 0 0 0 0 0 0 0 0 0 0 0 0 0 0 0 0 0 0 0 0 0 0 0 0 0 0 0 0 0 0 0 0 0 0 0 0 0 0 0 0 0 0 0 0 0 0 0 0 0 0 0 0 0 0 0 0 0 0 0 0 0 0 0 0 0 0 0 0 0 0 0 0 0 0 0 0
0 0 0 0 0 0 0 0 0 0 0 0 0 0 0 0 0 0 0 0 0 0 0 0 0 0 0 0 0 0 0 0 0 0 0 0 0 0 0 0 0 0 0 0 0 0 0 0 0 0 0 0 0 0 0 0 0 0 0 0 0 0 0 0 0 0 0 0 0 0 0 0 0 0 0 0 0 0 0 0 0 0 0 0 0 0 0 0 0 0 0 0 0 0 0 0 0 0 0 0 0 0 0 0 0 0 0 0 0 0 0 0 0 0 0 0 0 0 0 0 0 0 0 0 0 0 0 0 0 0 0 0 0 0 0 0 0 0 0 0 0 0 0 0 0 0 0 0 0 0
0 0 0 0 0 0 0 0 0 0 0 0 0 0 0 0 0 0 0 0 0 0 0 0 0 0 0 0 0 0 0 0 0 0 0 0 0 0 0 0 0 0 0 0 0 0 0 0 0 0 0 0 0 0 0 0 0 0 0 0 0 0 0 0 0 0 0 0 0 0 0 0 0 0 0 0 0 0 0 0 0 0 0 0 0 0 0 0 0 0 0 0 0 0 0 0 0 0 0 0 0 0 0 0 0 0 0 0 0 0 0 0 0 0 0 0 0 0 0 0 0 0 0 0 0 0 0 0 0 0 0 0 0 0 0 0 0 0 0 0 0 0 0 0 0 0 0 0 0 0
0 0 0 0 0 0 0 0 0 0 0 0 0 0 0 0 0 0 0 0 0 0 0 0 0 0 0 0 0 0 0 0 0 0 0 0 0 0 0 0 0 0 0 0 0 0 0 0 0 0 0 0 0 0 0 0 0 0 0 0 0 0 0 0 0 0 0 0 0 0 0 0 0 0 0 0 0 0 0 0 0 0 0 0 0 0 0 0 0 0 0 0 0 0 0 0 0 0 0 0 0 0 0 0 0 0 0 0 0 0 0 0 0 0 0 0 0 0 0 0 0 0 0 0 0 0 0 0 0 0 0 0 0 0 0 0 0 0 0 0 0 0 0 0 0 0 0 0 0 0
0 0 0 0 0 0 0 0 0 0 0 0 0 0 0 0 0 0 0 0 0 0 0 0 0 0 0 0 0 0 0 0 0 0 0 0 0 0 0 0 0 0 0 0 0 0 0 0 0 0 0 0 0 0 0 0 0 0 0 0 0 0 0 0 0 0 0 0 0 0 0 0 0 0 0 0 0 0 0 0 0 0 0 0 0 0 0 0 0 0 0 0 0 0 0 0 0 0 0 0 0 0 0 0 0 0 0 0 0 0 0 0 0 0 0 0 0 0 0 0 0 0 0 0 0 0 0 0 0 0 0 0 0 0 0 0 0 0 0 0 0 0 0 0 0 0 0 0 0 0
0 0 0 0 0 0 0 0 0 0 0 0 0 0 0 0 0 0 0 0 0 0 0 0 0 0 0 0 0 0 0 0 0 0 0 0 0 0 0 0 0 0 0 0 0 0 0 0 0 0 0 0 0 0 0 0 0 0 0 0 0 0 0 0 0 0 0 0 0 0 0 0 0 0 0 0 0 0 0 0 0 0 0 0 0 0 0 0 0 0 0 0 0 0 0 0 0 0 0 0 0 0 0 0 0 0 0 0 0 0 0 0 0 0 0 0 0 0 0 0 0 0 0 0 0 0 0 0 0 0 0 0 0 0 0 0 0 0 0 0 0 0 0 0 0 0 0 0 0 0
0 0 0 0 0 0 0 0 0 0 0 0 0 0 0 0 0 0 0 0 0 0 0 0 0 0 0 0 0 0 0 0 0 0 0 0 0 0 0 0 0 0 0 0 0 0 0 0 0 0 0 0 0 0 0 0 0 0 0 0 0 0 0 0 0 0 0 0 0 0 0 0 0 0 0 0 0 0 0 0 0 0 0 0 0 0 0 0 0 0 0 0 0 0 0 0 0 0 0 0 0 0 0 0 0 0 0 0 0 0 0 0 0 0 0 0 0 0 0 0 0 0 0 0 0 0 0 0 0 0 0 0 0 0 0 0 0 0 0 0 0 0 0 0 0 0 0 0 0 0
0 0 0 0 0 0 0 0 0 0 0 0 0 0 0 0 0 0 0 0 0 0 0 0 0 0 0 0 0 0 0 0 0 0 0 0 0 0 0 0 0 0 0 0 0 0 0 0 0 0 0 0 0 0 0 0 0 0 0 0 0 0 0 0 0 0 0 0 0 0 0 0 0 0 0 0 0 0 0 0 0 0 0 0 0 0 0 0 0 0 0 0 0 0 0 0 0 0 0 0 0 0 0 0 0 0 0 0 0 0 0 0 0 0 0 0 0 0 0 0 0 0 0 0 0 0 0 0 0 0 0 0 0 0 0 0 0 0 0 0 0 0 0 0 0 0 0 0 0 0
0 0 0 0 0 0 0 0 0 0 0 0 0 0 0 0 0 0 0 0 0 0 0 0 0 0 0 0 0 0 0 0 0 0 0 0 0 0 0 0 0 0 0 0 0 0 0 0 0 0 0 0 0 0 0 0 0 0 0 0 0 0 0 0 0 0 0 0 0 0 0 0 0 0 0 0 0 0 0 0 0 0 0 0 0 0 0 0 0 0 0 0 0 0 0 0 0 0 0 0 0 0 0 0 0 0 0 0 0 0 0 0 0 0 0 0 0 0 0 0 0 0 0 0 0 0 0 0 0 0 0 0 0 0 0 0 0 0 0 0 0 0 0 0 0 0 0 0 0 0
0 0 0 0 0 0 0 0 0 0 0 0 0 0 0 0 0 0 0 0 0 0 0 0 0 0 0 0 0 0 0 0 0 0 0 0 0 0 0 0 0 0 0 0 0 0 0 0 0 0 0 0 0 0 0 0 0 0 0 0 0 0 0 0 0 0 0 0 0 0 0 0 0 0 0 0 0 0 0 0 0 0 0 0 0 0 0 0 0 0 0 0 0 0 0 0 0 0 0 0 0 0 0 0 0 0 0 0 0 0 0 0 0 0 0 0 0 0 0 0 0 0 0 0 0 0 0 0 0 0 0 0 0 0 0 0 0 0 0 0 0 0 0 0 0 0 0 0 0 0
0 0 0 0 0 0 0 0 0 0 0 0 0 0 0 0 0 0 0 0 0 0 0 0 0 0 0 0 0 0 0 0 0 0 0 0 0 0 0 0 0 0 0 0 0 0 0 0 0 0 0 0 0 0 0 0 0 0 0 0 0 0 0 0 0 0 0 0 0 0 0 0 0 0 0 0 0 0 0 0 0 0 0 0 0 0 0 0 0 0 0 0 0 0 0 0 0 0 0 0 0 0 0 0 0 0 0 0 0 0 0 0 0 0 0 0 0 0 0 0 0 0 0 0 0 0 0 0 0 0 0 0 0 0 0 0 0 0 0 0 0 0 0 0 0 0 0 0 0 0
0 0 0 0 0 0 0 0 0 0 0 0 0 0 0 0 0 0 0 0 0 0 0 0 0 0 0 0 0 0 0 0 0 0 0 0 0 0 0 0 0 0 0 0 0 0 0 0 0 0 0 0 0 0 0 0 0 0 0 0 0 0 0 0 0 0 0 0 0 0 0 0 0 0 0 0 0 0 0 0 0 0 0 0 0 0 0 0 0 0 0 0 0 0 0 0 0 0 0 0 0 0 0 0 0 0 0 0 0 0 0 0 0 0 0 0 0 0 0 0 0 0 0 0 0 0 0 0 0 0 0 0 0 0 0 0 0 0 0 0 0 0 0 0 0 0 0 0 0 0
0 0 0 0 0 0 0 0 0 0 0 0 0 0 0 0 0 0 0 0 0 0 0 0 0 0 0 0 0 0 0 0 0 0 0 0 0 0 0 0 0 0 0 0 0 0 0 0 0 0 0 0 0 0 0 0 0 0 0 0 0 0 0 0 0 0 0 0 0 0 0 0 0 0 0 0 0 0 0 0 0 0 0 0 0 0 0 0 0 0 0 0 0 0 0 0 0 0 0 0 0 0 0 0 0 0 0 0 0 0 0 0 0 0 0 0 0 0 0 0 0 0 0 0 0 0 0 0 0 0 0 0 0 0 0 0 0 0 0 0 0 0 0 0 0 0 0 0 0 0
0 0 0 0 0 0 0 0 0 0 0 0 0 0 0 0 0 0 0 0 0 0 0 0 0 0 0 0 0 0 0 0 0 0 0 0 0 0 0 0 0 0 0 0 0 0 0 0 0 0 0 0 0 0 0 0 0 0 0 0 0 0 0 0 0 0 0 0 0 0 0 0 0 0 0 0 0 0 0 0 0 0 0 0 0 0 0 0 0 0 0 0 0 0 0 0 0 0 0 0 0 0 0 0 0 0 0 0 0 0 0 0 0 0 0 0 0 0 0 0 0 0 0 0 0 0 0 0 0 0 0 0 0 0 0 0 0 0 0 0 0 0 0 0 0 0 0 0 0 0
0 0 0 0 0 0 0 0 0 0 0 0 0 0 0 0 0 0 0 0 0 0 0 0 0 0 0 0 0 0 0 0 0 0 0 0 0 0 0 0 0 0 0 0 0 0 0 0 0 0 0 0 0 0 0 0 0 0 0 0 0 0 0 0 0 0 0 0 0 0 0 0 0 0 0 0 0 0 0 0 0 0 0 0 0 0 0 0 0 0 0 0 0 0 0 0 0 0 0 0 0 0 0 0 0 0 0 0 0 0 0 0 0 0 0 0 0 0 0 0 0 0 0 0 0 0 0 0 0 0 0 0 0 0 0 0 0 0 0 0 0 0 0 0 0 0 0 0 0 0
0 0 0 0 0 0 0 0 0 0 0 0 0 0 0 0 0 0 0 0 0 0 0 0 0 0 0 0 0 0 0 0 0 0 0 0 0 0 0 0 0 0 0 0 0 0 0 0 0 0 0 0 0 0 0 0 0 0 0 0 0 0 0 0 0 0 0 0 0 0 0 0 0 0 0 0 0 0 0 0 0 0 0 0 0 0 0 0 0 0 0 0 0 0 0 0 0 0 0 0 0 0 0 0 0 0 0 0 0 0 0 0 0 0 0 0 0 0 0 0 0 0 0 0 0 0 0 0 0 0 0 0 0 0 0 0 0 0 0 0 0 0 0 0 0 0 0 0 0 0
0 0 0 0 0 0 0 0 0 0 0 0 0 0 0 0 0 0 0 0 0 0 0 0 0 0 0 0 0 0 0 0 0 0 0 0 0 0 0 0 0 0 0 0 0 0 0 0 0 0 0 0 0 0 0 0 0 0 0 0 0 0 0 0 0 0 0 0 0 0 0 0 0 0 0 0 0 0 0 0 0 0 0 0 0 0 0 0 0 0 0 0 0 0 0 0 0 0 0 0 0 0 0 0 0 0 0 0 0 0 0 0 0 0 0 0 0 0 0 0 0 0 0 0 0 0 0 0 0 0 0 0 0 0 0 0 0 0 0 0 0 0 0 0 0 0 0 0 0 0
0 0 0 0 0 0 0 0 0 0 0 0 0 0 0 0 0 0 0 0 0 0 0 0 0 0 0 0 0 0 0 0 0 0 0 0 0 0 0 0 0 0 0 0 0 0 0 0 0 0 0 0 0 0 0 0 0 0 0 0 0 0 0 0 0 0 0 0 0 0 0 0 0 0 0 0 0 0 0 0 0 0 0 0 0 0 0 0 0 0 0 0 0 0 0 0 0 0 0 0 0 0 0 0 0 0 0 0 0 0 0 0 0 0 0 0 0 0 0 0 0 0 0 0 0 0 0 0 0 0 0 0 0 0 0 0 0 0 0 0 0 0 0 0 0 0 0 0 0 0
0 0 0 0 0 0 0 0 0 0 0 0 0 0 0 0 0 0 0 0 0 0 0 0 0 0 0 0 0 0 0 0 0 0 0 0 0 0 0 0 0 0 0 0 0 0 0 0 0 0 0 0 0 0 0 0 0 0 0 0 0 0 0 0 0 0 0 0 0 0 0 0 0 0 0 0 0 0 0 0 0 0 0 0 0 0 0 0 0 0 0 0 0 0 0 0 0 0 0 0 0 0 0 0 0 0 0 0 0 0 0 0 0 0 0 0 0 0 0 0 0 0 0 0 0 0 0 0 0 0 0 0 0 0 0 0 0 0 0 0 0 0 0 0 0 0 0 0 0 0
0 0 0 0 0 0 0 0 0 0 0 0 0 0 0 0 0 0 0 0 0 0 0 0 0 0 0 0 0 0 0 0 0 0 0 0 0 0 0 0 0 0 0 0 0 0 0 0 0 0 0 0 0 0 0 0 0 0 0 0 0 0 0 0 0 0 0 0 0 0 0 0 0 0 0 0 0 0 0 0 0 0 0 0 0 0 0 0 0 0 0 0 0 0 0 0 0 0 0 0 0 0 0 0 0 0 0 0 0 0 0 0 0 0 0 0 0 0 0 0 0 0 0 0 0 0 0 0 0 0 0 0 0 0 0 0 0 0 0 0 0 0 0 0 0 0 0 0 0 0
0 0 0 0 0 0 0 0 0 0 0 0 0 0 0 0 0 0 0 0 0 0 0 0 0 0 0 0 0 0 0 0 0 0 0 0 0 0 0 0 0 0 0 0 0 0 0 0 0 0 0 0 0 0 0 0 0 0 0 0 0 0 0 0 0 0 0 0 0 0 0 0 0 0 0 0 0 0 0 0 0 0 0 0 0 0 0 0 0 0 0 0 0 0 0 0 0 0 0 0 0 0 0 0 0 0 0 0 0 0 0 0 0 0 0 0 0 0 0 0 0 0 0 0 0 0 0 0 0 0 0 0 0 0 0 0 0 0 0 0 0 0 0 0 0 0 0 0 0 0
0 0 0 0 0 0 0 0 0 0 0 0 0 0 0 0 0 0 0 0 0 0 0 0 0 0 0 0 0 0 0 0 0 0 0 0 0 0 0 0 0 0 0 0 0 0 0 0 0 0 0 0 0 0 0 0 0 0 0 0 0 0 0 0 0 0 0 0 0 0 0 0 0 0 0 0 0 0 0 0 0 0 0 0 0 0 0 0 0 0 0 0 0 0 0 0 0 0 0 0 0 0 0 0 0 0 0 0 0 0 0 0 0 0 0 0 0 0 0 0 0 0 0 0 0 0 0 0 0 0 0 0 0 0 0 0 0 0 0 0 0 0 0 0 0 0 0 0 0 0
0 0 0 0 0 0 0 0 0 0 0 0 0 0 0 0 0 0 0 0 0 0 0 0 0 0 0 0 0 0 0 0 0 0 0 0 0 0 0 0 0 0 0 0 0 0 0 0 0 0 0 0 0 0 0 0 0 0 0 0 0 0 0 0 0 0 0 0 0 0 0 0 0 0 0 0 0 0 0 0 0 0 0 0 0 0 0 0 0 0 0 0 0 0 0 0 0 0 0 0 0 0 0 0 0 0 0 0 0 0 0 0 0 0 0 0 0 0 0 0 0 0 0 0 0 0 0 0 0 0 0 0 0 0 0 0 0 0 0 0 0 0 0 0 0 0 0 0 0 0
0 0 0 0 0 0 0 0 0 0 0 0 0 0 0 0 0 0 0 0 0 0 0 0 0 0 0 0 0 0 0 0 0 0 0 0 0 0 0 0 0 0 0 0 0 0 0 0 0 0 0 0 0 0 0 0 0 0 0 0 0 0 0 0 0 0 0 0 0 0 0 0 0 0 0 0 0 0 0 0 0 0 0 0 0 0 0 0 0 0 0 0 0 0 0 0 0 0 0 0 0 0 0 0 0 0 0 0 0 0 0 0 0 0 0 0 0 0 0 0 0 0 0 0 0 0 0 0 0 0 0 0 0 0 0 0 0 0 0 0 0 0 0 0 0 0 0 0 0 0
0 0 0 0 0 0 0 0 0 0 0 0 0 0 0 0 0 0 0 0 0 0 0 0 0 0 0 0 0 0 0 0 0 0 0 0 0 0 0 0 0 0 0 0 0 0 0 0 0 0 0 0 0 0 0 0 0 0 0 0 0 0 0 0 0 0 0 0 0 0 0 0 0 0 0 0 0 0 0 0 0 0 0 0 0 0 0 0 0 0 0 0 0 0 0 0 0 0 0 0 0 0 0 0 0 0 0 0 0 0 0 0 0 0 0 0 0 0 0 0 0 0 0 0 0 0 0 0 0 0 0 0 0 0 0 0 0 0 0 0 0 0 0 0 0 0 0 0 0 0
0 0 0 0 0 0 0 0 0 0 0 0 0 0 0 0 0 0 0 0 0 0 0 0 0 0 0 0 0 0 0 0 0 0 0 0 0 0 0 0 0 0 0 0 0 0 0 0 0 0 0 0 0 0 0 0 0 0 0 0 0 0 0 0 0 0 0 0 0 0 0 0 0 0 0 0 0 0 0 0 0 0 0 0 0 0 0 0 0 0 0 0 0 0 0 0 0 0 0 0 0 0 0 0 0 0 0 0 0 0 0 0 0 0 0 0 0 0 0 0 0 0 0 0 0 0 0 0 0 0 0 0 0 0 0 0 0 0 0 0 0 0 0 0 0 0 0 0 0 0
0 0 0 0 0 0 0 0 0 0 0 0 0 0 0 0 0 0 0 0 0 0 0 0 0 0 0 0 0 0 0 0 0 0 0 0 0 0 0 0 0 0 0 0 0 0 0 0 0 0 0 0 0 0 0 0 0 0 0 0 0 0 0 0 0 0 0 0 0 0 0 0 0 0 0 0 0 0 0 0 0 0 0 0 0 0 0 0 0 0 0 0 0 0 0 0 0 0 0 0 0 0 0 0 0 0 0 0 0 0 0 0 0 0 0 0 0 0 0 0 0 0 0 0 0 0 0 0 0 0 0 0 0 0 0 0 0 0 0 0 0 0 0 0 0 0 0 0 0 0
0 0 0 0 0 0 0 0 0 0 0 0 0 0 0 0 0 0 0 0 0 0 0 0 0 0 0 0 0 0 0 0 0 0 0 0 0 0 0 0 0 0 0 0 0 0 0 0 0 0 0 0 0 0 0 0 0 0 0 0 0 0 0 0 0 0 0 0 0 0 0 0 0 0 0 0 0 0 0 0 0 0 0 0 0 0 0 0 0 0 0 0 0 0 0 0 0 0 0 0 0 0 0 0 0 0 0 0 0 0 0 0 0 0 0 0 0 0 0 0 0 0 0 0 0 0 0 0 0 0 0 0 0 0 0 0 0 0 0 0 0 0 0 0 0 0 0 0 0 0
0 0 0 0 0 0 0 0 0 0 0 0 0 0 0 0 0 0 0 0 0 0 0 0 0 0 0 0 0 0 0 0 0 0 0 0 0 0 0 0 0 0 0 0 0 0 0 0 0 0 0 0 0 0 0 0 0 0 0 0 0 0 0 0 0 0 0 0 0 0 0 0 0 0 0 0 0 0 0 0 0 0 0 0 0 0 0 0 0 0 0 0 0 0 0 0 0 0 0 0 0 0 0 0 0 0 0 0 0 0 0 0 0 0 0 0 0 0 0 0 0 0 0 0 0 0 0 0 0 0 0 0 0 0 0 0 0 0 0 0 0 0 0 0 0 0 0 0 0 0
0 0 0 0 0 0 0 0 0 0 0 0 0 0 0 0 0 0 0 0 0 0 0 0 0 0 0 0 0 0 0 0 0 0 0 0 0 0 0 0 0 0 0 0 0 0 0 0 0 0 0 0 0 0 0 0 0 0 0 0 0 0 0 0 0 0 0 0 0 0 0 0 0 0 0 0 0 0 0 0 0 0 0 0 0 0 0 0 0 0 0 0 0 0 0 0 0 0 0 0 0 0 0 0 0 0 0 0 0 0 0 0 0 0 0 0 0 0 0 0 0 0 0 0 0 0 0 0 0 0 0 0 0 0 0 0 0 0 0 0 0 0 0 0 0 0 0 0 0 0
0 0 0 0 0 0 0 0 0 0 0 0 0 0 0 0 0 0 0 0 0 0 0 0 0 0 0 0 0 0 0 0 0 0 0 0 0 0 0 0 0 0 0 0 0 0 0 0 0 0 0 0 0 0 0 0 0 0 0 0 0 0 0 0 0 0 0 0 0 0 0 0 0 0 0 0 0 0 0 0 0 0 0 0 0 0 0 0 0 0 0 0 0 0 0 0 0 0 0 0 0 0 0 0 0 0 0 0 0 0 0 0 0 0 0 0 0 0 0 0 0 0 0 0 0 0 0 0 0 0 0 0 0 0 0 0 0 0 0 0 0 0 0 0 0 0 0 0 0 0
0 0 0 0 0 0 0 0 0 0 0 0 0 0 0 0 0 0 0 0 0 0 0 0 0 0 0 0 0 0 0 0 0 0 0 0 0 0 0 0 0 0 0 0 0 0 0 0 0 0 0 0 0 0 0 0 0 0 0 0 0 0 0 0 0 0 0 0 0 0 0 0 0 0 0 0 0 0 0 0 0 0 0 0 0 0 0 0 0 0 0 0 0 0 0 0 0 0 0 0 0 0 0 0 0 0 0 0 0 0 0 0 0 0 0 0 0 0 0 0 0 0 0 0 0 0 0 0 0 0 0 0 0 0 0 0 0 0 0 0 0 0 0 0 0 0 0 0 0 0
0 0 0 0 0 0 0 0 0 0 0 0 0 0 0 0 0 0 0 0 0 0 0 0 0 0 0 0 0 0 0 0 0 0 0 0 0 0 0 0 0 0 0 0 0 0 0 0 0 0 0 0 0 0 0 0 0 0 0 0 0 0 0 0 0 0 0 0 0 0 0 0 0 0 0 0 0 0 0 0 0 0 0 0 0 0 0 0 0 0 0 0 0 0 0 0 0 0 0 0 0 0 0 0 0 0 0 0 0 0 0 0 0 0 0 0 0 0 0 0 0 0 0 0 0 0 0 0 0 0 0 0 0 0 0 0 0 0 0 0 0 0 0 0 0 0 0 0 0 0
0 0 0 0 0 0 0 0 0 0 0 0 0 0 0 0 0 0 0 0 0 0 0 0 0 0 0 0 0 0 0 0 0 0 0 0 0 0 0 0 0 0 0 0 0 0 0 0 0 0 0 0 0 0 0 0 0 0 0 0 0 0 0 0 0 0 0 0 0 0 0 0 0 0 0 0 0 0 0 0 0 0 0 0 0 0 0 0 0 0 0 0 0 0 0 0 0 0 0 0 0 0 0 0 0 0 0 0 0 0 0 0 0 0 0 0 0 0 0 0 0 0 0 0 0 0 0 0 0 0 0 0 0 0 0 0 0 0 0 0 0 0 0 0 0 0 0 0 0 0
0 0 0 0 0 0 0 0 0 0 0 0 0 0 0 0 0 0 0 0 0 0 0 0 0 0 0 0 0 0 0 0 0 0 0 0 0 0 0 0 0 0 0 0 0 0 0 0 0 0 0 0 0 0 0 0 0 0 0 0 0 0 0 0 0 0 0 0 0 0 0 0 0 0 0 0 0 0 0 0 2.69016e-06 4.07276e-06 5.2977e-06 5.89085e-06 5.64169e-06 0 0 0 0 0 0 0 0 0 0 0 0 0 0 0 0 0 0 0 0 0 0 0 0 0 0 0 0 0 0 0 0 0 0 0 0 0 0 0 0 0 0 0 0 0 0 0 0 0 0 0 0 0 0 0 0 0 0 0 0 0 0 0 0 0
0 0 0 0 0 0 0 0 0 0 0 0 0 0 0 0 0 0 0 0 0 0 0 0 0 0 0 0 0 0 0 0 0 0 0 0 0 0 0 0 0 0 0 0 0 0 0 0 0 0 0 0 0 0 0 0 0 0 0 0 0 0 0 0 0 0 0 0 0 0 0 0 0 0 0 0 0 1.88226e-06 4.33639e-06 8.72648e-06 1.52356e-05 2.29617e-05 2.97711e-05 3.3137e-05 3.16228e-05 2.5852e-05 1.80819e-05 1.08354e-05 0 0 0 0 0 0 0 0 0 0 0 0 0 0 0 0 0 0 0 0 0 0 0 0 0 0 0 0 0 0 0 0 0 0 0 0 0 0 0 0 0 0 0 0 0 0 0 0 0 0 0 0 0 0 0 0 0 0 0 0 0 0
0 0 0 0 0 0 0 0 0 0 0 0 0 0 0 0 0 0 0 0 0 0 0 0 0 0 0 0 0 0 0 0 0 0 0 0 0 0 0 0 0 0 0 0 0 0 0 0 0 0 0 0 0 0 0 0 0 0 0 0 0 0 0 0 0 0 0 0 0 0 0 0 0 0 0 1.22262e-06 3.6789e-06 9.44354e-06 2.14117e-05 4.25845e-05 7.37461e-05 0.000110528 0.000142752 0.000158444 0.00015087 0.000123114 8.60376e-05 5.14674e-05 2.63361e-05 1.15313e-05 0 0 0 0 0 0 0 0 0 0 0 0 0 0 0 0 0 0 0 0 0 0 0 0 0 0 0 0 0 0 0 0 0 0 0 0 0 0 0 0 0 0 0 0 0 0 0 0 0 0 0 0 0 0 0 0 0 0 0 0
0 0 0 0 0 0 0 0 0 0 0 0 0 0 0 0 0 0 0 0 0 0 0 0 0 0 0 0 0 0 0 0 0 0 0 0 0 0 0 0 0 0 0 0 0 0 0 0 0 0 0 0 0 0 0 0 0 0 0 0 0 0 0 0 0 0 0 0 0 0 0 0 0 0 1.75185e-06 6.44023e-06 1.71907e-05 4.19182e-05 9.19715e-05 0.000179147 0.00030533 0.000454468 0.000584228 0.000646291 0.000613869 0.000499935 0.000348791 0.000208339 0.000106497 4.65587e-05 1.74116e-05 0 0 0 0 0 0 0 0 0 0 0 0 0 0 0 0 0 0 0 0 0 0 0 0 0 0 0 0 0 0 0 0 0 0 0 0 0 0 0 0 0 0 0 0 0 0 0 0 0 0 0 0 0 0 0 0 0 0 0
0 0 0 0 0 0 0 0 0 0 0 0 0 0 0 0 0 0 0 0 0 0 0 0 0 0 0 0 0 0 0 0 0 0 0 0 0 0 0 0 0 0 0 0 0 0 0 0 0 0 0 0 0 0 0 0 0 0 0 0 0 0 0 0 0 0 0 0 0 0 0 0 9.51419e-07 3.20001e-06 9.71195e-06 2.66714e-05 6.77045e-05 0.000158763 0.00033831 0.000645275 0.00108715 0.00160076 0.00204364 0.00224959 0.00213049 0.00173117 0.0012056 0.000719005 0.000367024 0.000160295 5.98643e-05 1.91183e-05 0 0 0 0 0 0 0 0 0 0 0 0 0 0 0 0 0 0 0 0 0 0 0 0 0 0 0 0 0 0 0 0 0 0 0 0 0 0 0 0 0 0 0 0 0 0 0 0 0 0 0 0 0 0 0 0 0 0
0 0 0 0 0 0 0 0 0 0 0 0 0 0 0 0 0 0 0 0 0 0 0 0 0 0 0 0 0 0 0 0 0 0 0 0 0 0 0 0 0 0 0 0 0 0 0 0 0 0 0 0 0 0 0 0 0 0 0 0 0 0 0 0 0 0 0 0 0 0 0 1.30964e-06 4.52401e-06 1.39375e-05 3.83064e-05 9.75869e-05 0.000233921 0.000523607 0.00107727 0.00200231 0.00331328 0.00481996 0.00610525 0.00668849 0.00631031 0.00511288 0.00355343 0.00211564 0.00107836 0.000470361 0.000175487 5.59763e-05 1.52639e-05 0 0 0 0 0 0 0 0 0 0 0 0 0 0 0 0 0 0 0 0 0 0 0 0 0 0 0 0 0 0 0 0 0 0 0 0 0 0 0 0 0 0 0 0 0 0 0 0 0 0 0 0 0 0 0 0 0
0 0 0 0 0 0 0 0 0 0 0 0 0 0 0 0 0 0 0 0 0 0 0 0 0 0 0 0 0 0 0 0 0 0 0 0 0 0 0 0 0 0 0 0 0 0 0 0 0 0 0 0 0 0 0 0 0 0 0 0 0 0 0 0 0 0 0 0 0 0 1.30904e-06 4.9863e-06 1.68287e-05 5.0127e-05 0.000131656 0.000316382 0.000713284 0.00151317 0.00298185 0.00536866 0.00868479 0.0124414 0.0156005 0.0169784 0.0159479 0.0128837 0.00893151 0.00530789 0.0027013 0.00117663 0.000438458 0.000139723 3.80596e-05 0 0 0 0 0 0 0 0 0 0 0 0 0 0 0 0 0 0 0 0 0 0 0 0 0 0 0 0 0 0 0 0 0 0 0 0 0 0 0 0 0 0 0 0 0 0 0 0 0 0 0 0 0 0 0 0 0
0 0 0 0 0 0 0 0 0 0 0 0 0 0 0 0 0 0 0 0 0 0 0 0 0 0 0 0 0 0 0 0 0 0 0 0 0 0 0 0 0 0 0 0 0 0 0 0 0 0 0 0 0 0 0 0 0 0 0 0 0 0 0 0 0 0 0 0 0 0 4.24714e-06 1.63627e-05 5.458e-05 0.000156535 0.000398645 0.000912758 0.00193194 0.00385177 0.0072119 0.0124872 0.0196364 0.0275842 0.0341407 0.0368428 0.034415 0.0276977 0.0191509 0.0113556 0.00576944 0.0025095 0.000934039 0.00029738 8.0976e-05 1.88697e-05 0 0 0 0 0 0 0 0 0 0 0 0 0 0 0 0 0 0 0 0 0 0 0 0 0 0 0 0 0 0 0 0 0 0 0 0 0 0 0 0 0 0 0 0 0 0 0 0 0 0 0 0 0 0 0 0
0 0 0 0 0 0 0 0 0 0 0 0 0 0 0 0 0 0 0 0 0 0 0 0 0 0 0 0 0 0 0 0 0 0 0 0 0 0 0 0 0 0 0 0 0 0 0 0 0 0 0 0 0 0 0 0 0 0 0 0 0 0 0 0 0 0 0 0 0 2.62682e-06 1.17458e-05 4.5044e-05 0.000151651 0.000431951 0.00106276 0.00232705 0.00465155 0.00869577 0.0153451 0.0253391 0.0384648 0.0527 0.0641314 0.0684424 0.0634744 0.0508409 0.0350369 0.0207263 0.0105084 0.0045638 0.00169678 0.000540008 0.000147211 3.4468e-05 0 0 0 0 0 0 0 0 0 0 0 0 0 0 0 0 0 0 0 0 0 0 0 0 0 0 0 0 0 0 0 0 0 0 0 0 0 0 0 0 0 0 0 0 0 0 0 0 0 0 0 0 0 0 0 0
0 0 0 0 0 0 0 0 0 0 0 0 0 0 0 0 0 0 0 0 0 0 0 0 0 0 0 0 0 0 0 0 0 0 0 0 0 0 0 0 0 0 0 0 0 0 0 0 0 0 0 0 0 0 0 0 0 0 0 0 0 0 0 0 0 0 0 0 0 6.21875e-06 3.10451e-05 0.000114037 0.000373757 0.00103396 0.00248391 0.00525547 0.00999954 0.0175503 0.0290123 0.0452604 0.0657331 0.0872057 0.103782 0.109128 0.10023 0.0797764 0.0547424 0.0322864 0.0163348 0.00708456 0.00263307 0.000839127 0.000230505 5.51576e-05 0 0 0 0 0 0 0 0 0 0 0 0 0 0 0 0 0 0 0 0 0 0 0 0 0 0 0 0 0 0 0 0 0 0 0 0 0 0 0 0 0 0 0 0 0 0 0 0 0 0 0 0 0 0 0 0
0 0 0 0 0 0 0 0 0 0 0 0 0 0 0 0 0 0 0 0 0 0 0 0 0 0 0 0 0 0 0 0 0 0 0 0 0 0 0 0 0 0 0 0 0 0 0 0 0 0 0 0 0 0 0 0 0 0 0 0 0 0 0 0 0 0 0 0 0 2.78735e-05 8.88911e-05 0.000288132 0.000848588 0.00223639 0.00520115 0.0106313 0.019349 0.032025 0.0494252 0.072163 0.0992104 0.126253 0.145831 0.150233 0.136121 0.107378 0.0732499 0.0430325 0.0217216 0.00941395 0.00350912 0.00113188 0.000320646 8.27104e-05 2.02219e-05 0 0 0 0 0 0 0 0 0 0 0 0 0 0 0 0 0 0 0 0 0 0 0 0 0 0 0 0 0 0 0 0 0 0 0 0 0 0 0 0 0 0 0 0 0 0 0 0 0 0 0 0 0 0 0
0 0 0 0 0 0 0 0 0 0 0 0 0 0 0 0 0 0 0 0 0 0 0 0 0 0 0 0 0 0 0 0 0 0 0 0 0 0 0 0 0 0 0 0 0 0 0 0 0 0 0 0 0 0 0 0 0 0 0 0 0 0 0 0 0 0 0 9.72229e-06 2.96514e-05 8.8443e-05 0.000254045 0.000698091 0.00184702 0.0045521 0.0100668 0.0197569 0.0344044 0.0538688 0.0776528 0.10535 0.135483 0.163391 0.181251 0.181381 0.161074 0.12535 0.0847435 0.0495074 0.0249376 0.0108457 0.00410914 0.00138594 0.000433245 0.000130117 3.75788e-05 0 0 0 0 0 0 0 0 0 0 0 0 0 0 0 0 0 0 0 0 0 0 0 0 0 0 0 0 0 0 0 0 0 0 0 0 0 0 0 0 0 0 0 0 0 0 0 0 0 0 0 0 0 0 0
0 0 0 0 0 0 0 0 0 0 0 0 0 0 0 0 0 0 0 0 0 0 0 0 0 0 0 0 0 0 0 0 0 0 0 0 0 0 0 0 0 0 0 0 0 0 0 0 0 0 0 0 0 0 0 0 0 0 0 0 0 0 0 0 0 0 1.83843e-05 3.76756e-05 9.9057e-05 0.000265347 0.000688927 0.00169025 0.00403061 0.00906536 0.0187837 0.0350206 0.0581221 0.0862921 0.116556 0.146645 0.174863 0.1975 0.207976 0.200054 0.17255 0.131506 0.0876513 0.0508072 0.0256213 0.0113567 0.0045461 0.00171731 0.000629244 0.000218718 6.87725e-05 0 0 0 0 0 0 0 0 0 0 0 0 0 0 0 0 0 0 0 0 0 0 0 0 0 0 0 0 0 0 0 0 0 0 0 0 0 0 0 0 0 0 0 0 0 0 0 0 0 0 0 0 0 0 0
0 0 0 0 0 0 0 0 0 0 0 0 0 0 0 0 0 0 0 0 0 0 0 0 0 0 0 0 0 0 0 0 0 0 0 0 0 0 0 0 0 0 0 0 0 0 0 0 0 0 0 0 0 0 0 0 0 0 0 0 0 0 0 0 2.95975e-05 4.83886e-05 7.75685e-05 0.000141975 0.000324898 0.000772864 0.00179501 0.00398801 0.00853299 0.0175451 0.0339763 0.0600896 0.095301 0.135038 0.172609 0.203138 0.225184 0.237695 0.236859 0.218327 0.182247 0.135486 0.0887498 0.0510752 0.0260569 0.0121176 0.00536493 0.00231508 0.000946527 0.00034969 0.000113043 0 0 0 0 0 0 0 0 0 0 0 0 0 0 0 0 0 0 0 0 0 0 0 0 0 0 0 0 0 0 0 0 0 0 0 0 0 0 0 0 0 0 0 0 0 0 0 0 0 0 0 0 0 0 0
0 0 0 0 0 0 0 0 0 0 0 0 0 0 0 0 0 0 0 0 0 0 0 0 0 0 0 0 0 0 0 0 0 0 0 0 0 0 0 0 0 0 0 0 0 0 0 0 0 0 0 0.00111129 0.00140189 0.00152317 0.00143404 0.00117973 0.000856238 0 0 0 0 0 0 0 0.000109621 0.000180948 0.000306709 0.000519262 0.0010088 0.0021055 0.00436884 0.00875945 0.0169799 0.0319775 0.0578351 0.0974816 0.149023 0.204101 0.25109 0.281744 0.29524 0.294757 0.280871 0.250986 0.205199 0.150384 0.0976641 0.0562403 0.0292485 0.0142812 0.00678763 0.00311497 0.00131761 0.000493744 0.000160468 0 0 0 0 0 0 0 0 0 0 0 0 0 0 0 0 0 0 0 0 0 0 0 0 0 0 0 0 0 0 0 0 0 0 0 0 0 0 0 0 0 0 0 0 0 0 0 0 0 0 0 0 0 0 0
0 0 0 0 0 0 0 0 0 0 0 0 0 0 0 0 0 0 0 0 0 0 0 0 0 0 0 0 0 0 0 0 0 0 0 0 0 0 0 0 0 0 0 0 0 0 0 0 0.000669051 0.00133533 0.00228454 0.00335586 0.0042461 0.00465229 0.00444822 0.00374672 0.00280548 0.00188042 0.00113532 0.000624983 0 0 0 0.000189643 0.000348206 0.00065009 0.00101726 0.00164814 0.00296352 0.00558131 0.0102967 0.0183286 0.0317481 0.0541145 0.0905448 0.144951 0.214514 0.28693 0.345015 0.376435 0.380346 0.364369 0.334904 0.292295 0.236176 0.172365 0.112002 0.0648347 0.0341082 0.0169461 0.00818304 0.00378596 0.00160379 0.000600585 0.000195097 0 0 0 0 0 0 0 0 0 0 0 0 0 0 0 0 0 0 0 0 0 0 0 0 0 0 0 0 0 0 0 0 0 0 0 0 0 0 0 0 0 0 0 0 0 0 0 0 0 0 0 0 0 0 0
0 0 0 0 0 0 0 0 0 0 0 0 0 0 0 0 0 0 0 0 0 0 0 0 0 0 0 0 0 0 0 0 0 0 0 0 0 0 0 0 0 0 0 0 0 0 0 0.000798961 0.00182625 0.00359043 0.00607747 0.00887854 0.011245 0.0124353 0.0121174 0.0105008 0.00814452 0.00567356 0.00357006 0.00206039 0.0011156 0 0.000245545 0.000552148 0.00117761 0.00191138 0.00293861 0.00463755 0.00794343 0.0140173 0.0236794 0.0376374 0.0574156 0.086532 0.130847 0.195654 0.278457 0.364422 0.431704 0.463752 0.458331 0.425646 0.377816 0.320397 0.254453 0.184372 0.119721 0.0695 0.0366881 0.0182211 0.00873579 0.00400293 0.00167973 0.000625725 0 0 0 0 0 0 0 0 0 0 0 0 0 0 0 0 0 0 0 0 0 0 0 0 0 0 0 0 0 0 0 0 0 0 0 0 0 0 0 0 0 0 0 0 0 0 0 0 0 0 0 0 0 0 0 0
0 0 0 0 0 0 0 0 0 0 0 0 0 0 0 0 0 0 0 0 0 0 0 0 0 0 0 0 0 0 0 0 0 0 0 0 0 0 0 0 0 0 0 0 0 0.00027176 0.00080869 0.00208131 0.00462023 0.00885193 0.014672 0.0211313 0.0266323 0.029656 0.0294734 0.0263223 0.0211552 0.0152965 0.0100142 0.00604358 0.00342952 0.00182969 0.0011717 0.00175441 0.00306434 0.00492158 0.0074705 0.0115426 0.0191136 0.0323289 0.0517138 0.0758391 0.103309 0.135986 0.180412 0.244259 0.327378 0.415193 0.483826 0.513783 0.500451 0.453778 0.389256 0.318293 0.245713 0.175153 0.112979 0.0655163 0.0345812 0.0170953 0.008103 0.00367441 0.00154312 0.000587004 0 0 0 0 0 0 0 0 0 0 0 0 0 0 0 0 0 0 0 0 0 0 0 0 0 0 0 0 0 0 0 0 0 0 0 0 0 0 0 0 0 0 0 0 0 0 0 0 0 0 0 0 0 0 0 0
0 0 0 0 0 0 0 0 0 0 0 0 0 0 0 0 0 0 0 0 0 0 0 0 0 0 0 0 0 0 0 0 0 0 0 0 0 0 0 0 0 0 0 0 0.000223315 0.000719233 0.00206624 0.00515671 0.0111032 0.020635 0.0332359 0.0467474 0.0580835 0.0646525 0.0652126 0.0597769 0.0495472 0.0369991 0.025075 0.0157192 0.0092517 0.00515232 0.00341094 0.00441294 0.00719362 0.0112505 0.0168101 0.0255011 0.0410608 0.0672998 0.10398 0.145319 0.183524 0.215836 0.249097 0.295379 0.35971 0.431133 0.487349 0.508576 0.488222 0.433817 0.360613 0.283286 0.210533 0.146112 0.0929692 0.0537081 0.0283975 0.0141 0.00675081 0.0031724 0.00145334 0.000486395 0.000239736 0 0 0 0 0 0 0 0 0 0 0 0 0 0 0 0 0 0 0 0 0 0 0 0 0 0 0 0 0 0 0 0 0 0 0 0 0 0 0 0 0 0 0 0 0 0 0 0 0 0 0 0 0 0 0
0 0 0 0 0 0 0 0 0 0 0 0 0 0 0 0 0 0 0 0 0 0 0 0 0 0 0 0 0 0 0 0 0 0 0 0 0 0 0 0 0 0 0 0 0.000580376 0.00175258 0.00486973 0.0118744 0.0250051 0.0453644 0.0711971 0.0976115 0.11881 0.131012 0.132839 0.123823 0.104939 0.0802984 0.0558957 0.0360467 0.0217885 0.0123765 0.00813856 0.00977495 0.0151877 0.0230402 0.0337502 0.0503067 0.0790364 0.125965 0.189432 0.256887 0.310637 0.340445 0.352791 0.365796 0.392038 0.42696 0.453679 0.455772 0.426534 0.370338 0.298913 0.22581 0.16085 0.107992 0.0677744 0.0396202 0.0219261 0.0118694 0.00664525 0.00381641 0.00216537 0.00112129 0.000554242 0.000244496 9.75736e-05 0 0 0 0 0 0 0 0 0 0 0 0 0 0 0 0 0 0 0 0 0 0 0 0 0 0 0 0 0 0 0 0 0 0 0 0 0 0 0 0 0 0 0 0 0 0 0 0 0 0 0 0 0
0 0 0 0 0 0 0 0 0 0 0 0 0 0 0 0 0 0 0 0 0 0 0 0 0 0 0 0 0 0 0 0 0 0 0 0 0 0 0 0 0 0 0 0.000507821 0.00138225 0.00384259 0.0102532 0.0245136 0.050899 0.0910219 0.140492 0.189008 0.225804 0.245749 0.248521 0.233393 0.200433 0.155826 0.110391 0.0724635 0.0444342 0.0256979 0.0168529 0.0195552 0.029127 0.042539 0.0608851 0.0892234 0.137078 0.212562 0.311555 0.412779 0.48642 0.513452 0.500331 0.472587 0.450844 0.436323 0.419039 0.390044 0.346001 0.289128 0.225905 0.164995 0.113895 0.0759262 0.0502714 0.0338797 0.0232369 0.015896 0.0106578 0.00683648 0.00407207 0.00224047 0.00111622 0.000507003 0.000212903 0 0 0 0 0 0 0 0 0 0 0 0 0 0 0 0 0 0 0 0 0 0 0 0 0 0 0 0 0 0 0 0 0 0 0 0 0 0 0 0 0 0 0 0 0 0 0 0 0 0 0 0 0
0 0 0 0 0 0 0 0 0 0 0 0 0 0 0 0 0 0 0 0 0 0 0 0 0 0 0 0 0 0 0 0 0 0 0 0 0 0 0 0 0 0 0 0.00120873 0.0029981 0.00754486 0.0189972 0.0443237 0.0909958 0.161394 0.246922 0.328697 0.388105 0.418224 0.421237 0.396695 0.343054 0.268992 0.192208 0.127099 0.078384 0.0456011 0.0304144 0.0350121 0.0503508 0.0710787 0.0993626 0.143286 0.215563 0.325035 0.463693 0.601047 0.695621 0.720496 0.682951 0.616789 0.550906 0.489802 0.42664 0.359925 0.293475 0.230887 0.174366 0.12654 0.0907528 0.068413 0.0558049 0.0463669 0.0368429 0.027326 0.018889 0.0121226 0.0072052 0.00393792 0.00198805 0.00093864 0.000416797 0.000171494 0 0 0 0 0 0 0 0 0 0 0 0 0 0 0 0 0 0 0 0 0 0 0 0 0 0 0 0 0 0 0 0 0 0 0 0 0 0 0 0 0 0 0 0 0 0 0 0 0 0 0 0
0 0 0 0 0 0 0 0 0 0 0 0 0 0 0 0 0 0 0 0 0 0 0 0 0 0 0 0 0 0 0 0 0 0 0 0 0 0 0 0 0 0 0.000991065 0.00253144 0.00587317 0.0133533 0.0310161 0.0696852 0.141035 0.248564 0.378579 0.501624 0.589459 0.63297 0.637302 0.601844 0.522528 0.411003 0.29397 0.194106 0.119421 0.0696791 0.0477643 0.0556773 0.0783095 0.107747 0.147767 0.210075 0.309463 0.453011 0.627566 0.795309 0.907184 0.931438 0.875986 0.780934 0.682471 0.587576 0.48936 0.390206 0.300621 0.227837 0.172088 0.130972 0.103955 0.0895602 0.0812598 0.0717435 0.0589289 0.0445903 0.0310076 0.0197912 0.011593 0.0062808 0.00320823 0.0015709 0.000730499 0.000311967 0.000118324 0 0 0 0 0 0 0 0 0 0 0 0 0 0 0 0 0 0 0 0 0 0 0 0 0 0 0 0 0 0 0 0 0 0 0 0 0 0 0 0 0 0 0 0 0 0 0 0 0 0 0
0 0 0 0 0 0 0 0 0 0 0 0 0 0 0 0 0 0 0 0 0 0 0 0 0 0 0 0 0 0 0 0 0 0 0 0 0 0 0 0 0 0 0.00182886 0.00460372 0.0102464 0.0214104 0.0451998 0.0959002 0.189741 0.331783 0.503793 0.666687 0.783551 0.843293 0.85268 0.80888 0.70418 0.5536 0.394086 0.258007 0.157374 0.0919163 0.0654309 0.078367 0.10926 0.148462 0.201815 0.283832 0.408696 0.579075 0.776861 0.961465 1.0831 1.10919 1.04635 0.935702 0.817442 0.701043 0.579533 0.457578 0.350509 0.268038 0.208428 0.165867 0.13831 0.124291 0.116185 0.105278 0.088897 0.0689055 0.048656 0.0310707 0.0179792 0.00957308 0.0048512 0.00240076 0.0011395 0.000495248 0.000189872 0 0 0 0 0 0 0 0 0 0 0 0 0 0 0 0 0 0 0 0 0 0 0 0 0 0 0 0 0 0 0 0 0 0 0 0 0 0 0 0 0 0 0 0 0 0 0 0 0 0 0
0 0 0 0 0 0 0 0 0 0 0 0 0 0 0 0 0 0 0 0 0 0 0 0 0 0 0 0 0 0 0 0 0 0 0 0 0 0 0 0 0 0 0.00288539 0.00721069 0.0156897 0.0309824 0.0598678 0.118154 0.225949 0.390381 0.590529 0.78095 0.919094 0.99256 1.00821 0.959861 0.836289 0.655295 0.462523 0.298859 0.179986 0.105254 0.0787243 0.0979268 0.137151 0.18702 0.255348 0.356684 0.500646 0.683768 0.885396 1.06852 1.1898 1.21922 1.15951 1.04686 0.92124 0.794518 0.66126 0.528099 0.412752 0.325103 0.26131 0.214284 0.183299 0.16856 0.161549 0.150956 0.13182 0.105342 0.0759728 0.0489398 0.0280933 0.0145605 0.00709731 0.00338958 0.00157962 0.000683084 0.000261863 8.69156e-05 0 0 0 0 0 0 0 0 0 0 0 0 0 0 0 0 0 0 0 0 0 0 0 0 0 0 0 0 0 0 0 0 0 0 0 0 0 0 0 0 0 0 0 0 0 0 0 0 0 0
0 0 0 0 0 0 0 0 0 0 0 0 0 0 0 0 0 0 0 0 0 0 0 0 0 0 0 0 0 0 0 0 0 0 0 0 0 0 0 0 0 0 0.00388652 0.00968365 0.0208628 0.0400479 0.0731397 0.135711 0.250272 0.425976 0.640303 0.843064 0.986908 1.05814 1.06649 1.00877 0.874046 0.680192 0.475007 0.302485 0.179805 0.105857 0.0845264 0.110352 0.157373 0.218544 0.302511 0.420329 0.573648 0.752411 0.937004 1.09977 1.20889 1.23945 1.18994 1.08843 0.969821 0.846128 0.714973 0.585363 0.474807 0.390568 0.326459 0.276179 0.242621 0.228796 0.225094 0.216324 0.194049 0.158556 0.116141 0.0754054 0.0431756 0.0219449 0.0101465 0.00450534 0.00196994 0.000822617 0.000310878 0.000102658 0 0 0 0 0 0 0 0 0 0 0 0 0 0 0 0 0 0 0 0 0 0 0 0 0 0 0 0 0 0 0 0 0 0 0 0 0 0 0 0 0 0 0 0 0 0 0 0 0 0
0 0 0 0 0 0 0 0 0 0 0 0 0 0 0 0 0 0 0 0 0 0 0 0 0 0 0 0 0 0 0 0 0 0 0 0 0 0 0 0 0 0 0.00446733 0.011131 0.0239642 0.0458382 0.082874 0.151428 0.275695 0.465283 0.694078 0.903615 1.03672 1.07605 1.04243 0.953016 0.807433 0.619331 0.427354 0.269139 0.159266 0.0961341 0.0842006 0.117108 0.172487 0.245226 0.342183 0.469062 0.620051 0.77994 0.932081 1.06036 1.14665 1.17421 1.14076 1.06515 0.970158 0.862768 0.744834 0.629931 0.534447 0.461202 0.40154 0.351383 0.318423 0.308149 0.308841 0.30105 0.273152 0.225223 0.166194 0.108531 0.0622818 0.0313974 0.0140774 0.00576611 0.00228865 0.000885404 0.000321294 0.000104266 0 0 0 0 0 0 0 0 0 0 0 0 0 0 0 0 0 0 0 0 0 0 0 0 0 0 0 0 0 0 0 0 0 0 0 0 0 0 0 0 0 0 0 0 0 0 0 0 0 0
0 0 0 0 0 0 0 0 0 0 0 0 0 0 0 0 0 0 0 0 0 0 0 0 0 0 0 0 0 0 0 0 0 0 0 0 0 0 0 0 0 0 0.0043839 0.0109583 0.0237895 0.0464177 0.0869709 0.164812 0.305563 0.517207 0.767657 0.986901 1.10325 1.0914 0.985057 0.835835 0.670084 0.498167 0.339134 0.214032 0.129739 0.0838797 0.0842332 0.127384 0.195135 0.280445 0.383922 0.506489 0.640746 0.771604 0.885874 0.976646 1.03903 1.06788 1.06261 1.02798 0.966026 0.876496 0.769895 0.668323 0.587973 0.52712 0.475363 0.4317 0.406939 0.404757 0.409282 0.398571 0.36054 0.296805 0.219283 0.143766 0.0829179 0.0418666 0.0185408 0.00730179 0.00260443 0.000901049 0.000299964 9.28528e-05 0 0 0 0 0 0 0 0 0 0 0 0 0 0 0 0 0 0 0 0 0 0 0 0 0 0 0 0 0 0 0 0 0 0 0 0 0 0 0 0 0 0 0 0 0 0 0 0 0 0
0 0 0 0 0 0 0 0 0 0 0 0 0 0 0 0 0 0 0 0 0 0 0 0 0 0 0 0 0 0 0 0 0 0 0 0 0 0 0 0 0 0 0.00367967 0.00927672 0.0205663 0.0419875 0.0842213 0.168973 0.321261 0.546587 0.808851 1.03114 1.13255 1.08051 0.91302 0.705821 0.516089 0.361556 0.242657 0.158592 0.104235 0.0768168 0.0916548 0.151028 0.238961 0.341882 0.448277 0.552248 0.651889 0.743513 0.822251 0.888039 0.946554 1.0013 1.0436 1.05249 1.00969 0.918129 0.804923 0.703367 0.629869 0.579154 0.541143 0.517601 0.515876 0.529242 0.535817 0.515026 0.459009 0.373681 0.274468 0.179765 0.103911 0.0526096 0.0232472 0.00898752 0.0030785 0.000932623 0.000275295 7.72198e-05 0 0 0 0 0 0 0 0 0 0 0 0 0 0 0 0 0 0 0 0 0 0 0 0 0 0 0 0 0 0 0 0 0 0 0 0 0 0 0 0 0 0 0 0 0 0 0 0 0 0
0 0 0 0 0 0 0 0 0 0 0 0 0 0 0 0 0 0 0 0 0 0 0 0 0 0 0 0 0 0 0 0 0 0 0 0 0 0 0 0 0 0 0.00265596 0.00682605 0.0157705 0.0345531 0.0748696 0.15729 0.303345 0.516237 0.760972 0.964556 1.04943 0.982464 0.798459 0.575013 0.381259 0.246049 0.164131 0.117084 0.0875909 0.0756057 0.106827 0.187984 0.304444 0.434831 0.55147 0.634839 0.686812 0.726441 0.772298 0.836593 0.928507 1.04032 1.13436 1.16371 1.10726 0.985431 0.845811 0.731731 0.659776 0.623974 0.616694 0.636566 0.675023 0.709491 0.714881 0.675923 0.591827 0.47465 0.344575 0.223618 0.12829 0.0645191 0.0283016 0.0108143 0.00361384 0.000989169 0.000269153 6.76992e-05 0 0 0 0 0 0 0 0 0 0 0 0 0 0 0 0 0 0 0 0 0 0 0 0 0 0 0 0 0 0 0 0 0 0 0 0 0 0 0 0 0 0 0 0 0 0 0 0 0 0
0 0 0 0 0 0 0 0 0 0 0 0 0 0 0 0 0 0 0 0 0 0 0 0 0 0 0 0 0 0 0 0 0 0 0 0 0 0 0 0 0 0 0.00167075 0.00446998 0.0110593 0.0263381 0.0606205 0.130205 0.251134 0.424667 0.62187 0.78368 0.847432 0.785958 0.627059 0.434701 0.26958 0.162324 0.110645 0.0888944 0.0750368 0.0768536 0.127539 0.235383 0.388481 0.558269 0.700462 0.777336 0.786354 0.767448 0.776573 0.850347 0.990468 1.15638 1.27763 1.29578 1.20125 1.03648 0.866902 0.743336 0.684758 0.688679 0.744864 0.832086 0.91712 0.968207 0.965346 0.901497 0.7817 0.622065 0.44776 0.287322 0.162458 0.0803177 0.0345846 0.0129644 0.004245 0.00122425 0.000269738 6.5169e-05 0 0 0 0 0 0 0 0 0 0 0 0 0 0 0 0 0 0 0 0 0 0 0 0 0 0 0 0 0 0 0 0 0 0 0 0 0 0 0 0 0 0 0 0 0 0 0 0 0 0
0 0 0 0 0 0 0 0 0 0 0 0 0 0 0 0 0 0 0 0 0 0 0 0 0 0 0 0 0 0 0 0 0 0 0 0 0 0 0 0 0 0 0 0.00270878 0.00731102 0.0186672 0.0442734 0.0950724 0.181189 0.302422 0.438216 0.547969 0.588986 0.543 0.429384 0.292606 0.17581 0.103078 0.0745072 0.0664926 0.0630334 0.0831627 0.1611 0.306638 0.511902 0.740185 0.928424 1.01834 0.998538 0.921621 0.875695 0.926836 1.07441 1.2511 1.36424 1.35184 1.21691 1.01948 0.837495 0.729124 0.719739 0.806623 0.959748 1.12619 1.25223 1.30655 1.28236 1.18471 1.0228 0.812965 0.583869 0.3724 0.208274 0.101386 0.0428363 0.0157281 0.0050457 0.00142859 0.000253124 6.18972e-05 0 0 0 0 0 0 0 0 0 0 0 0 0 0 0 0 0 0 0 0 0 0 0 0 0 0 0 0 0 0 0 0 0 0 0 0 0 0 0 0 0 0 0 0 0 0 0 0 0 0
0 0 0 0 0 0 0 0 0 0 0 0 0 0 0 0 0 0 0 0 0 0 0 0 0 0 0 0 0 0 0 0 0 0 0 0 0 0 0 0 0 0 0 0.0015721 0.00457377 0.0121294 0.028878 0.0610907 0.114035 0.186686 0.266399 0.329431 0.351326 0.322 0.253229 0.171351 0.102141 0.0609823 0.048048 0.0471845 0.0559505 0.10468 0.224216 0.431988 0.722285 1.04393 1.30637 1.42427 1.37608 1.22652 1.08771 1.04893 1.12531 1.25009 1.32189 1.27493 1.11646 0.913423 0.751309 0.698282 0.781407 0.980724 1.24105 1.48541 1.64508 1.69088 1.63178 1.48797 1.27473 1.00903 0.722505 0.459051 0.255274 0.123291 0.0515876 0.018742 0.00595413 0.00167351 0.000211694 0 0 0 0 0 0 0 0 0 0 0 0 0 0 0 0 0 0 0 0 0 0 0 0 0 0 0 0 0 0 0 0 0 0 0 0 0 0 0 0 0 0 0 0 0 0 0 0 0 0 0
0 0 0 0 0 0 0 0 0 0 0 0 0 0 0 0 0 0 0 0 0 0 0 0 0 0 0 0 0 0 0 0 0 0 0 0 0 0 0 0 0 0 0 0 0.00263659 0.0070708 0.0166672 0.0345072 0.0627807 0.100284 0.140196 0.170692 0.180037 0.163786 0.128208 0.086662 0.0522624 0.0331848 0.0290851 0.0338688 0.0613698 0.145429 0.32225 0.621838 1.03644 1.49129 1.85573 2.00803 1.91573 1.66255 1.3906 1.20797 1.14509 1.15975 1.16399 1.08875 0.932325 0.75453 0.643907 0.675329 0.858756 1.15557 1.5026 1.81023 1.99732 2.03382 1.93891 1.7446 1.47463 1.15294 0.817137 0.515108 0.284773 0.136941 0.057145 0.020753 0.00661369 0.00187239 0.000154927 0 0 0 0 0 0 0 0 0 0 0 0 0 0 0 0 0 0 0 0 0 0 0 0 0 0 0 0 0 0 0 0 0 0 0 0 0 0 0 0 0 0 0 0 0 0 0 0 0 0 0
0 0 0 0 0 0 0 0 0 0 0 0 0 0 0 0 0 0 0 0 0 0 0 0 0 0 0 0 0 0 0 0 0 0 0 0 0 0 0 0 0 0 0 0 0.00135582 0.00362976 0.00843954 0.0170948 0.0302864 0.0470652 0.0641652 0.0765365 0.0795135 0.0716362 0.0559001 0.0381679 0.024128 0.0172488 0.0176287 0.0301003 0.0769301 0.195263 0.43552 0.839495 1.39496 1.9989 2.4751 2.66191 2.51583 2.14336 1.72466 1.39311 1.1852 1.07741 1.01265 0.926087 0.794518 0.654678 0.589021 0.673464 0.906699 1.24768 1.63477 1.9744 2.17991 2.21887 2.10954 1.88296 1.56792 1.20191 0.835003 0.517731 0.282901 0.135149 0.0563042 0.0205323 0.0066125 0.00190296 0.000493465 0 0 0 0 0 0 0 0 0 0 0 0 0 0 0 0 0 0 0 0 0 0 0 0 0 0 0 0 0 0 0 0 0 0 0 0 0 0 0 0 0 0 0 0 0 0 0 0 0 0 0
0 0 0 0 0 0 0 0 0 0 0 0 0 0 0 0 0 0 0 0 0 0 0 0 0 0 0 0 0 0 0 0 0 0 0 0 0 0 0 0 0 0 0 0 0 0.0016203 0.00372104 0.00739765 0.0127943 0.0193441 0.0256508 0.0298475 0.030423 0.0271324 0.0213232 0.0152825 0.0110459 0.00959277 0.0134659 0.0333875 0.0931104 0.237142 0.527866 1.01583 1.68534 2.41128 2.98199 3.20363 3.02139 2.55625 2.02081 1.58136 1.28996 1.12975 1.05628 0.997562 0.897575 0.762758 0.665302 0.701385 0.898182 1.21273 1.57868 1.90686 2.1169 2.17562 2.08794 1.86721 1.53821 1.15275 0.778111 0.469072 0.25059 0.117944 0.0488253 0.0178598 0.00582272 0.00170825 0.00044915 0 0 0 0 0 0 0 0 0 0 0 0 0 0 0 0 0 0 0 0 0 0 0 0 0 0 0 0 0 0 0 0 0 0 0 0 0 0 0 0 0 0 0 0 0 0 0 0 0 0 0
0 0 0 0 0 0 0 0 0 0 0 0 0 0 0 0 0 0 0 0 0 0 0 0 0 0 0 0 0 0 0 0 0 0 0 0 0 0 0 0 0 0 0 0 0 0 0.00141965 0.00278213 0.00471811 0.00696088 0.00898122 0.0101778 0.0101752 0.00908271 0.00752472 0.00625816 0.00578156 0.0070983 0.0148358 0.0390534 0.103809 0.256889 0.5657 1.0855 1.80203 2.58524 3.21245 3.47513 3.30472 2.81614 2.23263 1.75059 1.45485 1.3373 1.33121 1.32746 1.24056 1.06541 0.876272 0.786517 0.867154 1.08902 1.37734 1.65204 1.84886 1.93543 1.8948 1.7131 1.40502 1.03176 0.674224 0.391313 0.2016 0.0922086 0.0375158 0.0136559 0.00449065 0.00133779 0 0 0 0 0 0 0 0 0 0 0 0 0 0 0 0 0 0 0 0 0 0 0 0 0 0 0 0 0 0 0 0 0 0 0 0 0 0 0 0 0 0 0 0 0 0 0 0 0 0 0 0
0 0 0 0 0 0 0 0 0 0 0 0 0 0 0 0 0 0 0 0 0 0 0 0 0 0 0 0 0 0 0 0 0 0 0 0 0 0 0 0 0 0 0 0 0 0 0 0 0.00151185 0.0021869 0.0027558 0.00305386 0.00303746 0.00286274 0.00280519 0.0029562 0.00389224 0.00785313 0.0193039 0.0466027 0.110104 0.252957 0.539672 1.02655 1.70756 2.46945 3.10755 3.41859 3.31728 2.88983 2.34267 1.88699 1.64218 1.60948 1.69096 1.74276 1.66059 1.43649 1.15367 0.936244 0.877136 0.973329 1.15461 1.35188 1.51778 1.61873 1.61573 1.47449 1.20419 0.86869 0.550806 0.307181 0.151324 0.0663078 0.0260967 0.00931187 0.00305924 0.000923384 0 0 0 0 0 0 0 0 0 0 0 0 0 0 0 0 0 0 0 0 0 0 0 0 0 0 0 0 0 0 0 0 0 0 0 0 0 0 0 0 0 0 0 0 0 0 0 0 0 0 0 0
0 0 0 0 0 0 0 0 0 0 0 0 0 0 0 0 0 0 0 0 0 0 0 0 0 0 0 0 0 0 0 0 0 0 0 0 0 0 0 0 0 0 0 0 0 0 0 0 0 0 0.000741008 0.00081754 0.000858065 0.000968045 0.00119799 0.00155577 0.00373414 0.0099726 0.0251108 0.056469 0.117887 0.239555 0.474375 0.877028 1.45559 2.1292 2.73269 3.0849 3.08726 2.78566 2.34911 1.97993 1.81313 1.8587 2.00926 2.10748 2.03601 1.7798 1.42717 1.11418 0.946378 0.936517 1.02576 1.15563 1.28565 1.37334 1.36693 1.23276 0.987564 0.694869 0.427343 0.229698 0.108393 0.0453583 0.0171186 0.00593923 0.00192619 0.000585267 0 0 0 0 0 0 0 0 0 0 0 0 0 0 0 0 0 0 0 0 0 0 0 0 0 0 0 0 0 0 0 0 0 0 0 0 0 0 0 0 0 0 0 0 0 0 0 0 0 0 0 0
0 0 0 0 0 0 0 0 0 0 0 0 0 0 0 0 0 0 0 0 0 0 0 0 0 0 0 0 0 0 0 0 0 0 0 0 0 0 0 0 0 0 0 0 0 0 0 0 0 0 0 0 0 0 0 0.000758027 0.00414007 0.0120012 0.030197 0.0659047 0.128256 0.233013 0.41308 0.714453 1.159 1.70237 2.22765 2.58927 2.68905 2.53831 2.25925 2.02023 1.94364 2.04398 2.22946 2.35447 2.29898 2.0372 1.65206 1.28549 1.05516 0.986242 1.02945 1.13144 1.24269 1.30113 1.25116 1.079 0.823705 0.552846 0.325231 0.167706 0.0761448 0.0308152 0.0113764 0.0039437 0.00127358 0.000395109 0 0 0 0 0 0 0 0 0 0 0 0 0 0 0 0 0 0 0 0 0 0 0 0 0 0 0 0 0 0 0 0 0 0 0 0 0 0 0 0 0 0 0 0 0 0 0 0 0 0 0 0
0 0 0 0 0 0 0 0 0 0 0 0 0 0 0 0 0 0 0 0 0 0 0 0 0 0 0 0 0 0 0 0 0 0 0 0 0 0 0 0 0 0 0 0 0 0 0 0 0 0 0 0 0 0 0 0.000851396 0.00442409 0.0128459 0.0323175 0.0701037 0.133886 0.231906 0.379704 0.604258 0.926307 1.32801 1.73981 2.06329 2.22102 2.20588 2.09385 2.00293 2.02048 2.15482 2.33844 2.45994 2.41698 2.17791 1.80896 1.4422 1.20053 1.12181 1.16354 1.27054 1.37838 1.40509 1.2946 1.0568 0.758248 0.477331 0.264116 0.129147 0.0564616 0.0225665 0.0085085 0.00308906 0.000991851 0 0 0 0 0 0 0 0 0 0 0 0 0 0 0 0 0 0 0 0 0 0 0 0 0 0 0 0 0 0 0 0 0 0 0 0 0 0 0 0 0 0 0 0 0 0 0 0 0 0 0 0 0
0 0 0 0 0 0 0 0 0 0 0 0 0 0 0 0 0 0 0 0 0 0 0 0 0 0 0 0 0 0 0 0 0 0 0 0 0 0 0 0 0 0 0 0 0 0 0 0 0 0 0 0 0 0 0 0.000830203 0.00411236 0.0119712 0.0302681 0.0663755 0.127984 0.22287 0.360102 0.550147 0.796274 1.08305 1.37407 1.6217 1.78661 1.86218 1.88764 1.92865 2.02923 2.18041 2.33272 2.42032 2.38186 2.19209 1.89072 1.5794 1.37394 1.32431 1.39199 1.51458 1.61746 1.60895 1.43566 1.12718 0.773324 0.463785 0.244547 0.114861 0.0491949 0.0198613 0.00775236 0.00290538 0.000810428 0 0 0 0 0 0 0 0 0 0 0 0 0 0 0 0 0 0 0 0 0 0 0 0 0 0 0 0 0 0 0 0 0 0 0 0 0 0 0 0 0 0 0 0 0 0 0 0 0 0 0 0 0
0 0 0 0 0 0 0 0 0 0 0 0 0 0 0 0 0 0 0 0 0 0 0 0 0 0 0 0 0 0 0 0 0 0 0 0 0 0 0 0 0 0 0 0 0 0 0 0 0 0 0 0 0 0 0 0 0.00229814 0.00981169 0.0251423 0.056092 0.111284 0.200622 0.333559 0.5135 0.729102 0.953902 1.15945 1.33016 1.46583 1.57677 1.68308 1.80893 1.95951 2.10679 2.21081 2.24792 2.20874 2.08466 1.88278 1.65941 1.51448 1.50919 1.60966 1.74682 1.84158 1.80133 1.57771 1.21398 0.815434 0.4792 0.248829 0.11644 0.0505758 0.021005 0.00837202 0.00312348 0 0 0 0 0 0 0 0 0 0 0 0 0 0 0 0 0 0 0 0 0 0 0 0 0 0 0 0 0 0 0 0 0 0 0 0 0 0 0 0 0 0 0 0 0 0 0 0 0 0 0 0 0 0
0 0 0 0 0 0 0 0 0 0 0 0 0 0 0 0 0 0 0 0 0 0 0 0 0 0 0 0 0 0 0 0 0 0 0 0 0 0 0 0 0 0 0 0 0 0 0 0 0 0 0 0 0 0 0 0 0.00167849 0.00722425 0.0191048 0.0440384 0.091514 0.17364 0.302115 0.479446 0.689215 0.89725 1.06933 1.1946 1.2929 1.39627 1.52399 1.67458 1.82648 1.94146 1.98818 1.97289 1.92894 1.86476 1.75745 1.62016 1.53504 1.56915 1.69384 1.83867 1.92651 1.87046 1.62765 1.24623 0.834947 0.491487 0.257526 0.122899 0.0549785 0.0234083 0.00944572 0.00334812 0.000862236 0 0 0 0 0 0 0 0 0 0 0 0 0 0 0 0 0 0 0 0 0 0 0 0 0 0 0 0 0 0 0 0 0 0 0 0 0 0 0 0 0 0 0 0 0 0 0 0 0 0 0 0 0
0 0 0 0 0 0 0 0 0 0 0 0 0 0 0 0 0 0 0 0 0 0 0 0 0 0 0 0 0 0 0 0 0 0 0 0 0 0 0 0 0 0 0 0 0 0 0 0 0 0 0 0 0 0 0 0 0.00147188 0.00440377 0.0147897 0.0358784 0.0790451 0.158928 0.289776 0.475429 0.69771 0.916232 1.0871 1.19275 1.2591 1.33496 1.44485 1.57085 1.67589 1.72546 1.70452 1.63868 1.5823 1.55227 1.50762 1.43414 1.39589 1.45492 1.58663 1.72716 1.80934 1.75821 1.5359 1.18496 0.80343 0.480962 0.257512 0.125932 0.0576094 0.0249597 0.00989033 0.00363858 0.000985625 0 0 0 0 0 0 0 0 0 0 0 0 0 0 0 0 0 0 0 0 0 0 0 0 0 0 0 0 0 0 0 0 0 0 0 0 0 0 0 0 0 0 0 0 0 0 0 0 0 0 0 0 0
0 0 0 0 0 0 0 0 0 0 0 0 0 0 0 0 0 0 0 0 0 0 0 0 0 0 0 0 0 0 0 0 0 0 0 0 0 0 0 0 0 0 0 0 0 0 0 0 0 0 0 0 0 0 0 0 0.00116487 0.00410948 0.0131537 0.034155 0.0796255 0.167472 0.315164 0.526575 0.778563 1.0205 1.19733 1.28732 1.32469 1.37198 1.45274 1.53114 1.56028 1.51935 1.41907 1.30188 1.22511 1.20236 1.18648 1.1526 1.14652 1.21459 1.33444 1.45645 1.53121 1.50039 1.32945 1.04633 0.727275 0.447709 0.24643 0.123212 0.0570747 0.0247706 0.0100335 0.00344173 0 0 0 0 0 0 0 0 0 0 0 0 0 0 0 0 0 0 0 0 0 0 0 0 0 0 0 0 0 0 0 0 0 0 0 0 0 0 0 0 0 0 0 0 0 0 0 0 0 0 0 0 0 0
0 0 0 0 0 0 0 0 0 0 0 0 0 0 0 0 0 0 0 0 0 0 0 0 0 0 0 0 0 0 0 0 0 0 0 0 0 0 0 0 0 0 0 0 0 0 0 0 0 0 0 0 0 0 0 0 0.00121123 0.00439464 0.0131912 0.0363507 0.088154 0.190241 0.362588 0.607581 0.894016 1.15883 1.3374 1.40992 1.42472 1.4553 1.51469 1.54722 1.50116 1.37142 1.19471 1.0306 0.933006 0.904306 0.897206 0.888433 0.906722 0.974454 1.0693 1.16139 1.22479 1.21889 1.10897 0.903103 0.652192 0.417154 0.237439 0.121567 0.0569197 0.0247582 0.0100179 0.00347172 0 0 0 0 0 0 0 0 0 0 0 0 0 0 0 0 0 0 0 0 0 0 0 0 0 0 0 0 0 0 0 0 0 0 0 0 0 0 0 0 0 0 0 0 0 0 0 0 0 0 0 0 0 0
0 0 0 0 0 0 0 0 0 0 0 0 0 0 0 0 0 0 0 0 0 0 0 0 0 0 0 0 0 0 0 0 0 0 0 0 0 0 0 0 0 0 0 0 0 0 0 0 0 0 0 0 0 0 0 0 0.00117414 0.00433076 0.0136968 0.0384037 0.0958912 0.209569 0.400919 0.669908 0.977944 1.25257 1.42477 1.48163 1.48648 1.51656 1.56737 1.56784 1.46987 1.284 1.0641 0.879302 0.77638 0.744804 0.744556 0.76396 0.813062 0.882138 0.947454 1.00322 1.05102 1.06592 1.00677 0.858892 0.651075 0.435781 0.257719 0.135657 0.064399 0.0280688 0.0113157 0.00409549 0 0 0 0 0 0 0 0 0 0 0 0 0 0 0 0 0 0 0 0 0 0 0 0 0 0 0 0 0 0 0 0 0 0 0 0 0 0 0 0 0 0 0 0 0 0 0 0 0 0 0 0 0 0
0 0 0 0 0 0 0 0 0 0 0 0 0 0 0 0 0 0 0 0 0 0 0 0 0 0 0 0 0 0 0 0 0 0 0 0 0 0 0 0 0 0 0 0 0 0 0 0 0 0 0 0 0 0 0 0 0.00107811 0.00412047 0.0134037 0.03854 0.0971746 0.213818 0.409211 0.680882 0.986248 1.25016 1.40615 1.45061 1.45628 1.49533 1.54592 1.53184 1.41596 1.2233 1.01617 0.860234 0.784213 0.766973 0.788229 0.851862 0.942122 1.01535 1.04682 1.05667 1.07968 1.10661 1.08151 0.962209 0.759857 0.527148 0.320815 0.172211 0.0824836 0.035746 0.0141992 0.00512947 0.00163273 0 0 0 0 0 0 0 0 0 0 0 0 0 0 0 0 0 0 0 0 0 0 0 0 0 0 0 0 0 0 0 0 0 0 0 0 0 0 0 0 0 0 0 0 0 0 0 0 0 0 0 0 0
0 0 0 0 0 0 0 0 0 0 0 0 0 0 0 0 0 0 0 0 0 0 0 0 0 0 0 0 0 0 0 0 0 0 0 0 0 0 0 0 0 0 0 0 0 0 0 0 0 0 0 0 0 0 0 0 0.000931016 0.00348442 0.012164 0.0354694 0.0902012 0.199085 0.380714 0.630775 0.907456 1.14063 1.27238 1.307 1.31723 1.36427 1.41815 1.41036 1.31887 1.17884 1.04813 0.96777 0.939313 0.94746 1.00279 1.11838 1.24939 1.32218 1.30891 1.25335 1.23008 1.25312 1.24799 1.13949 0.922242 0.653366 0.404474 0.219866 0.10597 0.0457893 0.0179095 0.00630192 0.00200898 0 0 0 0 0 0 0 0 0 0 0 0 0 0 0 0 0 0 0 0 0 0 0 0 0 0 0 0 0 0 0 0 0 0 0 0 0 0 0 0 0 0 0 0 0 0 0 0 0 0 0 0 0
0 0 0 0 0 0 0 0 0 0 0 0 0 0 0 0 0 0 0 0 0 0 0 0 0 0 0 0 0 0 0 0 0 0 0 0 0 0 0 0 0 0 0 0 0 0 0 0 0 0 0 0 0 0 0 0 0.000741504 0.0028444 0.0100474 0.029733 0.0759157 0.16809 0.321005 0.529908 0.758528 0.948215 1.05317 1.08143 1.09641 1.1472 1.20905 1.23454 1.22049 1.2009 1.19823 1.20329 1.20425 1.21956 1.29728 1.45207 1.61017 1.67221 1.60558 1.47191 1.38216 1.38043 1.3811 1.27835 1.05023 0.755103 0.474443 0.261774 0.127885 0.0557131 0.0218017 0.00762421 0.00237575 0 0 0 0 0 0 0 0 0 0 0 0 0 0 0 0 0 0 0 0 0 0 0 0 0 0 0 0 0 0 0 0 0 0 0 0 0 0 0 0 0 0 0 0 0 0 0 0 0 0 0 0 0
0 0 0 0 0 0 0 0 0 0 0 0 0 0 0 0 0 0 0 0 0 0 0 0 0 0 0 0 0 0 0 0 0 0 0 0 0 0 0 0 0 0 0 0 0 0 0 0 0 0 0 0 0 0 0 0 0.000535006 0.00209355 0.00770159 0.0227263 0.0586405 0.129519 0.246926 0.407099 0.582257 0.728468 0.812507 0.842044 0.865809 0.923304 1.0057 1.09547 1.20501 1.3425 1.46913 1.53094 1.52247 1.50679 1.57013 1.72588 1.87817 1.91296 1.79588 1.59759 1.44737 1.41099 1.40522 1.30912 1.0879 0.793986 0.508156 0.286439 0.143067 0.0635998 0.0251328 0.0088167 0.00272185 0 0 0 0 0 0 0 0 0 0 0 0 0 0 0 0 0 0 0 0 0 0 0 0 0 0 0 0 0 0 0 0 0 0 0 0 0 0 0 0 0 0 0 0 0 0 0 0 0 0 0 0 0
0 0 0 0 0 0 0 0 0 0 0 0 0 0 0 0 0 0 0 0 0 0 0 0 0 0 0 0 0 0 0 0 0 0 0 0 0 0 0 0 0 0 0 0 0 0 0 0 0 0 0 0 0 0 0 0 0 0.00174178 0.00591723 0.0177189 0.0447785 0.0981062 0.186438 0.307935 0.444047 0.564152 0.644409 0.68928 0.733391 0.810025 0.926075 1.0855 1.30207 1.55461 1.76299 1.84662 1.80423 1.73134 1.74153 1.84733 1.94881 1.9385 1.78846 1.56793 1.39714 1.33822 1.31923 1.22947 1.03141 0.76553 0.501082 0.289775 0.148407 0.067325 0.0269663 0.00950628 0.00292789 0 0 0 0 0 0 0 0 0 0 0 0 0 0 0 0 0 0 0 0 0 0 0 0 0 0 0 0 0 0 0 0 0 0 0 0 0 0 0 0 0 0 0 0 0 0 0 0 0 0 0 0 0
0 0 0 0 0 0 0 0 0 0 0 0 0 0 0 0 0 0 0 0 0 0 0 0 0 0 0 0 0 0 0 0 0 0 0 0 0 0 0 0 0 0 0 0 0 0 0 0 0 0 0 0 0 0 0 0 0.000444881 0.00178804 0.00566956 0.0169977 0.0416901 0.0893213 0.16773 0.27712 0.405084 0.528908 0.628928 0.704932 0.779481 0.87854 1.01391 1.19514 1.43597 1.71287 1.93685 2.01372 1.93826 1.81552 1.76279 1.7882 1.80843 1.7487 1.59897 1.41709 1.28393 1.22595 1.18595 1.09078 0.915697 0.688425 0.459791 0.271817 0.141892 0.0652356 0.0262979 0.00927835 0.00284841 0 0 0 0 0 0 0 0 0 0 0 0 0 0 0 0 0 0 0 0 0 0 0 0 0 0 0 0 0 0 0 0 0 0 0 0 0 0 0 0 0 0 0 0 0 0 0 0 0 0 0 0 0
0 0 0 0 0 0 0 0 0 0 0 0 0 0 0 0 0 0 0 0 0 0 0 0 0 0 0 0 0 0 0 0 0 0 0 0 0 0 0 0 0 0 0 0 0 0 0 0 0 0 0 0 0 0 0 0 0.00058196 0.00215253 0.00704975 0.0197058 0.0475127 0.100005 0.185403 0.305065 0.449491 0.600142 0.738939 0.858781 0.965749 1.07231 1.18985 1.3303 1.5099 1.72092 1.89377 1.93945 1.84621 1.70607 1.6157 1.57332 1.52305 1.43864 1.33606 1.24941 1.19391 1.14742 1.07328 0.950054 0.779848 0.583654 0.392438 0.234347 0.123302 0.0568669 0.022884 0.00803255 0.0024484 0 0 0 0 0 0 0 0 0 0 0 0 0 0 0 0 0 0 0 0 0 0 0 0 0 0 0 0 0 0 0 0 0 0 0 0 0 0 0 0 0 0 0 0 0 0 0 0 0 0 0 0 0
0 0 0 0 0 0 0 0 0 0 0 0 0 0 0 0 0 0 0 0 0 0 0 0 0 0 0 0 0 0 0 0 0 0 0 0 0 0 0 0 0 0 0 0 0 0 0 0 0 0 0 0 0 0 0 0.000158787 0.000676786 0.00247421 0.00817177 0.0225167 0.0538877 0.112738 0.208205 0.343377 0.512547 0.70234 0.894882 1.06928 1.20568 1.29732 1.35735 1.40869 1.47362 1.56146 1.63723 1.63561 1.54031 1.41529 1.32387 1.25531 1.18206 1.12187 1.10658 1.12807 1.13914 1.09549 0.98412 0.82324 0.642566 0.465565 0.308201 0.182883 0.0958397 0.0439562 0.0175497 0.00609987 0.00183932 0 0 0 0 0 0 0 0 0 0 0 0 0 0 0 0 0 0 0 0 0 0 0 0 0 0 0 0 0 0 0 0 0 0 0 0 0 0 0 0 0 0 0 0 0 0 0 0 0 0 0 0 0
0 0 0 0 0 0 0 0 0 0 0 0 0 0 0 0 0 0 0 0 0 0 0 0 0 0 0 0 0 0 0 0 0 0 0 0 0 0 0 0 0 0 0 0 0 0 0 0 0 0 0 0 0 0 0 0.000166587 0.000710816 0.00266713 0.00852993 0.0235107 0.056263 0.117961 0.219263 0.366859 0.561371 0.795069 1.0458 1.27196 1.42469 1.47883 1.45287 1.39037 1.32818 1.28667 1.25952 1.21107 1.12373 1.02952 0.959718 0.902392 0.854451 0.855648 0.924502 1.01161 1.04965 1.00142 0.870139 0.690609 0.506492 0.346722 0.220445 0.12764 0.0658684 0.0297786 0.0117722 0.00404006 0.00120217 0 0 0 0 0 0 0 0 0 0 0 0 0 0 0 0 0 0 0 0 0 0 0 0 0 0 0 0 0 0 0 0 0 0 0 0 0 0 0 0 0 0 0 0 0 0 0 0 0 0 0 0 0
0 0 0 0 0 0 0 0 0 0 0 0 0 0 0 0 0 0 0 0 0 0 0 0 0 0 0 0 0 0 0 0 0 0 0 0 0 0 0 0 0 0 0 0 0 0 0 0 0 0 0 0 0 0 0 0.000170861 0.000711434 0.00262556 0.0083233 0.0228787 0.0549198 0.116171 0.219504 0.376391 0.593529 0.864925 1.15895 1.41381 1.55964 1.56137 1.44504 1.27606 1.11111 0.977437 0.879702 0.802121 0.727629 0.662494 0.616537 0.584541 0.579333 0.635311 0.742913 0.842384 0.879056 0.829778 0.704562 0.538482 0.373864 0.239674 0.143403 0.0794347 0.0398426 0.0176656 0.00687814 0.00232665 0 0 0 0 0 0 0 0 0 0 0 0 0 0 0 0 0 0 0 0 0 0 0 0 0 0 0 0 0 0 0 0 0 0 0 0 0 0 0 0 0 0 0 0 0 0 0 0 0 0 0 0 0 0
0 0 0 0 0 0 0 0 0 0 0 0 0 0 0 0 0 0 0 0 0 0 0 0 0 0 0 0 0 0 0 0 0 0 0 0 0 0 0 0 0 0 0 0 0 0 0 0 0 0 0 0 0 0 0 0.000192749 0.000755418 0.00266215 0.00820127 0.0222459 0.0533507 0.113963 0.219253 0.384297 0.617793 0.909804 1.21791 1.46791 1.58297 1.52969 1.34308 1.10293 0.880312 0.706416 0.583383 0.499909 0.439202 0.392832 0.361429 0.3488 0.371766 0.444965 0.544617 0.624685 0.649616 0.606942 0.50736 0.378472 0.252685 0.152882 0.0853666 0.0444063 0.0212813 0.00916007 0.00349554 0.00116323 0 0 0 0 0 0 0 0 0 0 0 0 0 0 0 0 0 0 0 0 0 0 0 0 0 0 0 0 0 0 0 0 0 0 0 0 0 0 0 0 0 0 0 0 0 0 0 0 0 0 0 0 0 0
0 0 0 0 0 0 0 0 0 0 0 0 0 0 0 0 0 0 0 0 0 0 0 0 0 0 0 0 0 0 0 0 0 0 0 0 0 0 0 0 0 0 0 0 0 0 0 0 0 0 0 0 0 0 5.64215e-05 0.000237432 0.000879174 0.00293192 0.00865119 0.0228358 0.0541185 0.115617 0.223919 0.395002 0.635278 0.928028 1.2228 1.4424 1.51553 1.41927 1.1969 0.931328 0.6951 0.518843 0.399238 0.322215 0.271795 0.235322 0.210582 0.205166 0.230713 0.287561 0.355424 0.406189 0.419059 0.387728 0.320436 0.235385 0.153321 0.0889912 0.0467196 0.0226048 0.0101035 0.00417923 0.00154872 0 0 0 0 0 0 0 0 0 0 0 0 0 0 0 0 0 0 0 0 0 0 0 0 0 0 0 0 0 0 0 0 0 0 0 0 0 0 0 0 0 0 0 0 0 0 0 0 0 0 0 0 0 0 0
0 0 0 0 0 0 0 0 0 0 0 0 0 0 0 0 0 0 0 0 0 0 0 0 0 0 0 0 0 0 0 0 0 0 0 0 0 0 0 0 0 0 0 0 0 0 0 0 0 0 0 0 0 0 6.82554e-05 0.000280514 0.00100609 0.00323018 0.0091917 0.0235735 0.0548546 0.116168 0.224128 0.393618 0.627385 0.903283 1.16808 1.34961 1.38931 1.2769 1.05838 0.807617 0.585512 0.418384 0.304376 0.231678 0.187592 0.159599 0.141217 0.135063 0.146402 0.173964 0.207242 0.231564 0.23544 0.215452 0.176309 0.128153 0.0822388 0.0465236 0.0233671 0.0105923 0.00439003 0.00170274 0.000603081 0 0 0 0 0 0 0 0 0 0 0 0 0 0 0 0 0 0 0 0 0 0 0 0 0 0 0 0 0 0 0 0 0 0 0 0 0 0 0 0 0 0 0 0 0 0 0 0 0 0 0 0 0 0 0
0 0 0 0 0 0 0 0 0 0 0 0 0 0 0 0 0 0 0 0 0 0 0 0 0 0 0 0 0 0 0 0 0 0 0 0 0 0 0 0 0 0 0 0 0 0 0 0 0 0 0 0 0 0 0 0.000293458 0.00103449 0.00324129 0.00897405 0.0224827 0.0513717 0.107629 0.206428 0.36059 0.570217 0.811824 1.03622 1.18286 1.20854 1.11169 0.931435 0.721596 0.525102 0.36611 0.253117 0.184003 0.149288 0.132822 0.120665 0.109608 0.103574 0.10531 0.112154 0.117661 0.115857 0.104145 0.084251 0.0606928 0.038577 0.0215042 0.0105115 0.00448521 0.0017596 0.000632472 0 0 0 0 0 0 0 0 0 0 0 0 0 0 0 0 0 0 0 0 0 0 0 0 0 0 0 0 0 0 0 0 0 0 0 0 0 0 0 0 0 0 0 0 0 0 0 0 0 0 0 0 0 0 0 0
0 0 0 0 0 0 0 0 0 0 0 0 0 0 0 0 0 0 0 0 0 0 0 0 0 0 0 0 0 0 0 0 0 0 0 0 0 0 0 0 0 0 0 0 0 0 0 0 0 0 0 0 0 0 0 0.00026517 0.000923747 0.00281188 0.00771526 0.0189184 0.0424951 0.0881214 0.168204 0.292942 0.461348 0.653072 0.828878 0.944309 0.970914 0.909735 0.784915 0.626618 0.462698 0.318969 0.215429 0.159112 0.138878 0.131498 0.12045 0.10274 0.0838092 0.0695224 0.0610667 0.0559784 0.0510257 0.0441072 0.034985 0.0249272 0.0157062 0.00868109 0.00406666 0.00173323 0.000648438 0 0 0 0 0 0 0 0 0 0 0 0 0 0 0 0 0 0 0 0 0 0 0 0 0 0 0 0 0 0 0 0 0 0 0 0 0 0 0 0 0 0 0 0 0 0 0 0 0 0 0 0 0 0 0 0 0
0 0 0 0 0 0 0 0 0 0 0 0 0 0 0 0 0 0 0 0 0 0 0 0 0 0 0 0 0 0 0 0 0 0 0 0 0 0 0 0 0 0 0 0 0 0 0 0 0 0 0 0 0 0 0 0.000205349 0.000709274 0.00213238 0.00574309 0.0138121 0.030517 0.0626506 0.11913 0.207276 0.326135 0.461131 0.585765 0.672054 0.703349 0.678778 0.606658 0.498953 0.374696 0.261187 0.183958 0.149825 0.14034 0.133653 0.119308 0.0966932 0.0715176 0.0503877 0.0361047 0.0272419 0.0214877 0.0171644 0.0132191 0.0094309 0.00602803 0.00326117 0.0014105 0 0 0 0 0 0 0 0 0 0 0 0 0 0 0 0 0 0 0 0 0 0 0 0 0 0 0 0 0 0 0 0 0 0 0 0 0 0 0 0 0 0 0 0 0 0 0 0 0 0 0 0 0 0 0 0 0 0 0
0 0 0 0 0 0 0 0 0 0 0 0 0 0 0 0 0 0 0 0 0 0 0 0 0 0 0 0 0 0 0 0 0 0 0 0 0 0 0 0 0 0 0 0 0 0 0 0 0 0 0 0 0 0 0 0.000135981 0.000466613 0.00138886 0.00368203 0.00869477 0.018912 0.0384284 0.0728122 0.126723 0.1997 0.283166 0.362214 0.42201 0.453514 0.452981 0.41859 0.353202 0.271512 0.199473 0.159072 0.145877 0.138921 0.127016 0.108087 0.0837141 0.0584005 0.0373039 0.0230249 0.0148486 0.010744 0.00895753 0.00786826 0.00631495 0.00467523 0.00285088 0.00157203 0.000741804 0.000300519 0 0 0 0 0 0 0 0 0 0 0 0 0 0 0 0 0 0 0 0 0 0 0 0 0 0 0 0 0 0 0 0 0 0 0 0 0 0 0 0 0 0 0 0 0 0 0 0 0 0 0 0 0 0 0 0 0
0 0 0 0 0 0 0 0 0 0 0 0 0 0 0 0 0 0 0 0 0 0 0 0 0 0 0 0 0 0 0 0 0 0 0 0 0 0 0 0 0 0 0 0 0 0 0 0 0 0 0 0 0 0 0 0 0.000262657 0.000775458 0.00200433 0.00471438 0.010083 0.0202849 0.0382975 0.0667413 0.105596 0.150821 0.195575 0.233234 0.258825 0.267441 0.254212 0.21977 0.176492 0.1456 0.136862 0.135598 0.127162 0.109951 0.0879557 0.0647776 0.043348 0.0265164 0.0159407 0.0113152 0.0106187 0.0111631 0.0111945 0.00988747 0.00752545 0.00490606 0.00273407 0.00130244 0.000530928 0.000185596 0 0 0 0 0 0 0 0 0 0 0 0 0 0 0 0 0 0 0 0 0 0 0 0 0 0 0 0 0 0 0 0 0 0 0 0 0 0 0 0 0 0 0 0 0 0 0 0 0 0 0 0 0 0 0 0
0 0 0 0 0 0 0 0 0 0 0 0 0 0 0 0 0 0 0 0 0 0 0 0 0 0 0 0 0 0 0 0 0 0 0 0 0 0 0 0 0 0 0 0 0 0 0 0 0 0 0 0 0 0 0 0 0.00012636 0.00037068 0.000948639 0.00219663 0.00462784 0.00919877 0.017324 0.0302747 0.0482493 0.0698005 0.0924317 0.113567 0.130337 0.138713 0.134985 0.1205 0.105638 0.103397 0.110941 0.113717 0.104502 0.0859638 0.0644863 0.0448602 0.0293925 0.0195311 0.0156135 0.0155641 0.0172228 0.0191541 0.0196886 0.0178107 0.0139012 0.0092956 0.0053137 0.00259485 0.00108231 0.000385669 0.000117424 0 0 0 0 0 0 0 0 0 0 0 0 0 0 0 0 0 0 0 0 0 0 0 0 0 0 0 0 0 0 0 0 0 0 0 0 0 0 0 0 0 0 0 0 0 0 0 0 0 0 0 0 0 0 0
0 0 0 0 0 0 0 0 0 0 0 0 0 0 0 0 0 0 0 0 0 0 0 0 0 0 0 0 0 0 0 0 0 0 0 0 0 0 0 0 0 0 0 0 0 0 0 0 0 0 0 0 0 0 0 0 0 0.000151539 0.000384684 0.000866554 0.00182591 0.00359317 0.00674266 0.0118617 0.0191347 0.028229 0.0384377 0.0488048 0.0577394 0.0628995 0.0626766 0.0593057 0.060249 0.069732 0.0805518 0.0835245 0.0755919 0.060034 0.0427944 0.0288546 0.0212784 0.0205207 0.0232216 0.0273317 0.0330728 0.0389637 0.0415911 0.0386742 0.0308772 0.0210667 0.0122646 0.00608969 0.00257838 0.00093083 0.000286374 7.50324e-05 0 0 0 0 0 0 0 0 0 0 0 0 0 0 0 0 0 0 0 0 0 0 0 0 0 0 0 0 0 0 0 0 0 0 0 0 0 0 0 0 0 0 0 0 0 0 0 0 0 0 0 0 0 0
0 0 0 0 0 0 0 0 0 0 0 0 0 0 0 0 0 0 0 0 0 0 0 0 0 0 0 0 0 0 0 0 0 0 0 0 0 0 0 0 0 0 0 0 0 0 0 0 0 0 0 0 0 0 0 0 0 0 0.000133537 0.000298019 0.000608066 0.00121073 0.00227614 0.00404196 0.00665427 0.0100799 0.0141636 0.018536 0.0224411 0.0248973 0.0256947 0.0270932 0.0329547 0.0426788 0.0509444 0.0529808 0.0475099 0.0370012 0.0260097 0.0197262 0.021489 0.0281745 0.0371649 0.0500235 0.0672601 0.0837334 0.0915966 0.086227 0.0693834 0.0476232 0.0278657 0.0138967 0.00590666 0.00213957 0.000660331 0.000173723 3.87896e-05 0 0 0 0 0 0 0 0 0 0 0 0 0 0 0 0 0 0 0 0 0 0 0 0 0 0 0 0 0 0 0 0 0 0 0 0 0 0 0 0 0 0 0 0 0 0 0 0 0 0 0 0 0
0 0 0 0 0 0 0 0 0 0 0 0 0 0 0 0 0 0 0 0 0 0 0 0 0 0 0 0 0 0 0 0 0 0 0 0 0 0 0 0 0 0 0 0 0 0 0 0 0 0 0 0 0 0 0 0 0 0 0 8.79865e-05 0.00017859 0.000345989 0.000675417 0.00122483 0.00206681 0.00322111 0.00466518 0.00622665 0.00764722 0.0086405 0.00952847 0.0118251 0.0167243 0.022922 0.0277124 0.028831 0.0257487 0.0200788 0.0155231 0.0172531 0.0255807 0.0383586 0.0580847 0.0890002 0.128533 0.164527 0.181756 0.17176 0.138475 0.0951662 0.0557399 0.0278212 0.0118331 0.00428911 0.0013248 0.000348411 7.81554e-05 0 0 0 0 0 0 0 0 0 0 0 0 0 0 0 0 0 0 0 0 0 0 0 0 0 0 0 0 0 0 0 0 0 0 0 0 0 0 0 0 0 0 0 0 0 0 0 0 0 0 0 0 0
0 0 0 0 0 0 0 0 0 0 0 0 0 0 0 0 0 0 0 0 0 0 0 0 0 0 0 0 0 0 0 0 0 0 0 0 0 0 0 0 0 0 0 0 0 0 0 0 0 0 0 0 0 0 0 0 0 0 0 0 4.5744e-05 9.05271e-05 0.000175659 0.000323671 0.000593611 0.000946657 0.00138373 0.00184982 0.00227786 0.00264588 0.00328879 0.00488124 0.00756745 0.0106253 0.0129014 0.0134242 0.0120338 0.00995698 0.0106587 0.0171143 0.029171 0.0498409 0.086799 0.144945 0.21666 0.280501 0.310993 0.294247 0.237342 0.163157 0.0955791 0.0477134 0.0202973 0.00735786 0.0022725 0.000598208 0.000134188 2.565e-05 0 0 0 0 0 0 0 0 0 0 0 0 0 0 0 0 0 0 0 0 0 0 0 0 0 0 0 0 0 0 0 0 0 0 0 0 0 0 0 0 0 0 0 0 0 0 0 0 0 0 0 0
0 0 0 0 0 0 0 0 0 0 0 0 0 0 0 0 0 0 0 0 0 0 0 0 0 0 0 0 0 0 0 0 0 0 0 0 0 0 0 0 0 0 0 0 0 0 0 0 0 0 0 0 0 0 0 0 0 0 0 0 0 0 4.51691e-05 8.68348e-05 0.000150638 0.000233158 0.000321618 0.000494609 0.000610111 0.000752784 0.00110142 0.00185596 0.00296724 0.00422076 0.00513388 0.00535483 0.00495172 0.0051442 0.00845178 0.0162546 0.0313722 0.0619182 0.119168 0.207684 0.314908 0.409492 0.454603 0.430304 0.347136 0.238648 0.139808 0.0697961 0.0296907 0.0107632 0.00332488 0.000875232 0.000196327 3.75278e-05 0 0 0 0 0 0 0 0 0 0 0 0 0 0 0 0 0 0 0 0 0 0 0 0 0 0 0 0 0 0 0 0 0 0 0 0 0 0 0 0 0 0 0 0 0 0 0 0 0 0 0 0
0 0 0 0 0 0 0 0 0 0 0 0 0 0 0 0 0 0 0 0 0 0 0 0 0 0 0 0 0 0 0 0 0 0 0 0 0 0 0 0 0 0 0 0 0 0 0 0 0 0 0 0 0 0 0 0 0 0 0 0 0 0 0 0 0 6.02278e-05 8.14278e-05 9.73233e-05 0 0.000147039 0.000323412 0.000617618 0.00101764 0.00144021 0.00174828 0.00185009 0.00195525 0.00311232 0.00663334 0.0144677 0.0322793 0.0713503 0.144732 0.256868 0.391669 0.510153 0.566634 0.536427 0.432769 0.297524 0.1743 0.0870147 0.0370168 0.0134191 0.00414528 0.0010912 0.000244772 4.67882e-05 0 0 0 0 0 0 0 0 0 0 0 0 0 0 0 0 0 0 0 0 0 0 0 0 0 0 0 0 0 0 0 0 0 0 0 0 0 0 0 0 0 0 0 0 0 0 0 0 0 0 0 0
0 0 0 0 0 0 0 0 0 0 0 0 0 0 0 0 0 0 0 0 0 0 0 0 0 0 0 0 0 0 0 0 0 0 0 0 0 0 0 0 0 0 0 0 0 0 0 0 0 0 0 0 0 0 0 0 0 0 0 0 0 0 0 0 0 0 0 0 0 0 9.90255e-05 0.000185163 0.000300572 0.000421538 0.000512573 0.000580632 0.000870544 0.00198596 0.0048875 0.0123048 0.0311211 0.0733262 0.152204 0.272073 0.415742 0.541847 0.601947 0.56989 0.459771 0.31609 0.18518 0.0924449 0.0393275 0.0142567 0.00440404 0.0011593 0.000260051 4.97084e-05 8.09682e-06 0 0 0 0 0 0 0 0 0 0 0 0 0 0 0 0 0 0 0 0 0 0 0 0 0 0 0 0 0 0 0 0 0 0 0 0 0 0 0 0 0 0 0 0 0 0 0 0 0 0 0
0 0 0 0 0 0 0 0 0 0 0 0 0 0 0 0 0 0 0 0 0 0 0 0 0 0 0 0 0 0 0 0 0 0 0 0 0 0 0 0 0 0 0 0 0 0 0 0 0 0 0 0 0 0 0 0 0 0 0 0 0 0 0 0 0 0 0 0 0 0 0 4.86044e-05 7.71474e-05 0.000106472 0.000132624 0.000189998 0.000438705 0.00120963 0.00343208 0.00989456 0.0270121 0.0655177 0.137258 0.246034 0.376257 0.490504 0.544946 0.515935 0.416245 0.286167 0.167649 0.0836935 0.0356044 0.012907 0.0039871 0.00104956 0.000235431 4.50026e-05 7.3303e-06 0 0 0 0 0 0 0 0 0 0 0 0 0 0 0 0 0 0 0 0 0 0 0 0 0 0 0 0 0 0 0 0 0 0 0 0 0 0 0 0 0 0 0 0 0 0 0 0 0 0 0
0 0 0 0 0 0 0 0 0 0 0 0 0 0 0 0 0 0 0 0 0 0 0 0 0 0 0 0 0 0 0 0 0 0 0 0 0 0 0 0 0 0 0 0 0 0 0 0 0 0 0 0 0 0 0 0 0 0 0 0 0 0 0 0 0 0 0 0 0 0 0 0 1.73768e-05 2.33854e-05 3.2881e-05 7.25008e-05 0.000219504 0.000700901 0.00229482 0.00723812 0.0204902 0.0502903 0.105733 0.189727 0.290237 0.378397 0.420404 0.398027 0.321122 0.22077 0.129336 0.064568 0.0274677 0.00995737 0.00307595 0.000809703 0.00018163 3.47182e-05 5.65513e-06 0 0 0 0 0 0 0 0 0 0 0 0 0 0 0 0 0 0 0 0 0 0 0 0 0 0 0 0 0 0 0 0 0 0 0 0 0 0 0 0 0 0 0 0 0 0 0 0 0 0 0
0 0 0 0 0 0 0 0 0 0 0 0 0 0 0 0 0 0 0 0 0 0 0 0 0 0 0 0 0 0 0 0 0 0 0 0 0 0 0 0 0 0 0 0 0 0 0 0 0 0 0 0 0 0 0 0 0 0 0 0 0 0 0 0 0 0 0 0 0 0 0 0 0 0 8.96823e-06 2.60963e-05 0.000104705 0.000388565 0.0014114 0.00465653 0.0133827 0.0329976 0.0694706 0.124706 0.190793 0.248753 0.276378 0.261664 0.211104 0.145133 0.0850266 0.042447 0.0180575 0.00654604 0.00202215 0.000532305 0.000119404 2.28241e-05 0 0 0 0 0 0 0 0 0 0 0 0 0 0 0 0 0 0 0 0 0 0 0 0 0 0 0 0 0 0 0 0 0 0 0 0 0 0 0 0 0 0 0 0 0 0 0 0 0 0 0 0
0 0 0 0 0 0 0 0 0 0 0 0 0 0 0 0 0 0 0 0 0 0 0 0 0 0 0 0 0 0 0 0 0 0 0 0 0 0 0 0 0 0 0 0 0 0 0 0 0 0 0 0 0 0 0 0 0 0 0 0 0 0 0 0 0 0 0 0 0 0 0 0 0 0 0 0 4.80752e-05 0.000200379 0.000769104 0.00258672 0.00747846 0.0184719 0.0389044 0.0698545 0.106881 0.139353 0.154827 0.146585 0.118263 0.081305 0.047632 0.0237792 0.0101159 0.00366712 0.00113281 0.000298197 6.6891e-05 1.27862e-05 0 0 0 0 0 0 0 0 0 0 0 0 0 0 0 0 0 0 0 0 0 0 0 0 0 0 0 0 0 0 0 0 0 0 0 0 0 0 0 0 0 0 0 0 0 0 0 0 0 0 0 0
0 0 0 0 0 0 0 0 0 0 0 0 0 0 0 0 0 0 0 0 0 0 0 0 0 0 0 0 0 0 0 0 0 0 0 0 0 0 0 0 0 0 0 0 0 0 0 0 0 0 0 0 0 0 0 0 0 0 0 0 0 0 0 0 0 0 0 0 0 0 0 0 0 0 0 0 0 9.02802e-05 0.00036076 0.00122845 0.00356461 0.00881411 0.018572 0.0333468 0.0510222 0.0665236 0.0739102 0.0699761 0.0564558 0.038813 0.0227383 0.0113515 0.00482907 0.00175059 0.000540779 0.000142351 3.19321e-05 0 0 0 0 0 0 0 0 0 0 0 0 0 0 0 0 0 0 0 0 0 0 0 0 0 0 0 0 0 0 0 0 0 0 0 0 0 0 0 0 0 0 0 0 0 0 0 0 0 0 0 0 0
0 0 0 0 0 0 0 0 0 0 0 0 0 0 0 0 0 0 0 0 0 0 0 0 0 0 0 0 0 0 0 0 0 0 0 0 0 0 0 0 0 0 0 0 0 0 0 0 0 0 0 0 0 0 0 0 0 0 0 0 0 0 0 0 0 0 0 0 0 0 0 0 0 0 0 0 0 0 0.000146754 0.000499724 0.00145005 0.00358553 0.0075549 0.0135652 0.0207554 0.0270611 0.0300662 0.0284655 0.0229656 0.0157887 0.00924978 0.00461771 0.00196442 0.000712127 0.000219984 5.79073e-05 1.29897e-05 0 0 0 0 0 0 0 0 0 0 0 0 0 0 0 0 0 0 0 0 0 0 0 0 0 0 0 0 0 0 0 0 0 0 0 0 0 0 0 0 0 0 0 0 0 0 0 0 0 0 0 0 0
0 0 0 0 0 0 0 0 0 0 0 0 0 0 0 0 0 0 0 0 0 0 0 0 0 0 0 0 0 0 0 0 0 0 0 0 0 0 0 0 0 0 0 0 0 0 0 0 0 0 0 0 0 0 0 0 0 0 0 0 0 0 0 0 0 0 0 0 0 0 0 0 0 0 0 0 0 0 5.08715e-05 0.000173227 0.000502656 0.00124291 0.00261888 0.00470222 0.00719465 0.00938061 0.0104223 0.00986747 0.00796092 0.0054731 0.00320638 0.00160071 0.000680954 0.000246853 7.62555e-05 2.00736e-05 0 0 0 0 0 0 0 0 0 0 0 0 0 0 0 0 0 0 0 0 0 0 0 0 0 0 0 0 0 0 0 0 0 0 0 0 0 0 0 0 0 0 0 0 0 0 0 0 0 0 0 0 0 0
0 0 0 0 0 0 0 0 0 0 0 0 0 0 0 0 0 0 0 0 0 0 0 0 0 0 0 0 0 0 0 0 0 0 0 0 0 0 0 0 0 0 0 0 0 0 0 0 0 0 0 0 0 0 0 0 0 0 0 0 0 0 0 0 0 0 0 0 0 0 0 0 0 0 0 0 0 0 0 0 0.00014848 0.000367142 0.000773597 0.00138902 0.00212527 0.00277096 0.00307864 0.00291477 0.00235159 0.0016167 0.000947142 0.000472832 0.00020115 7.29191e-05 0 0 0 0 0 0 0 0 0 0 0 0 0 0 0 0 0 0 0 0 0 0 0 0 0 0 0 0 0 0 0 0 0 0 0 0 0 0 0 0 0 0 0 0 0 0 0 0 0 0 0 0 0 0 0 0
0 0 0 0 0 0 0 0 0 0 0 0 0 0 0 0 0 0 0 0 0 0 0 0 0 0 0 0 0 0 0 0 0 0 0 0 0 0 0 0 0 0 0 0 0 0 0 0 0 0 0 0 0 0 0 0 0 0 0 0 0 0 0 0 0 0 0 0 0 0 0 0 0 0 0 0 0 0 0 0 0 9.24148e-05 0.000194728 0.000349637 0.000534962 0.000697497 0.000774945 0.000733696 0.000591931 0.000406949 0.000238409 0.00011902 5.06326e-05 0 0 0 0 0 0 0 0 0 0 0 0 0 0 0 0 0 0 0 0 0 0 0 0 0 0 0 0 0 0 0 0 0 0 0 0 0 0 0 0 0 0 0 0 0 0 0 0 0 0 0 0 0 0 0 0 0
0 0 0 0 0 0 0 0 0 0 0 0 0 0 0 0 0 0 0 0 0 0 0 0 0 0 0 0 0 0 0 0 0 0 0 0 0 0 0 0 0 0 0 0 0 0 0 0 0 0 0 0 0 0 0 0 0 0 0 0 0 0 0 0 0 0 0 0 0 0 0 0 0 0 0 0 0 0 0 0 0 0 0 0 0.000114748 0.000149612 0.000166224 0.000157376 0.000126968 8.72896e-05 0 0 0 0 0 0 0 0 0 0 0 0 0 0 0 0 0 0 0 0 0 0 0 0 0 0 0 0 0 0 0 0 0 0 0 0 0 0 0 0 0 0 0 0 0 0 0 0 0 0 0 0 0 0 0 0 0 0 0 0
0 0 0 0 0 0 0 0 0 0 0 0 0 0 0 0 0 0 0 0 0 0 0 0 0 0 0 0 0 0 0 0 0 0 0 0 0 0 0 0 0 0 0 0 0 0 0 0 0 0 0 0 0 0 0 0 0 0 0 0 0 0 0 0 0 0 0 0 0 0 0 0 0 0 0 0 0 0 0 0 0 0 0 0 0 0 0 0 0 0 0 0 0 0 0 0 0 0 0 0 0 0 0 0 0 0 0 0 0 0 0 0 0 0 0 0 0 0 0 0 0 0 0 0 0 0 0 0 0 0 0 0 0 0 0 0 0 0 0 0 0 0 0 0 0 0 0 0 0 0
0 0 0 0 0 0 0 0 0 0 0 0 0 0 0 0 0 0 0 0 0 0 0 0 0 0 0 0 0 0 0 0 0 0 0 0 0 0 0 0 0 0 0 0 0 0 0 0 0 0 0 0 0 0 0 0 0 0 0 0 0 0 0 0 0 0 0 0 0 0 0 0 0 0 0 0 0 0 0 0 0 0 0 0 0 0 0 0 0 0 0 0 0 0 0 0 0 0 0 0 0 0 0 0 0 0 0 0 0 0 0 0 0 0 0 0 0 0 0 0 0 0 0 0 0 0 0 0 0 0 0 0 0 0 0 0 0 0 0 0 0 0 0 0 0 0 0 0 0 0
0 0 0 0 0 0 0 0 0 0 0 0 0 0 0 0 0 0 0 0 0 0 0 0 0 0 0 0 0 0 0 0 0 0 0 0 0 0 0 0 0 0 0 0 0 0 0 0 0 0 0 0 0 0 0 0 0 0 0 0 0 0 0 0 0 0 0 0 0 0 0 0 0 0 0 0 0 0 0 0 0 0 0 0 0 0 0 0 0 0 0 0 0 0 0 0 0 0 0 0 0 0 0 0 0 0 0 0 0 0 0 0 0 0 0 0 0 0 0 0 0 0 0 0 0 0 0 0 0 0 0 0 0 0 0 0 0 0 0 0 0 0 0 0 0 0 0 0 0 0
0 0 0 0 0 0 0 0 0 0 0 0 0 0 0 0 0 0 0 0 0 0 0 0 0 0 0 0 0 0 0 0 0 0 0 0 0 0 0 0 0 0 0 0 0 0 0 0 0 0 0 0 0 0 0 0 0 0 0 0 0 0 0 0 0 0 0 0 0 0 0 0 0 0 0 0 0 0 0 0 0 0 0 0 0 0 0 0 0 0 0 0 0 0 0 0 0 0 0 0 0 0 0 0 0 0 0 0 0 0 0 0 0 0 0 0 0 0 0 0 0 0 0 0 0 0 0 0 0 0 0 0 0 0 0 0 0 0 0 0 0 0 0 0 0 0 0 0 0 0
0 0 0 0 0 0 0 0 0 0 0 0 0 0 0 0 0 0 0 0 0 0 0 0 0 0 0 0 0 0 0 0 0 0 0 0 0 0 0 0 0 0 0 0 0 0 0 0 0 0 0 0 0 0 0 0 0 0 0 0 0 0 0 0 0 0 0 0 0 0 0 0 0 0 0 0 0 0 0 0 0 0 0 0 0 0 0 0 0 0 0 0 0 0 0 0 0 0 0 0 0 0 0 0 0 0 0 0 0 0 0 0 0 0 0 0 0 0 0 0 0 0 0 0 0 0 0 0 0 0 0 0 0 0 0 0 0 0 0 0 0 0 0 0 0 0 0 0 0 0
0 0 0 0 0 0 0 0 0 0 0 0 0 0 0 0 0 0 0 0 0 0 0 0 0 0 0 0 0 0 0 0 0 0 0 0 0 0 0 0 0 0 0 0 0 0 0 0 0 0 0 0 0 0 0 0 0 0 0 0 0 0 0 0 0 0 0 0 0 0 0 0 0 0 0 0 0 0 0 0 0 0 0 0 0 0 0 0 0 0 0 0 0 0 0 0 0 0 0 0 0 0 0 0 0 0 0 0 0 0 0 0 0 0 0 0 0 0 0 0 0 0 0 0 0 0 0 0 0 0 0 0 0 0 0 0 0 0 0 0 0 0 0 0 0 0 0 0 0 0
0 0 0 0 0 0 0 0 0 0 0 0 0 0 0 0 0 0 0 0 0 0 0 0 0 0 0 0 0 0 0 0 0 0 0 0 0 0 0 0 0 0 0 0 0 0 0 0 0 0 0 0 0 0 0 0 0 0 0 0 0 0 0 0 0 0 0 0 0 0 0 0 0 0 0 0 0 0 0 0 0 0 0 0 0 0 0 0 0 0 0 0 0 0 0 0 0 0 0 0 0 0 0 0 0 0 0 0 0 0 0 0 0 0 0 0 0 0 0 0 0 0 0 0 0 0 0 0 0 0 0 0 0 0 0 0 0 0 0 0 0 0 0 0 0 0 0 0 0 0
0 0 0 0 0 0 0 0 0 0 0 0 0 0 0 0 0 0 0 0 0 0 0 0 0 0 0 0 0 0 0 0 0 0 0 0 0 0 0 0 0 0 0 0 0 0 0 0 0 0 0 0 0 0 0 0 0 0 0 0 0 0 0 0 0 0 0 0 0 0 0 0 0 0 0 0 0 0 0 0 0 0 0 0 0 0 0 0 0 0 0 0 0 0 0 0 0 0 0 0 0 0 0 0 0 0 0 0 0 0 0 0 0 0 0 0 0 0 0 0 0 0 0 0 0 0 0 0 0 0 0 0 0 0 0 0 0 0 0 0 0 0 0 0 0 0 0 0 0 0
0 0 0 0 0 0 0 0 0 0 0 0 0 0 0 0 0 0 0 0 0 0 0 0 0 0 0 0 0 0 0 0 0 0 0 0 0 0 0 0 0 0 0 0 0 0 0 0 0 0 0 0 0 0 0 0 0 0 0 0 0 0 0 0 0 0 0 0 0 0 0 0 0 0 0 0 0 0 0 0 0 0 0 0 0 0 0 0 0 0 0 0 0 0 0 0 0 0 0 0 0 0 0 0 0 0 0 0 0 0 0 0 0 0 0 0 0 0 0 0 0 0 0 0 0 0 0 0 0 0 0 0 0 0 0 0 0 0 0 0 0 0 0 0 0 0 0 0 0 0
0 0 0 0 0 0 0 0 0 0 0 0 0 0 0 0 0 0 0 0 0 0 0 0 0 0 0 0 0 0 0 0 0 0 0 0 0 0 0 0 0 0 0 0 0 0 0 0 0 0 0 0 0 0 0 0 0 0 0 0 0 0 0 0 0 0 0 0 0 0 0 0 0 0 0 0 0 0 0 0 0 0 0 0 0 0 0 0 0 0 0 0 0 0 0 0 0 0 0 0 0 0 0 0 0 0 0 0 0 0 0 0 0 0 0 0 0 0 0 0 0 0 0 0 0 0 0 0 0 0 0 0 0 0 0 0 0 0 0 0 0 0 0 0 0 0 0 0 0 0
0 0 0 0 0 0 0 0 0 0 0 0 0 0 0 0 0 0 0 0 0 0 0 0 0 0 0 0 0 0 0 0 0 0 0 0 0 0 0 0 0 0 0 0 0 0 0 0 0 0 0 0 0 0 0 0 0 0 0 0 0 0 0 0 0 0 0 0 0 0 0 0 0 0 0 0 0 0 0 0 0 0 0 0 0 0 0 0 0 0 0 0 0 0 0 0 0 0 0 0 0 0 0 0 0 0 0 0 0 0 0 0 0 0 0 0 0 0 0 0 0 0 0 0 0 0 0 0 0 0 0 0 0 0 0 0 0 0 0 0 0 0 0 0 0 0 0 0 0 0
0 0 0 0 0 0 0 0 0 0 0 0 0 0 0 0 0 0 0 0 0 0 0 0 0 0 0 0 0 0 0 0 0 0 0 0 0 0 0 0 0 0 0 0 0 0 0 0 0 0 0 0 0 0 0 0 0 0 0 0 0 0 0 0 0 0 0 0 0 0 0 0 0 0 0 0 0 0 0 0 0 0 0 0 0 0 0 0 0 0 0 0 0 0 0 0 0 0 0 0 0 0 0 0 0 0 0 0 0 0 0 0 0 0 0 0 0 0 0 0 0 0 0 0 0 0 0 0 0 0 0 0 0 0 0 0 0 0 0 0 0 0 0 0 0 0 0 0 0 0
0 0 0 0 0 0 0 0 0 0 0 0 0 0 0 0 0 0 0 0 0 0 0 0 0 0 0 0 0 0 0 0 0 0 0 0 0 0 0 0 0 0 0 0 0 0 0 0 0 0 0 0 0 0 0 0 0 0 0 0 0 0 0 0 0 0 0 0 0 0 0 0 0 0 0 0 0 0 0 0 0 0 0 0 0 0 0 0 0 0 0 0 0 0 0 0 0 0 0 0 0 0 0 0 0 0 0 0 0 0 0 0 0 0 0 0 0 0 0 0 0 0 0 0 0 0 0 0 0 0 0 0 0 0 0 0 0 0 0 0 0 0 0 0 0 0 0 0 0 0
0 0 0 0 0 0 0 0 0 0 0 0 0 0 0 0 0 0 0 0 0 0 0 0 0 0 0 0 0 0 0 0 0 0 0 0 0 0 0 0 0 0 0 0 0 0 0 0 0 0 0 0 0 0 0 0 0 0 0 0 0 0 0 0 0 0 0 0 0 0 0 0 0 0 0 0 0 0 0 0 0 0 0 0 0 0 0 0 0 0 0 0 0 0 0 0 0 0 0 0 0 0 0 0 0 0 0 0 0 0 0 0 0 0 0 0 0 0 0 0 0 0 0 0 0 0 0 0 0 0 0 0 0 0 0 0 0 0 0 0 0 0 0 0 0 0 0 0 0 0
0 0 0 0 0 0 0 0 0 0 0 0 0 0 0 0 0 0 0 0 0 0 0 0 0 0 0 0 0 0 0 0 0 0 0 0 0 0 0 0 0 0 0 0 0 0 0 0 0 0 0 0 0 0 0 0 0 0 0 0 0 0 0 0 0 0 0 0 0 0 0 0 0 0 0 0 0 0 0 0 0 0 0 0 0 0 0 0 0 0 0 0 0 0 0 0 0 0 0 0 0 0 0 0 0 0 0 0 0 0 0 0 0 0 0 0 0 0 0 0 0 0 0 0 0 0 0 0 0 0 0 0 0 0 0 0 0 0 0 0 0 0 0 0 0 0 0 0 0 0
0 0 0 0 0 0 0 0 0 0 0 0 0 0 0 0 0 0 0 0 0 0 0 0 0 0 0 0 0 0 0 0 0 0 0 0 0 0 0 0 0 0 0 0 0 0 0 0 0 0 0 0 0 0 0 0 0 0 0 0 0 0 0 0 0 0 0 0 0 0 0 0 0 0 0 0 0 0 0 0 0 0 0 0 0 0 0 0 0 0 0 0 0 0 0 0 0 0 0 0 0 0 0 0 0 0 0 0 0 0 0 0 0 0 0 0 0 0 0 0 0 0 0 0 0 0 0 0 0 0 0 0 0 0 0 0 0 0 0 0 0 0 0 0 0 0 0 0 0 0
0 0 0 0 0 0 0 0 0 0 0 0 0 0 0 0 0 0 0 0 0 0 0 0 0 0 0 0 0 0 0 0 0 0 0 0 0 0 0 0 0 0 0 0 0 0 0 0 0 0 0 0 0 0 0 0 0 0 0 0 0 0 0 0 0 0 0 0 0 0 0 0 0 0 0 0 0 0 0 0 0 0 0 0 0 0 0 0 0 0 0 0 0 0 0 0 0 0 0 0 0 0 0 0 0 0 0 0 0 0 0 0 0 0 0 0 0 0 0 0 0 0 0 0 0 0 0 0 0 0 0 0 0 0 0 0 0 0 0 0 0 0 0 0 0 0 0 0 0 0
0 0 0 0 0 0 0 0 0 0 0 0 0 0 0 0 0 0 0 0 0 0 0 0 0 0 0 0 0 0 0 0 0 0 0 0 0 0 0 0 0 0 0 0 0 0 0 0 0 0 0 0 0 0 0 0 0 0 0 0 0 0 0 0 0 0 0 0 0 0 0 0 0 0 0 0 0 0 0 0 0 0 0 0 0 0 0 0 0 0 0 0 0 0 0 0 0 0 0 0 0 0 0 0 0 0 0 0 0 0 0 0 0 0 0 0 0 0 0 0 0 0 0 0 0 0 0 0 0 0 0 0 0 0 0 0 0 0 0 0 0 0 0 0 0 0 0 0 0 0
0 0 0 0 0 0 0 0 0 0 0 0 0 0 0 0 0 0 0 0 0 0 0 0 0 0 0 0 0 0 0 0 0 0 0 0 0 0 0 0 0 0 0 0 0 0 0 0 0 0 0 0 0 0 0 0 0 0 0 0 0 0 0 0 0 0 0 0 0 0 0 0 0 0 0 0 0 0 0 0 0 0 0 0 0 0 0 0 0 0 0 0 0 0 0 0 0 0 0 0 0 0 0 0 0 0 0 0 0 0 0 0 0 0 0 0 0 0 0 0 0 0 0 0 0 0 0 0 0 0 0 0 0 0 0 0 0 0 0 0 0 0 0 0 0 0 0 0 0 0
0 0 0 0 0 0 0 0 0 0 0 0 0 0 0 0 0 0 0 0 0 0 0 0 0 0 0 0 0 0 0 0 0 0 0 0 0 0 0 0 0 0 0 0 0 0 0 0 0 0 0 0 0 0 0 0 0 0 0 0 0 0 0 0 0 0 0 0 0 0 0 0 0 0 0 0 0 0 0 0 0 0 0 0 0 0 0 0 0 0 0 0 0 0 0 0 0 0 0 0 0 0 0 0 0 0 0 0 0 0 0 0 0 0 0 0 0 0 0 0 0 0 0 0 0 0 0 0 0 0 0 0 0 0 0 0 0 0 0 0 0 0 0 0 0 0 0 0 0 0
0 0 0 0 0 0 0 0 0 0 0 0 0 0 0 0 0 0 0 0 0 0 0 0 0 0 0 0 0 0 0 0 0 0 0 0 0 0 0 0 0 0 0 0 0 0 0 0 0 0 0 0 0 0 0 0 0 0 0 0 0 0 0 0 0 0 0 0 0 0 0 0 0 0 0 0 0 0 0 0 0 0 0 0 0 0 0 0 0 0 0 0 0 0 0 0 0 0 0 0 0 0 0 0 0 0 0 0 0 0 0 0 0 0 0 0 0 0 0 0 0 0 0 0 0 0 0 0 0 0 0 0 0 0 0 0 0 0 0 0 0 0 0 0 0 0 0 0 0 0
0 0 0 0 0 0 0 0 0 0 0 0 0 0 0 0 0 0 0 0 0 0 0 0 0 0 0 0 0 0 0 0 0 0 0 0 0 0 0 0 0 0 0 0 0 0 0 0 0 0 0 0 0 0 0 0 0 0 0 0 0 0 0 0 0 0 0 0 0 0 0 0 0 0 0 0 0 0 0 0 0 0 0 0 0 0 0 0 0 0 0 0 0 0 0 0 0 0 0 0 0 0 0 0 0 0 0 0 0 0 0 0 0 0 0 0 0 0 0 0 0 0 0 0 0 0 0 0 0 0 0 0 0 0 0 0 0 0 0 0 0 0 0 0 0 0 0 0 0 0
0 0 0 0 0 0 0 0 0 0 0 0 0 0 0 0 0 0 0 0 0 0 0 0 0 0 0 0 0 0 0 0 0 0 0 0 0 0 0 0 0 0 0 0 0 0 0 0 0 0 0 0 0 0 0 0 0 0 0 0 0 0 0 0 0 0 0 0 0 0 0 0 0 0 0 0 0 0 0 0 0 0 0 0 0 0 0 0 0 0 0 0 0 0 0 0 0 0 0 0 0 0 0 0 0 0 0 0 0 0 0 0 0 0 0 0 0 0 0 0 0 0 0 0 0 0 0 0 0 0 0 0 0 0 0 0 0 0 0 0 0 0 0 0 0 0 0 0 0 0
0 0 0 0 0 0 0 0 0 0 0 0 0 0 0 0 0 0 0 0 0 0 0 0 0 0 0 0 0 0 0 0 0 0 0 0 0 0 0 0 0 0 0 0 0 0 0 0 0 0 0 0 0 0 0 0 0 0 0 0 0 0 0 0 0 0 0 0 0 0 0 0 0 0 0 0 0 0 0 0 0 0 0 0 0 0 0 0 0 0 0 0 0 0 0 0 0 0 0 0 0 0 0 0 0 0 0 0 0 0 0 0 0 0 0 0 0 0 0 0 0 0 0 0 0 0 0 0 0 0 0 0 0 0 0 0 0 0 0 0 0 0 0 0 0 0 0 0 0 0
0 0 0 0 0 0 0 0 0 0 0 0 0 0 0 0 0 0 0 0 0 0 0 0 0 0 0 0 0 0 0 0 0 0 0 0 0 0 0 0 0 0 0 0 0 0 0 0 0 0 0 0 0 0 0 0 0 0 0 0 0 0 0 0 0 0 0 0 0 0 0 0 0 0 0 0 0 0 0 0 0 0 0 0 0 0 0 0 0 0 0 0 0 0 0 0 0 0 0 0 0 0 0 0 0 0 0 0 0 0 0 0 0 0 0 0 0 0 0 0 0 0 0 0 0 0 0 0 0 0 0 0 0 0 0 0 0 0 0 0 0 0 0 0 0 0 0 0 0 0
0 0 0 0 0 0 0 0 0 0 0 0 0 0 0 0 0 0 0 0 0 0 0 0 0 0 0 0 0 0 0 0 0 0 0 0 0 0 0 0 0 0 0 0 0 0 0 0 0 0 0 0 0 0 0 0 0 0 0 0 0 0 0 0 0 0 0 0 0 0 0 0 0 0 0 0 0 0 0 0 0 0 0 0 0 0 0 0 0 0 0 0 0 0 0 0 0 0 0 0 0 0 0 0 0 0 0 0 0 0 0 0 0 0 0 0 0 0 0 0 0 0 0 0 0 0 0 0 0 0 0 0 0 0 0 0 0 0 0 0 0 0 0 0 0 0 0 0 0 0
0 0 0 0 0 0 0 0 0 0 0 0 0 0 0 0 0 0 0 0 0 0 0 0 0 0 0 0 0 0 0 0 0 0 0 0 0 0 0 0 0 0 0 0 0 0 0 0 0 0 0 0 0 0 0 0 0 0 0 0 0 0 0 0 0 0 0 0 0 0 0 0 0 0 0 0 0 0 0 0 0 0 0 0 0 0 0 0 0 0 0 0 0 0 0 0 0 0 0 0 0 0 0 0 0 0 0 0 0 0 0 0 0 0 0 0 0 0 0 0 0 0 0 0 0 0 0 0 0 0 0 0 0 0 0 0 0 0 0 0 0 0 0 0 0 0 0 0 0 0
0 0 0 0 0 0 0 0 0 0 0 0 0 0 0 0 0 0 0 0 0 0 0 0 0 0 0 0 0 0 0 0 0 0 0 0 0 0 0 0 0 0 0 0 0 0 0 0 0 0 0 0 0 0 0 0 0 0 0 0 0 0 0 0 0 0 0 0 0 0 0 0 0 0 0 0 0 0 0 0 0 0 0 0 0 0 0 0 0 0 0 0 0 0 0 0 0 0 0 0 0 0 0 0 0 0 0 0 0 0 0 0 0 0 0 0 0 0 0 0 0 0 0 0 0 0 0 0 0 0 0 0 0 0 0 0 0 0 0 0 0 0 0 0 0 0 0 0 0 0
0 0 0 0 0 0 0 0 0 0 0 0 0 0 0 0 0 0 0 0 0 0 0 0 0 0 0 0 0 0 0 0 0 0 0 0 0 0 0 0 0 0 0 0 0 0 0 0 0 0 0 0 0 0 0 0 0 0 0 0 0 0 0 0 0 0 0 0 0 0 0 0 0 0 0 0 0 0 0 0 0 0 0 0 0 0 0 0 0 0 0 0 0 0 0 0 0 0 0 0 0 0 0 0 0 0 0 0 0 0 0 0 0 0 0 0 0 0 0 0 0 0 0 0 0 0 0 0 0 0 0 0 0 0 0 0 0 0 0 0 0 0 0 0 0 0 0 0 0 0
0 0 0 0 0 0 0 0 0 0 0 0 0 0 0 0 0 0 0 0 0 0 0 0 0 0 0 0 0 0 0 0 0 0 0 0 0 0 0 0 0 0 0 0 0 0 0 0 0 0 0 0 0 0 0 0 0 0 0 0 0 0 0 0 0 0 0 0 0 0 0 0 0 0 0 0 0 0 0 0 0 0 0 0 0 0 0 0 0 0 0 0 0 0 0 0 0 0 0 0 0 0 0 0 0 0 0 0 0 0 0 0 0 0 0 0 0 0 0 0 0 0 0 0 0 0 0 0 0 0 0 0 0 0 0 0 0 0 0 0 0 0 0 0 0 0 0 0 0 0
0 0 0 0 0 0 0 0 0 0 0 0 0 0 0 0 0 0 0 0 0 0 0 0 0 0 0 0 0 0 0 0 0 0 0 0 0 0 0 0 0 0 0 0 0 0 0 0 0 0 0 0 0 0 0 0 0 0 0 0 0 0 0 0 0 0 0 0 0 0 0 0 0 0 0 0 0 0 0 0 0 0 0 0 0 0 0 0 0 0 0 0 0 0 0 0 0 0 0 0 0 0 0 0 0 0 0 0 0 0 0 0 0 0 0 0 0 0 0 0 0 0 0 0 0 0 0 0 0 0 0 0 0 0 0 0 0 0 0 0 0 0 0 0 0 0 0 0 0 0
0 0 0 0 0 0 0 0 0 0 0 0 0 0 0 0 0 0 0 0 0 0 0 0 0 0 0 0 0 0 0 0 0 0 0 0 0 0 0 0 0 0 0 0 0 0 0 0 0 0 0 0 0 0 0 0 0 0 0 0 0 0 0 0 0 0 0 0 0 0 0 0 0 0 0 0 0 0 0 0 0 0 0 0 0 0 0 0 0 0 0 0 0 0 0 0 0 0 0 0 0 0 0 0 0 0 0 0 0 0 0 0 0 0 0 0 0 0 0 0 0 0 0 0 0 0 0 0 0 0 0 0 0 0 0 0 0 0 0 0 0 0 0 0 0 0 0 0 0 0
