0 0 0 0 0 0 0 0 0 0 0 0 0 0 0 0 0 0 0 0 0 0 0 0 0 0 0 0 0 0 0 0 0 0 0 0 0 0 0 0 0 0 0 0 0 0 0 0 0 0 0 0 0 0 0 0 0 0 0 0 0 0 0 0 0 0 0 0 0 0 0 0 0 0 0 0 0 0 0 0 0 0 0 0 0 0 0 0 0 0 0 0 0 0 0 0 0 0 0 0 0 0 0 0 0 0 0 0 0 0 0 0 0 0 0 0 0 0 0 0 0 0 0 0 0 0 0 0 0 0 0 0 0 0 0 0 0 0 0 0 0 0 0 0 0 0 0 0 0 0
0 0 0 0 0 0 0 0 0 0 0 0 0 0 0 0 0 0 0 0 0 0 0 0 0 0 0 0 0 0 0 0 0 0 0 0 0 0 0 0 0 0 0 0 0 0 0 0 0 0 0 0 0 0 0 0 0 0 0 0 0 0 0 0 0 0 0 0 0 0 0 0 0 0 0 0 0 0 0 0 0 0 0 0 0 0 0 0 0 0 0 0 0 0 0 0 0 0 0 0 0 0 0 0 0 0 0 0 0 0 0 0 0 0 0 0 0 0 0 0 0 0 0 0 0 0 0 0 0 0 0 0 0 0 0 0 0 0 0 0 0 0 0 0 0 0 0 0 0 0
0 0 0 0 0 0 0 0 0 0 0 0 0 0 0 0 0 0 0 0 0 0 0 0 0 0 0 0 0 0 0 0 0 0 0 0 0 0 0 0 0 0 0 0 0 0 0 0 0 0 0 0 0 0 0 0 0 0 0 0 0 0 0 0 0 0 0 0 0 0 0 0 0 0 0 0 0 0 0 0 0 0 0 0 0 0 0 0 0 0 0 0 0 0 0 0 0 0 0 0 0 0 0 0 0 0 0 0 0 0 0 0 0 0 0 0 0 0 0 0 0 0 0 0 0 0 0 0 0 0 0 0 0 0 0 0 0 0 0 0 0 0 0 0 0 0 0 0 0 0
0 0 0 0 0 0 0 0 0 0 0 0 0 0 0 0 0 0 0 0 0 0 0 0 0 0 0 0 0 0 0 0 0 0 0 0 0 0 0 0 0 0 0 0 0 0 0 0 0 0 0 0 0 0 0 0 0 0 0 0 0 0 0 0 0 0 0 0 0 0 0 0 0 0 0 0 0 0 0 0 0 0 0 0 0 0 0 0 0 0 0 0 0 0 0 0 0 0 0 0 0 0 0 0 0 0 0 0 0 0 0 0 0 0 0 0 0 0 0 0 0 0 0 0 0 0 0 0 0 0 0 0 0 0 0 0 0 0 0 0 0 0 0 0 0 0 0 0 0 0
0 0 0 0 0 0 0 0 0 0 0 0 0 0 0 0 0 0 0 0 0 0 0 0 0 0 0 0 0 0 0 0 0 0 0 0 0 0 0 0 0 0 0 0 0 0 0 0 0 0 0 0 0 0 0 0 0 0 0 0 0 0 0 0 0 0 0 0 0 0 0 0 0 0 0 0 0 0 0 0 0 0 0 0 0 0 0 0 0 0 0 0 0 0 0 0 0 0 0 0 0 0 0 0 0 0 0 0 0 0 0 0 0 0 0 0 0 0 0 0 0 0 0 0 0 0 0 0 0 0 0 0 0 0 0 0 0 0 0 0 0 0 0 0 0 0 0 0 0 0
0 0 0 0 0 0 0 0 0 0 0 0 0 0 0 0 0 0 0 0 0 0 0 0 0 0 0 0 0 0 0 0 0 0 0 0 0 0 0 0 0 0 0 0 0 0 0 0 0 0 0 0 0 0 0 0 0 0 0 0 0 0 0 0 0 0 0 0 0 0 0 0 0 0 0 0 0 0 0 0 0 0 0 0 0 0 0 0 0 0 0 0 0 0 0 0 0 0 0 0 0 0 0 0 0 0 0 0 0 0 0 0 0 0 0 0 0 0 0 0 0 0 0 0 0 0 0 0 0 0 0 0 0 0 0 0 0 0 0 0 0 0 0 0 0 0 0 0 0 0
0 0 0 0 0 0 0 0 0 0 0 0 0 0 0 0 0 0 0 0 0 0 0 0 0 0 0 0 0 0 0 0 0 0 0 0 0 0 0 0 0 0 0 0 0 0 0 0 0 0 0 0 0 0 0 0 0 0 0 0 0 0 0 0 0 0 0 0 0 0 0 0 0 0 0 0 0 0 0 0 0 0 0 0 0 0 0 0 0 0 0 0 0 0 0 0 0 0 0 0 0 0 0 0 0 0 0 0 0 0 0 0 0 0 0 0 0 0 0 0 0 0 0 0 0 0 0 0 0 0 0 0 0 0 0 0 0 0 0 0 0 0 0 0 0 0 0 0 0 0
0 0 0 0 0 0 0 0 0 0 0 0 0 0 0 0 0 0 0 0 0 0 0 0 0 0 0 0 0 0 0 0 0 0 0 0 0 0 0 0 0 0 0 0 0 0 0 0 0 0 0 0 0 0 0 0 0 0 0 0 0 0 0 0 0 0 0 0 0 0 0 0 0 0 0 0 0 0 0 0 0 0 0 0 0 0 0 0 0 0 0 0 0 0 0 0 0 0 0 0 0 0 0 0 0 0 0 0 0 0 0 0 0 0 0 0 0 0 0 0 0 0 0 0 0 0 0 0 0 0 0 0 0 0 0 0 0 0 0 0 0 0 0 0 0 0 0 0 0 0
0 0 0 0 0 0 0 0 0 0 0 0 0 0 0 0 0 0 0 0 0 0 0 0 0 0 0 0 0 0 0 0 0 0 0 0 0 0 0 0 0 0 0 0 0 0 0 0 0 0 0 0 0 0 0 0 0 0 0 0 0 0 0 0 0 0 0 0 0 0 0 0 0 0 0 0 0 0 0 0 0 0 0 0 0 0 0 0 0 0 0 0 0 0 0 0 0 0 0 0 0 0 0 0 0 0 0 0 0 0 0 0 0 0 0 0 0 0 0 0 0 0 0 0 0 0 0 0 0 0 0 0 0 0 0 0 0 0 0 0 0 0 0 0 0 0 0 0 0 0
0 0 0 0 0 0 0 0 0 0 0 0 0 0 0 0 0 0 0 0 0 0 0 0 0 0 0 0 0 0 0 0 0 0 0 0 0 0 0 0 0 0 0 0 0 0 0 0 0 0 0 0 0 0 0 0 0 0 0 0 0 0 0 0 0 0 0 0 0 0 0 0 0 0 0 0 0 0 0 0 0 0 0 0 0 0 0 0 0 0 0 0 0 0 0 0 0 0 0 0 0 0 0 0 0 0 0 0 0 0 0 0 0 0 0 0 0 0 0 0 0 0 0 0 0 0 0 0 0 0 0 0 0 0 0 0 0 0 0 0 0 0 0 0 0 0 0 0 0 0
0 0 0 0 0 0 0 0 0 0 0 0 0 0 0 0 0 0 0 0 0 0 0 0 0 0 0 0 0 0 0 0 0 0 0 0 0 0 0 0 0 0 0 0 0 0 0 0 0 0 0 0 0 0 0 0 0 0 0 0 0 0 0 0 0 0 0 0 0 0 0 0 0 0 0 0 0 0 0 0 0 0 0 0 0 0 0 0 0 0 0 0 0 0 0 0 0 0 0 0 0 0 0 0 0 0 0 0 0 0 0 0 0 0 0 0 0 0 0 0 0 0 0 0 0 0 0 0 0 0 0 0 0 0 0 0 0 0 0 0 0 0 0 0 0 0 0 0 0 0
0 0 0 0 0 0 0 0 0 0 0 0 0 0 0 0 0 0 0 0 0 0 0 0 0 0 0 0 0 0 0 0 0 0 0 0 0 0 0 0 0 0 0 0 0 0 0 0 0 0 0 0 0 0 0 0 0 0 0 0 0 0 0 0 0 0 0 0 0 0 0 0 0 0 0 0 0 0 0 0 0 0 0 0 0 0 0 0 0 0 0 0 0 0 0 0 0 0 0 0 0 0 0 0 0 0 0 0 0 0 0 0 0 0 0 0 0 0 0 0 0 0 0 0 0 0 0 0 0 0 0 0 0 0 0 0 0 0 0 0 0 0 0 0 0 0 0 0 0 0
0 0 0 0 0 0 0 0 0 0 0 0 0 0 0 0 0 0 0 0 0 0 0 0 0 0 0 0 0 0 0 0 0 0 0 0 0 0 0 0 0 0 0 0 0 0 0 0 0 0 0 0 0 0 0 0 0 0 0 0 0 0 0 0 0 0 0 0 0 0 0 0 0 0 0 0 0 0 0 0 0 0 0 0 0 0 0 0 0 0 0 0 0 0 0 0 0 0 0 0 0 0 0 0 0 0 0 0 0 0 0 0 0 0 0 0 0 0 0 0 0 0 0 0 0 0 0 0 0 0 0 0 0 0 0 0 0 0 0 0 0 0 0 0 0 0 0 0 0 0
0 0 0 0 0 0 0 0 0 0 0 0 0 0 0 0 0 0 0 0 0 0 0 0 0 0 0 0 0 0 0 0 0 0 0 0 0 0 0 0 0 0 0 0 0 0 0 0 0 0 0 0 0 0 0 0 0 0 0 0 0 0 0 0 0 0 0 0 0 0 0 0 0 0 0 0 0 0 0 0 0 0 0 0 0 0 0 0 0 0 0 0 0 0 0 0 0 0 0 0 0 0 0 0 0 0 0 0 0 0 0 0 0 0 0 0 0 0 0 0 0 0 0 0 0 0 0 0 0 0 0 0 0 0 0 0 0 0 0 0 0 0 0 0 0 0 0 0 0 0
0 0 0 0 0 0 0 0 0 0 0 0 0 0 0 0 0 0 0 0 0 0 0 0 0 0 0 0 0 0 0 0 0 0 0 0 0 0 0 0 0 0 0 0 0 0 0 0 0 0 0 0 0 0 0 0 0 0 0 0 0 0 0 0 0 0 0 0 0 0 0 0 0 0 0 0 0 0 0 0 0 0 0 0 0 0 0 0 0 0 0 0 0 0 0 0 0 0 0 0 0 0 0 0 0 0 0 0 0 0 0 0 0 0 0 0 0 0 0 0 0 0 0 0 0 0 0 0 0 0 0 0 0 0 0 0 0 0 0 0 0 0 0 0 0 0 0 0 0 0
0 0 0 0 0 0 0 0 0 0 0 0 0 0 0 0 0 0 0 0 0 0 0 0 0 0 0 0 0 0 0 0 0 0 0 0 0 0 0 0 0 0 0 0 0 0 0 0 0 0 0 0 0 0 0 0 0 0 0 0 0 0 0 0 0 0 0 0 0 0 0 0 0 0 0 0 0 0 0 0 0 0 0 0 0 0 0 0 0 0 0 0 0 0 0 0 0 0 0 0 0 0 0 0 0 0 0 0 0 0 0 0 0 0 0 0 0 0 0 0 0 0 0 0 0 0 0 0 0 0 0 0 0 0 0 0 0 0 0 0 0 0 0 0 0 0 0 0 0 0
0 0 0 0 0 0 0 0 0 0 0 0 0 0 0 0 0 0 0 0 0 0 0 0 0 0 0 0 0 0 0 0 0 0 0 0 0 0 0 0 0 0 0 0 0 0 0 0 0 0 0 0 0 0 0 0 0 0 0 0 0 0 0 0 0 0 0 0 0 0 0 0 0 0 0 0 0 0 0 0 0 0 0 0 0 0 0 0 0 0 0 0 0 0 0 0 0 0 0 0 0 0 0 0 0 0 0 0 0 0 0 0 0 0 0 0 0 0 0 0 0 0 0 0 0 0 0 0 0 0 0 0 0 0 0 0 0 0 0 0 0 0 0 0 0 0 0 0 0 0
0 0 0 0 0 0 0 0 0 0 0 0 0 0 0 0 0 0 0 0 0 0 0 0 0 0 0 0 0 0 0 0 0 0 0 0 0 0 0 0 0 0 0 0 0 0 0 0 0 0 0 0 0 0 0 0 0 0 0 0 0 0 0 0 0 0 0 0 0 0 0 0 0 0 0 0 0 0 0 0 0 0 0 0 0 0 0 0 0 0 0 0 0 0 0 0 0 0 0 0 0 0 0 0 0 0 0 0 0 0 0 0 0 0 0 0 0 0 0 0 0 0 0 0 0 0 0 0 0 0 0 0 0 0 0 0 0 0 0 0 0 0 0 0 0 0 0 0 0 0
0 0 0 0 0 0 0 0 0 0 0 0 0 0 0 0 0 0 0 0 0 0 0 0 0 0 0 0 0 0 0 0 0 0 0 0 0 0 0 0 0 0 0 0 0 0 0 0 0 0 0 0 0 0 0 0 0 0 0 0 0 0 0 0 0 0 0 0 0 0 0 0 0 0 0 0 0 0 0 0 0 0 0 0 0 0 0 0 0 0 0 0 0 0 0 0 0 0 0 0 0 0 0 0 0 0 0 0 0 0 0 0 0 0 0 0 0 0 0 0 0 0 0 0 0 0 0 0 0 0 0 0 0 0 0 0 0 0 0 0 0 0 0 0 0 0 0 0 0 0
0 0 0 0 0 0 0 0 0 0 0 0 0 0 0 0 0 0 0 0 0 0 0 0 0 0 0 0 0 0 0 0 0 0 0 0 0 0 0 0 0 0 0 0 0 0 0 0 0 0 0 0 0 0 0 0 0 0 0 0 0 0 0 0 0 0 0 0 0 0 0 0 0 0 0 0 0 0 0 0 0 0 0 0 0 0 0 0 0 0 0 0 0 0 0 0 0 0 0 0 0 0 0 0 0 0 0 0 0 0 0 0 0 0 0 0 0 0 0 0 0 0 0 0 0 0 0 0 0 0 0 0 0 0 0 0 0 0 0 0 0 0 0 0 0 0 0 0 0 0
0 0 0 0 0 0 0 0 0 0 0 0 0 0 0 0 0 0 0 0 0 0 0 0 0 0 0 0 0 0 0 0 0 0 0 0 0 0 0 0 0 0 0 0 0 0 0 0 0 0 0 0 0 0 0 0 0 0 0 0 0 0 0 0 0 0 0 0 0 0 0 0 0 0 0 0 0 0 0 0 0 0 0 0 0 0 0 0 0 0 0 0 0 0 0 0 0 0 0 0 0 0 0 0 0 0 0 0 0 0 0 0 0 0 0 0 0 0 0 0 0 0 0 0 0 0 0 0 0 0 0 0 0 0 0 0 0 0 0 0 0 0 0 0 0 0 0 0 0 0
0 0 0 0 0 0 0 0 0 0 0 0 0 0 0 0 0 0 0 0 0 0 0 0 0 0 0 0 0 0 0 0 0 0 0 0 0 0 0 0 0 0 0 0 0 0 0 0 0 0 0 0 0 0 0 0 0 0 0 0 0 0 0 0 0 0 0 0 0 0 0 0 0 0 0 0 0 0 0 0 0 0 0 0 0 0 0 0 0 0 0 0 0 0 0 0 0 0 0 0 0 0 0 0 0 0 0 0 0 0 0 0 0 0 0 0 0 0 0 0 0 0 0 0 0 0 0 0 0 0 0 0 0 0 0 0 0 0 0 0 0 0 0 0 0 0 0 0 0 0
0 0 0 0 0 0 0 0 0 0 0 0 0 0 0 0 0 0 0 0 0 0 0 0 0 0 0 0 0 0 0 0 0 0 0 0 0 0 0 0 0 0 0 0 0 0 0 0 0 0 0 0 0 0 0 0 0 0 0 0 0 0 0 0 0 0 0 0 0 0 0 0 0 0 0 0 0 0 0 0 0 0 0 0 0 0 0 0 0 0 0 0 0 0 0 0 0 0 0 0 0 0 0 0 0 0 0 0 0 0 0 0 0 0 0 0 0 0 0 0 0 0 0 0 0 0 0 0 0 0 0 0 0 0 0 0 0 0 0 0 0 0 0 0 0 0 0 0 0 0
0 0 0 0 0 0 0 0 0 0 0 0 0 0 0 0 0 0 0 0 0 0 0 0 0 0 0 0 0 0 0 0 0 0 0 0 0 0 0 0 0 0 0 0 0 0 0 0 0 0 0 0 0 0 0 0 0 0 0 0 0 0 0 0 0 0 0 0 0 0 0 0 0 0 0 0 0 0 0 0 0 0 0 0 0 0 0 0 0 0 0 0 0 0 0 0 0 0 0 0 0 0 0 0 0 0 0 0 0 0 0 0 0 0 0 0 0 0 0 0 0 0 0 0 0 0 0 0 0 0 0 0 0 0 0 0 0 0 0 0 0 0 0 0 0 0 0 0 0 0
0 0 0 0 0 0 0 0 0 0 0 0 0 0 0 0 0 0 0 0 0 0 0 0 0 0 0 0 0 0 0 0 0 0 0 0 0 0 0 0 0 0 0 0 0 0 0 0 0 0 0 0 0 0 0 0 0 0 0 0 0 0 0 0 0 0 0 0 0 0 0 0 0 0 0 0 0 0 0 0 0 0 0 0 0 0 0 0 0 0 0 0 0 0 0 0 0 0 0 0 0 0 0 0 0 0 0 0 0 0 0 0 0 0 0 0 0 0 0 0 0 0 0 0 0 0 0 0 0 0 0 0 0 0 0 0 0 0 0 0 0 0 0 0 0 0 0 0 0 0
0 0 0 0 0 0 0 0 0 0 0 0 0 0 0 0 0 0 0 0 0 0 0 0 0 0 0 0 0 0 0 0 0 0 0 0 0 0 0 0 0 0 0 0 0 0 0 0 0 0 0 0 0 0 0 0 0 0 0 0 0 0 0 0 0 0 0 0 0 0 0 0 0 0 0 0 0 0 0 0 0 0 0 0 0 0 0 0 0 0 0 0 0 0 0 0 0 0 0 0 0 0 0 0 0 0 0 0 0 0 0 0 0 0 0 0 0 0 0 0 0 0 0 0 0 0 0 0 0 0 0 0 0 0 0 0 0 0 0 0 0 0 0 0 0 0 0 0 0 0
0 0 0 0 0 0 0 0 0 0 0 0 0 0 0 0 0 0 0 0 0 0 0 0 0 0 0 0 0 0 0 0 0 0 0 0 0 0 0 0 0 0 0 0 0 0 0 0 0 0 0 0 0 0 0 0 0 0 0 0 0 0 0 0 0 0 0 0 0 0 0 0 0 0 0 0 0 0 0 0 0 0 0 0 0 0 0 0 0 0 0 0 0 0 0 0 0 0 0 0 0 0 0 0 0 0 0 0 0 0 0 0 0 0 0 0 0 0 0 0 0 0 0 0 0 0 0 0 0 0 0 0 0 0 0 0 0 0 0 0 0 0 0 0 0 0 0 0 0 0
0 0 0 0 0 0 0 0 0 0 0 0 0 0 0 0 0 0 0 0 0 0 0 0 0 0 0 0 0 0 0 0 0 0 0 0 0 0 0 0 0 0 0 0 0 0 0 0 0 0 0 0 0 0 0 0 0 0 0 0 0 0 0 0 0 0 0 0 0 0 0 0 0 0 0 0 0 0 0 0 0 0 0 0 0 0 0 0 0 0 0 0 0 0 0 0 0 0 0 0 0 0 0 0 0 0 0 0 0 0 0 0 0 0 0 0 0 0 0 0 0 0 0 0 0 0 0 0 0 0 0 0 0 0 0 0 0 0 0 0 0 0 0 0 0 0 0 0 0 0
0 0 0 0 0 0 0 0 0 0 0 0 0 0 0 0 0 0 0 0 0 0 0 0 0 0 0 0 0 0 0 0 0 0 0 0 0 0 0 0 0 0 0 0 0 0 0 0 0 0 0 0 0 0 0 0 0 0 0 0 0 0 0 0 0 0 0 0 0 0 0 0 0 0 0 0 0 0 0 0 0 0 0 0 0 0 0 0 0 0 0 0 0 0 0 0 0 0 0 0 0 0 0 0 0 0 0 0 0 0 0 0 0 0 0 0 0 0 0 0 0 0 0 0 0 0 0 0 0 0 0 0 0 0 0 0 0 0 0 0 0 0 0 0 0 0 0 0 0 0
0 0 0 0 0 0 0 0 0 0 0 0 0 0 0 0 0 0 0 0 0 0 0 0 0 0 0 0 0 0 0 0 0 0 0 0 0 0 0 0 0 0 0 0 0 0 0 0 0 0 0 0 0 0 0 0 0 0 0 0 0 0 0 0 0 0 0 0 0 0 0 0 0 0 0 0 0 0 2.59031e-06 3.14701e-06 3.5422e-06 3.69062e-06 0 0 0 0 0 0 0 0 0 0 0 0 0 0 0 0 0 0 0 0 0 0 0 0 0 0 0 0 0 0 0 0 0 0 0 0 0 0 0 0 0 0 0 0 0 0 0 0 0 0 0 0 0 0 0 0 0 0 0 0 0 0 0 0 0 0 0 0
0 0 0 0 0 0 0 0 0 0 0 0 0 0 0 0 0 0 0 0 0 0 0 0 0 0 0 0 0 0 0 0 0 0 0 0 0 0 0 0 0 0 0 0 0 0 0 0 0 0 0 0 0 0 0 0 0 0 0 0 0 0 0 0 0 0 0 0 0 0 0 0 3.34151e-06 3.97123e-06 4.34968e-06 4.39071e-06 4.08471e-06 7.2187e-06 8.67488e-06 1.01399e-05 1.12187e-05 1.23126e-05 1.20221e-05 0 0 0 0 0 0 0 0 0 0 0 0 0 0 0 0 0 0 0 0 0 0 0 0 0 0 0 0 0 0 0 0 0 0 0 0 0 0 0 0 0 0 0 0 0 0 0 0 0 0 0 0 0 0 0 0 0 0 0 0 0 0 0 0 0 0 0
0 0 0 0 0 0 0 0 0 0 0 0 0 0 0 0 0 0 0 0 0 0 0 0 0 0 0 0 0 0 0 0 0 0 0 0 0 0 0 0 0 0 0 0 0 0 0 0 0 0 0 0 0 0 0 0 0 0 0 0 0 0 0 0 0 0 0 0 0 4.24227e-06 6.44076e-06 9.01212e-06 1.16215e-05 1.38116e-05 1.51279e-05 1.65299e-05 1.95358e-05 2.96415e-05 3.16285e-05 3.35547e-05 3.65336e-05 3.70308e-05 3.55061e-05 3.17056e-05 2.66401e-05 0 0 0 0 0 0 0 0 0 0 0 0 0 0 0 0 0 0 0 0 0 0 0 0 0 0 0 0 0 0 0 0 0 0 0 0 0 0 0 0 0 0 0 0 0 0 0 0 0 0 0 0 0 0 0 0 0 0 0 0 0 0 0 0 0
0 0 0 0 0 0 0 0 0 0 0 0 0 0 0 0 0 0 0 0 0 0 0 0 0 0 0 0 0 0 0 0 0 0 0 0 0 0 0 0 0 0 0 0 0 0 0 0 0 0 0 0 0 0 0 0 0 0 0 0 0 0 0 0 0 0 0 4.61787e-06 8.25438e-06 1.35979e-05 2.0645e-05 2.8887e-05 3.72507e-05 6.00931e-05 7.20654e-05 8.2117e-05 8.84774e-05 9.23274e-05 9.48571e-05 9.97377e-05 0.000102092 0.000101541 9.63535e-05 8.6137e-05 7.20241e-05 5.61129e-05 0 0 0 0 0 0 0 0 0 0 0 0 0 0 0 0 0 0 0 0 0 0 0 0 0 0 0 0 0 0 0 0 0 0 0 0 0 0 0 0 0 0 0 0 0 0 0 0 0 0 0 0 0 0 0 0 0 0 0 0 0 0 0 0
0 0 0 0 0 0 0 0 0 0 0 0 0 0 0 0 0 0 0 0 0 0 0 0 0 0 0 0 0 0 0 0 0 0 0 0 0 0 0 0 0 0 0 0 0 0 0 0 0 0 0 0 0 0 0 0 0 0 0 0 0 0 0 0 0 0 7.03377e-06 1.36418e-05 2.4384e-05 4.01695e-05 6.09862e-05 0.000104845 0.000143156 0.000183308 0.000219971 0.000247702 0.000264209 0.000270035 0.000272344 0.000270738 0.000267585 0.000259662 0.000242845 0.000215507 0.000179665 0.000139926 0.000101499 0 0 0 0 0 0 0 0 0 0 0 0 0 0 0 0 0 0 0 0 0 0 0 0 0 0 0 0 0 0 0 0 0 0 0 0 0 0 0 0 0 0 0 0 0 0 0 0 0 0 0 0 0 0 0 0 0 0 0 0 0 0 0
0 0 0 0 0 0 0 0 0 0 0 0 0 0 0 0 0 0 0 0 0 0 0 0 0 0 0 0 0 0 0 0 0 0 0 0 0 0 0 0 0 0 0 0 0 0 0 0 0 0 0 0 0 0 0 0 0 0 0 0 0 0 0 0 3.98584e-06 9.10032e-06 1.915e-05 3.71543e-05 6.64069e-05 0.00010939 0.000197813 0.000291059 0.000399992 0.000512391 0.000615436 0.0006923 0.000733769 0.000738897 0.000724033 0.00069359 0.00065982 0.000621113 0.000569626 0.000500142 0.000414972 0.000322778 0.000234317 0.000158355 0 0 0 0 0 0 0 0 0 0 0 0 0 0 0 0 0 0 0 0 0 0 0 0 0 0 0 0 0 0 0 0 0 0 0 0 0 0 0 0 0 0 0 0 0 0 0 0 0 0 0 0 0 0 0 0 0 0 0 0 0 0
0 0 0 0 0 0 0 0 0 0 0 0 0 0 0 0 0 0 0 0 0 0 0 0 0 0 0 0 0 0 0 0 0 0 0 0 0 0 0 0 0 0 0 0 0 0 0 0 0 0 0 0 0 0 0 0 0 0 0 0 0 0 0 4.03833e-06 1.00131e-05 2.28558e-05 4.80874e-05 9.32487e-05 0.000166656 0.000318271 0.000504873 0.000745671 0.00102839 0.00132348 0.00159113 0.00179048 0.00189118 0.00189206 0.00180675 0.00167569 0.00153394 0.00139402 0.00124659 0.00107838 0.000888226 0.000689065 0.000504667 0.000349927 0.000108742 0.000124472 0.00013222 0.000130222 0.000118821 0.000100378 7.84569e-05 0 0 0 0 0 0 0 0 0 0 0 0 0 0 0 0 0 0 0 0 0 0 0 0 0 0 0 0 0 0 0 0 0 0 0 0 0 0 0 0 0 0 0 0 0 0 0 0 0 0 0 0 0 0 0
0 0 0 0 0 0 0 0 0 0 0 0 0 0 0 0 0 0 0 0 0 0 0 0 0 0 0 0 0 0 0 0 0 0 0 0 0 0 0 0 0 0 0 0 0 0 0 0 0 0 0 0 0 0 0 0 0 0 0 0 0 0 0 9.36179e-06 2.31753e-05 5.28889e-05 0.000111258 0.000215723 0.000436643 0.000747095 0.00118925 0.00176468 0.00244087 0.00315206 0.00380022 0.00428162 0.00451954 0.00448384 0.00421631 0.00380928 0.00336428 0.00294364 0.00255244 0.00216505 0.00176575 0.00136782 0.00100356 0.000709009 0.000511471 0.000330915 0.000352467 0.000348073 0.000318411 0.00026961 0.000211169 0.000152906 0.000102304 6.32203e-05 0 0 0 0 0 0 0 0 0 0 0 0 0 0 0 0 0 0 0 0 0 0 0 0 0 0 0 0 0 0 0 0 0 0 0 0 0 0 0 0 0 0 0 0 0 0 0 0 0 0 0 0
0 0 0 0 0 0 0 0 0 0 0 0 0 0 0 0 0 0 0 0 0 0 0 0 0 0 0 0 0 0 0 0 0 0 0 0 0 0 0 0 0 0 0 0 0 0 0 0 0 0 0 0 0 0 0 0 0 0 0 0 0 0 7.44969e-06 1.99889e-05 4.9461e-05 0.00011284 0.000237317 0.000510743 0.000942988 0.0016185 0.00258566 0.00385137 0.00534827 0.00693165 0.00838242 0.0094615 0.00998125 0.00985915 0.00917146 0.00811982 0.00695221 0.00585914 0.00490449 0.00405518 0.00326025 0.00251365 0.00185623 0.00135058 0.00104769 0.000931321 0.000867869 0.000859148 0.000787741 0.000668412 0.000524499 0.000380408 0.000254871 0.000157688 9.00592e-05 4.7467e-05 0 0 0 0 0 0 0 0 0 0 0 0 0 0 0 0 0 0 0 0 0 0 0 0 0 0 0 0 0 0 0 0 0 0 0 0 0 0 0 0 0 0 0 0 0 0 0 0 0 0
0 0 0 0 0 0 0 0 0 0 0 0 0 0 0 0 0 0 0 0 0 0 0 0 0 0 0 0 0 0 0 0 0 0 0 0 0 0 0 0 0 0 0 0 0 0 0 0 0 0 0 0 0 0 0 0 0 0 0 0 0 5.05748e-06 1.46892e-05 3.93766e-05 9.73678e-05 0.000222026 0.000509424 0.00101529 0.0018796 0.00323653 0.00519101 0.00775993 0.0108202 0.0140745 0.0170739 0.0193129 0.0203799 0.0200798 0.0185432 0.0161742 0.0135043 0.0109915 0.0088635 0.00710595 0.00560586 0.00429524 0.00320658 0.00243956 0.0020677 0.00199902 0.00197362 0.00195803 0.001799 0.00152937 0.00120208 0.000873095 0.000585702 0.000362753 0.000207357 0.000109369 5.32155e-05 0 0 0 0 0 0 0 0 0 0 0 0 0 0 0 0 0 0 0 0 0 0 0 0 0 0 0 0 0 0 0 0 0 0 0 0 0 0 0 0 0 0 0 0 0 0 0 0 0
0 0 0 0 0 0 0 0 0 0 0 0 0 0 0 0 0 0 0 0 0 0 0 0 0 0 0 0 0 0 0 0 0 0 0 0 0 0 0 0 0 0 0 0 0 0 0 0 0 0 0 0 0 0 0 0 0 0 0 0 0 9.22925e-06 2.67519e-05 7.16108e-05 0.000176898 0.000433561 0.000932868 0.00186326 0.00345898 0.00597739 0.00962173 0.0144392 0.0202118 0.0263855 0.0321096 0.0364082 0.038448 0.0378349 0.0347747 0.0300096 0.0245721 0.0194103 0.0150853 0.0116831 0.009 0.00684592 0.00520577 0.00421765 0.00392698 0.0040507 0.00414485 0.00411987 0.00379213 0.00322908 0.00254179 0.00184851 0.00124138 0.000769555 0.000440237 0.000232346 0.000113114 5.07861e-05 0 0 0 0 0 0 0 0 0 0 0 0 0 0 0 0 0 0 0 0 0 0 0 0 0 0 0 0 0 0 0 0 0 0 0 0 0 0 0 0 0 0 0 0 0 0 0 0
0 0 0 0 0 0 0 0 0 0 0 0 0 0 0 0 0 0 0 0 0 0 0 0 0 0 0 0 0 0 0 0 0 0 0 0 0 0 0 0 0 0 0 0 0 0 0 0 0 0 0 0 0 0 0 0 0 0 0 1.32528e-05 2.76776e-05 5.46791e-05 0.000103996 0.000196325 0.000379902 0.000805131 0.00163697 0.00320396 0.00592432 0.010229 0.0164878 0.0248292 0.0348795 0.0456881 0.0557666 0.0633728 0.0670027 0.0659042 0.0603859 0.051726 0.0417443 0.032184 0.0241818 0.0180618 0.0135409 0.0102263 0.00801232 0.00702742 0.00712889 0.00768946 0.00809521 0.00800247 0.00737725 0.00629098 0.00495833 0.00360987 0.00242654 0.00150547 0.000861803 0.000455096 0.00022165 9.95547e-05 4.12308e-05 0 0 0 0 0 0 0 0 0 0 0 0 0 0 0 0 0 0 0 0 0 0 0 0 0 0 0 0 0 0 0 0 0 0 0 0 0 0 0 0 0 0 0 0 0 0 0
0 0 0 0 0 0 0 0 0 0 0 0 0 0 0 0 0 0 0 0 0 0 0 0 0 0 0 0 0 0 0 0 0 0 0 0 0 0 0 0 0 0 0 0 0 0 0 0 0 0 0 0 0 0 0 0 0 8.18406e-06 1.62527e-05 3.2535e-05 6.5116e-05 0.000124971 0.000228566 0.000404414 0.000735835 0.00139128 0.00268907 0.00513243 0.00938608 0.0161856 0.0261456 0.0394686 0.0556167 0.0730723 0.0894334 0.101849 0.107819 0.10606 0.096995 0.0826671 0.0660214 0.0499547 0.0364687 0.0263034 0.0191621 0.014423 0.0118131 0.0113005 0.012262 0.0136021 0.0144535 0.0143494 0.0132451 0.0113083 0.0089224 0.00650205 0.00437418 0.00271566 0.00155548 0.000821794 0.000400417 0.0001799 7.45258e-05 2.84624e-05 0 0 0 0 0 0 0 0 0 0 0 0 0 0 0 0 0 0 0 0 0 0 0 0 0 0 0 0 0 0 0 0 0 0 0 0 0 0 0 0 0 0 0 0 0 0
0 0 0 0 0 0 0 0 0 0 0 0 0 0 0 0 0 0 0 0 0 0 0 0 0 0 0 0 0 0 0 0 0 0 0 0 0 0 0 0 0 0 0 0 0 0 0 0 0 0 0 0 0 0 0 8.40082e-06 1.43142e-05 2.49113e-05 4.2846e-05 7.77106e-05 0.000146078 0.000270781 0.000481079 0.000815381 0.00138538 0.00236976 0.00423386 0.00773535 0.0138827 0.0237911 0.0384028 0.0580656 0.0820097 0.108022 0.132505 0.151179 0.160229 0.157661 0.144023 0.122325 0.0969764 0.0723635 0.0516301 0.0361198 0.0256389 0.0193867 0.0168495 0.0174616 0.0198309 0.0223502 0.0238685 0.023756 0.0219479 0.0187558 0.0148113 0.0108018 0.00727155 0.00451705 0.00258848 0.00136811 0.000666828 0.000299682 0.000124168 4.74317e-05 1.67021e-05 0 0 0 0 0 0 0 0 0 0 0 0 0 0 0 0 0 0 0 0 0 0 0 0 0 0 0 0 0 0 0 0 0 0 0 0 0 0 0 0 0 0 0 0 0
0 0 0 0 0 0 0 0 0 0 0 0 0 0 0 0 0 0 0 0 0 0 0 0 0 0 0 0 0 0 0 0 0 0 0 0 0 0 0 0 0 0 0 0 0 0 0 0 0 0 0 0 0 0 1.46863e-05 2.6617e-05 4.56732e-05 7.34023e-05 0.000115559 0.000187178 0.000319783 0.000560441 0.00096624 0.00160022 0.00254809 0.00402445 0.00656346 0.0111933 0.0193645 0.0326776 0.0524666 0.0792437 0.11201 0.147752 0.181524 0.207371 0.219987 0.216508 0.197637 0.167467 0.132085 0.0975957 0.068466 0.0467934 0.0326402 0.0251431 0.0233671 0.0257505 0.0300094 0.0340707 0.0364574 0.0363247 0.0335755 0.0287087 0.0226845 0.0165524 0.0111484 0.00692827 0.00397177 0.00209991 0.0010238 0.000460218 0.000190735 7.28534e-05 2.56575e-05 0 0 0 0 0 0 0 0 0 0 0 0 0 0 0 0 0 0 0 0 0 0 0 0 0 0 0 0 0 0 0 0 0 0 0 0 0 0 0 0 0 0 0 0 0
0 0 0 0 0 0 0 0 0 0 0 0 0 0 0 0 0 0 0 0 0 0 0 0 0 0 0 0 0 0 0 0 0 0 0 0 0 0 0 0 0 0 0 0 0 0 0 0 0 0 0 0 1.03408e-05 2.25091e-05 4.40971e-05 7.9831e-05 0.000134175 0.000210236 0.000313788 0.000461869 0.000704112 0.00113201 0.00185196 0.00296167 0.00454714 0.00678047 0.0101666 0.0158976 0.0259028 0.0423629 0.0670773 0.100737 0.142101 0.187367 0.230254 0.263149 0.279241 0.274813 0.250702 0.212078 0.166689 0.12236 0.0849036 0.0572454 0.0398483 0.0318523 0.0315291 0.0360535 0.0424295 0.0482132 0.0515562 0.0513502 0.0474513 0.040574 0.0320657 0.0234037 0.015767 0.00980065 0.00561985 0.00297198 0.00144931 0.00065167 0.000270156 0.000103244 3.63735e-05 1.17947e-05 0 0 0 0 0 0 0 0 0 0 0 0 0 0 0 0 0 0 0 0 0 0 0 0 0 0 0 0 0 0 0 0 0 0 0 0 0 0 0 0 0 0 0 0
0 0 0 0 0 0 0 0 0 0 0 0 0 0 0 0 0 0 0 0 0 0 0 0 0 0 0 0 0 0 0 0 0 0 0 0 0 0 0 0 0 0 0 0 0 0 0 0 0 0 0 1.25459e-05 2.89963e-05 6.15553e-05 0.000120509 0.000217793 0.000364458 0.000564904 0.000819798 0.00113841 0.00157686 0.00227659 0.00344308 0.00525407 0.00780015 0.0111677 0.015711 0.0225615 0.0339492 0.0526987 0.0811423 0.120158 0.168286 0.221074 0.271126 0.309516 0.3282 0.322792 0.294224 0.248565 0.194925 0.142555 0.0984389 0.0663109 0.0471087 0.0397742 0.0413193 0.047885 0.0561931 0.0635327 0.0676826 0.0672561 0.0620538 0.0530125 0.0418737 0.0305537 0.0205813 0.0127933 0.00733615 0.0038803 0.00189273 0.000851379 0.000353153 0.000135093 4.76322e-05 1.55055e-05 0 0 0 0 0 0 0 0 0 0 0 0 0 0 0 0 0 0 0 0 0 0 0 0 0 0 0 0 0 0 0 0 0 0 0 0 0 0 0 0 0 0 0 0
0 0 0 0 0 0 0 0 0 0 0 0 0 0 0 0 0 0 0 0 0 0 0 0 0 0 0 0 0 0 0 0 0 0 0 0 0 0 0 0 0 0 0 0 0 0 0 0 0 0 0 3.19003e-05 7.33995e-05 0.000155722 0.000304956 0.000550692 0.000918205 0.00141574 0.00202821 0.0027321 0.00354821 0.00464077 0.0063525 0.00904269 0.0128648 0.0177916 0.0239201 0.0320853 0.0444567 0.0642882 0.0944783 0.136143 0.187681 0.244212 0.297746 0.338626 0.358169 0.351635 0.320065 0.270045 0.211499 0.154538 0.106946 0.0731592 0.0545057 0.0491445 0.0526152 0.0606993 0.0702778 0.0785374 0.0829786 0.0819935 0.0753558 0.0642055 0.0506225 0.0368917 0.0248314 0.015429 0.00884695 0.00468014 0.00228429 0.00102865 0.000427462 0.000163997 5.81265e-05 1.90194e-05 5.77409e-06 0 0 0 0 0 0 0 0 0 0 0 0 0 0 0 0 0 0 0 0 0 0 0 0 0 0 0 0 0 0 0 0 0 0 0 0 0 0 0 0 0 0 0
0 0 0 0 0 0 0 0 0 0 0 0 0 0 0 0 0 0 0 0 0 0 0 0 0 0 0 0 0 0 0 0 0 0 0 0 0 0 0 0 0 0 0 0 0 0 0 0 0 0 3.00064e-05 7.48038e-05 0.000172091 0.000364922 0.000713754 0.00128789 0.00214395 0.00329786 0.00469675 0.00622951 0.00780602 0.00952038 0.0118158 0.0153634 0.0205729 0.027353 0.0354716 0.0452854 0.0585533 0.0784689 0.108245 0.149236 0.199878 0.255237 0.307368 0.346703 0.364702 0.356716 0.32388 0.272856 0.213636 0.156488 0.109524 0.0777025 0.0623377 0.0601239 0.0654717 0.0744364 0.0843119 0.0923929 0.0961421 0.0939319 0.0856132 0.0725075 0.0569238 0.0413622 0.027789 0.017251 0.00989153 0.00523813 0.00256216 0.00115837 0.000484465 0.000187728 6.75485e-05 2.26245e-05 7.05366e-06 0 0 0 0 0 0 0 0 0 0 0 0 0 0 0 0 0 0 0 0 0 0 0 0 0 0 0 0 0 0 0 0 0 0 0 0 0 0 0 0 0 0 0
0 0 0 0 0 0 0 0 0 0 0 0 0 0 0 0 0 0 0 0 0 0 0 0 0 0 0 0 0 0 0 0 0 0 0 0 0 0 0 0 0 0 0 0 0 0 0 0 0 2.41772e-05 6.52673e-05 0.000162618 0.000373532 0.000791553 0.00154702 0.00278908 0.00463946 0.0071255 0.0101177 0.0133207 0.0163875 0.0191757 0.0220825 0.0261248 0.0323026 0.0407608 0.050949 0.062642 0.0769572 0.0965565 0.124401 0.161829 0.207368 0.256512 0.302105 0.335605 0.349391 0.339418 0.306876 0.258046 0.202264 0.149251 0.107005 0.0807129 0.0710253 0.0729239 0.0804264 0.0900126 0.0992931 0.105852 0.107487 0.102931 0.0923526 0.0772928 0.0601633 0.0434652 0.0291056 0.018051 0.0103663 0.00551434 0.00272009 0.00124629 0.000532041 0.000212335 7.95657e-05 2.80698e-05 9.36948e-06 0 0 0 0 0 0 0 0 0 0 0 0 0 0 0 0 0 0 0 0 0 0 0 0 0 0 0 0 0 0 0 0 0 0 0 0 0 0 0 0 0 0 0
0 0 0 0 0 0 0 0 0 0 0 0 0 0 0 0 0 0 0 0 0 0 0 0 0 0 0 0 0 0 0 0 0 0 0 0 0 0 0 0 0 0 0 0 0 0 0 0 0 4.88609e-05 0.000131762 0.000327739 0.000751855 0.00159119 0.00310686 0.00559677 0.00930334 0.0142773 0.0202382 0.0265482 0.0323638 0.0370383 0.0406696 0.044489 0.0503669 0.0593374 0.0709067 0.0842318 0.0996387 0.118977 0.14442 0.176702 0.214256 0.253281 0.288111 0.312091 0.319297 0.306665 0.275452 0.231139 0.181857 0.136234 0.101818 0.0836357 0.0810946 0.0879839 0.0984491 0.109056 0.117366 0.121259 0.119225 0.110848 0.0969939 0.0795852 0.0610609 0.0437146 0.0291632 0.0181216 0.0104943 0.00567309 0.00287029 0.00136359 0.000610691 0.000258502 0.000103488 3.91216e-05 1.39078e-05 4.63858e-06 0 0 0 0 0 0 0 0 0 0 0 0 0 0 0 0 0 0 0 0 0 0 0 0 0 0 0 0 0 0 0 0 0 0 0 0 0 0 0 0 0 0
0 0 0 0 0 0 0 0 0 0 0 0 0 0 0 0 0 0 0 0 0 0 0 0 0 0 0 0 0 0 0 0 0 0 0 0 0 0 0 0 0 0 0 0 0 0 0 0 3.14622e-05 9.1705e-05 0.000246939 0.000612962 0.00140395 0.00296716 0.00578667 0.0104143 0.0172976 0.0265259 0.0375669 0.0491922 0.0597075 0.0675627 0.0722129 0.0748522 0.0782686 0.0851352 0.0959942 0.109725 0.125738 0.144853 0.168124 0.195185 0.223923 0.251104 0.272896 0.285162 0.284265 0.268439 0.238982 0.200346 0.159083 0.122459 0.0973565 0.0882294 0.0932314 0.105798 0.120215 0.132608 0.140117 0.140801 0.134014 0.120534 0.102304 0.0818585 0.061698 0.0437799 0.0292465 0.0184079 0.0109334 0.00614056 0.00326631 0.00164608 0.000784627 0.000352826 0.000148981 5.87758e-05 2.16068e-05 7.37952e-06 0 0 0 0 0 0 0 0 0 0 0 0 0 0 0 0 0 0 0 0 0 0 0 0 0 0 0 0 0 0 0 0 0 0 0 0 0 0 0 0 0 0
0 0 0 0 0 0 0 0 0 0 0 0 0 0 0 0 0 0 0 0 0 0 0 0 0 0 0 0 0 0 0 0 0 0 0 0 0 0 0 0 0 0 0 0 0 0 0 0 5.50301e-05 0.000160205 0.000429961 0.001065 0.00243466 0.00513709 0.0100042 0.017983 0.0298426 0.0457261 0.0647201 0.084676 0.102574 0.115446 0.121672 0.122116 0.120351 0.121118 0.127311 0.138649 0.153789 0.172258 0.193701 0.216393 0.237298 0.253366 0.262382 0.262834 0.253654 0.2346 0.207025 0.174248 0.141149 0.113508 0.0973264 0.0962958 0.108054 0.126292 0.145074 0.159691 0.166659 0.164155 0.152387 0.133417 0.110379 0.0865342 0.0644826 0.0458003 0.031072 0.020152 0.0124859 0.00737117 0.00412931 0.00218381 0.00108456 0.000503721 0.000217856 8.74872e-05 3.25102e-05 1.11898e-05 0 0 0 0 0 0 0 0 0 0 0 0 0 0 0 0 0 0 0 0 0 0 0 0 0 0 0 0 0 0 0 0 0 0 0 0 0 0 0 0 0 0
0 0 0 0 0 0 0 0 0 0 0 0 0 0 0 0 0 0 0 0 0 0 0 0 0 0 0 0 0 0 0 0 0 0 0 0 0 0 0 0 0 0 0 0 0 0 0 0 8.96901e-05 0.000260086 0.000696199 0.00172041 0.00392431 0.00826383 0.0160657 0.0288375 0.0478038 0.0731874 0.10353 0.1354 0.163904 0.184071 0.192736 0.190151 0.180528 0.170704 0.166824 0.171142 0.182516 0.199087 0.218762 0.238222 0.253325 0.260837 0.259612 0.250304 0.234245 0.212762 0.187369 0.160304 0.134758 0.114885 0.105458 0.109657 0.125804 0.148263 0.170569 0.186981 0.193344 0.187918 0.171708 0.147918 0.120737 0.0939996 0.0702872 0.050736 0.0354034 0.0238077 0.0153318 0.00938304 0.00541831 0.00293426 0.00148295 0.000697214 0.000304034 0.000122778 4.58404e-05 1.57932e-05 0 0 0 0 0 0 0 0 0 0 0 0 0 0 0 0 0 0 0 0 0 0 0 0 0 0 0 0 0 0 0 0 0 0 0 0 0 0 0 0 0 0
0 0 0 0 0 0 0 0 0 0 0 0 0 0 0 0 0 0 0 0 0 0 0 0 0 0 0 0 0 0 0 0 0 0 0 0 0 0 0 0 0 0 0 0 0 0 0 4.33764e-05 0.000135919 0.00039302 0.00104905 0.00258531 0.00588286 0.0123604 0.0239828 0.04298 0.0711517 0.108831 0.153867 0.201195 0.243551 0.273427 0.285664 0.279693 0.260282 0.236245 0.217097 0.208869 0.212296 0.224769 0.242265 0.259617 0.27137 0.273771 0.266144 0.250567 0.230243 0.207934 0.185438 0.164051 0.14528 0.131333 0.12537 0.130428 0.146639 0.169785 0.193103 0.209816 0.215054 0.207064 0.187476 0.160353 0.130588 0.102254 0.0776634 0.0574438 0.041261 0.0285469 0.018837 0.0117494 0.00687961 0.00376207 0.00191428 0.000903901 0.000395391 0.000159972 5.97905e-05 2.06345e-05 0 0 0 0 0 0 0 0 0 0 0 0 0 0 0 0 0 0 0 0 0 0 0 0 0 0 0 0 0 0 0 0 0 0 0 0 0 0 0 0 0 0
0 0 0 0 0 0 0 0 0 0 0 0 0 0 0 0 0 0 0 0 0 0 0 0 0 0 0 0 0 0 0 0 0 0 0 0 0 0 0 0 0 0 0 0 0 0 0 6.14184e-05 0.000191793 0.000552812 0.00147123 0.0036157 0.00820556 0.017199 0.0333039 0.0595706 0.0984716 0.150456 0.212598 0.277973 0.336643 0.378217 0.395291 0.386324 0.356627 0.316904 0.279688 0.254857 0.246321 0.252108 0.266704 0.282943 0.293785 0.294532 0.284357 0.266041 0.244112 0.22259 0.203681 0.187913 0.175075 0.16526 0.159711 0.161078 0.171533 0.189636 0.209565 0.223933 0.227066 0.216929 0.195371 0.166876 0.136563 0.108322 0.0839648 0.0636198 0.0467619 0.0329706 0.022063 0.0138972 0.00819092 0.00449878 0.0022957 0.00108605 0.000475632 0.000192581 7.20213e-05 2.48724e-05 0 0 0 0 0 0 0 0 0 0 0 0 0 0 0 0 0 0 0 0 0 0 0 0 0 0 0 0 0 0 0 0 0 0 0 0 0 0 0 0 0 0
0 0 0 0 0 0 0 0 0 0 0 0 0 0 0 0 0 0 0 0 0 0 0 0 0 0 0 0 0 0 0 0 0 0 0 0 0 0 0 0 0 0 0 0 0 0 0 8.09232e-05 0.000251904 0.000723852 0.00192071 0.00470657 0.0106522 0.0222775 0.0430349 0.0768288 0.126793 0.193515 0.273274 0.357323 0.433078 0.487291 0.510336 0.499685 0.46116 0.4072 0.352915 0.311351 0.289574 0.287321 0.298603 0.314533 0.32625 0.327679 0.317325 0.298213 0.275913 0.255699 0.240376 0.229857 0.222252 0.215455 0.208587 0.20312 0.202444 0.208656 0.219132 0.227277 0.226743 0.214759 0.192743 0.164948 0.136162 0.109711 0.0867729 0.0670941 0.0501566 0.0358075 0.0241658 0.0153066 0.00905413 0.00498426 0.00254711 0.00120609 0.000528466 0.000214028 8.00651e-05 2.76502e-05 0 0 0 0 0 0 0 0 0 0 0 0 0 0 0 0 0 0 0 0 0 0 0 0 0 0 0 0 0 0 0 0 0 0 0 0 0 0 0 0 0 0
0 0 0 0 0 0 0 0 0 0 0 0 0 0 0 0 0 0 0 0 0 0 0 0 0 0 0 0 0 0 0 0 0 0 0 0 0 0 0 0 0 0 0 0 0 0 0 9.92039e-05 0.000307833 0.000881982 0.00233358 0.00570231 0.0128787 0.0268598 0.0517686 0.0922402 0.151985 0.231704 0.327028 0.427703 0.518946 0.585188 0.614926 0.604826 0.561058 0.497445 0.43109 0.377274 0.345315 0.336579 0.345281 0.361387 0.374327 0.376537 0.365761 0.345268 0.321782 0.302031 0.289598 0.283838 0.281097 0.27695 0.268266 0.254907 0.240244 0.229235 0.223974 0.221105 0.214644 0.200673 0.179404 0.15406 0.128501 0.105199 0.0847091 0.066563 0.050374 0.0362648 0.0246085 0.0156407 0.00927134 0.00511021 0.00261331 0.00123785 0.000542436 0.000219688 8.21736e-05 0 0 0 0 0 0 0 0 0 0 0 0 0 0 0 0 0 0 0 0 0 0 0 0 0 0 0 0 0 0 0 0 0 0 0 0 0 0 0 0 0 0 0
0 0 0 0 0 0 0 0 0 0 0 0 0 0 0 0 0 0 0 0 0 0 0 0 0 0 0 0 0 0 0 0 0 0 0 0 0 0 0 0 0 0 0 0 0 0 0 0.000113075 0.000349908 0.000999826 0.00263817 0.00643666 0.0144937 0.0301575 0.0580014 0.103155 0.169725 0.258495 0.364725 0.477246 0.579975 0.655941 0.692529 0.685865 0.642271 0.576303 0.506114 0.448123 0.412673 0.401873 0.410032 0.426407 0.43924 0.439968 0.426053 0.401463 0.374453 0.353431 0.342811 0.341238 0.343107 0.341588 0.331345 0.31063 0.282262 0.252603 0.227877 0.209734 0.194546 0.177751 0.157692 0.13579 0.114451 0.0951 0.0777527 0.0618538 0.0472271 0.0341949 0.0232862 0.0148308 0.00880093 0.00485333 0.00248212 0.00117551 0.000514955 0.000208461 7.79394e-05 0 0 0 0 0 0 0 0 0 0 0 0 0 0 0 0 0 0 0 0 0 0 0 0 0 0 0 0 0 0 0 0 0 0 0 0 0 0 0 0 0 0 0
0 0 0 0 0 0 0 0 0 0 0 0 0 0 0 0 0 0 0 0 0 0 0 0 0 0 0 0 0 0 0 0 0 0 0 0 0 0 0 0 0 0 0 0 0 0 0 0.00011987 0.000369976 0.00105439 0.00277501 0.00676308 0.0151954 0.0315535 0.0605765 0.107569 0.176795 0.269101 0.379731 0.497408 0.605893 0.688044 0.731105 0.731057 0.694116 0.634693 0.570786 0.518576 0.48809 0.481067 0.491377 0.507734 0.517958 0.513422 0.492204 0.459667 0.426001 0.401446 0.391143 0.392806 0.398702 0.399631 0.388331 0.361742 0.322162 0.276464 0.233234 0.198393 0.172256 0.151182 0.131844 0.113385 0.0963736 0.0810893 0.0671109 0.0538975 0.0414074 0.0300819 0.0205174 0.0130796 0.00776316 0.00427966 0.00218739 0.00103511 0.000453055 0.00018325 6.84546e-05 0 0 0 0 0 0 0 0 0 0 0 0 0 0 0 0 0 0 0 0 0 0 0 0 0 0 0 0 0 0 0 0 0 0 0 0 0 0 0 0 0 0 0
0 0 0 0 0 0 0 0 0 0 0 0 0 0 0 0 0 0 0 0 0 0 0 0 0 0 0 0 0 0 0 0 0 0 0 0 0 0 0 0 0 0 0 0 0 0 0 0.00011835 0.000364199 0.00103513 0.00273068 0.00662718 0.0148639 0.0308168 0.0590905 0.104837 0.172207 0.262148 0.370264 0.486008 0.594167 0.678674 0.727622 0.737276 0.713475 0.6696 0.622188 0.585762 0.568698 0.571263 0.586266 0.601995 0.606572 0.592419 0.55928 0.514597 0.470806 0.439996 0.427904 0.431104 0.439725 0.44245 0.430476 0.399911 0.35278 0.296129 0.23941 0.190733 0.153728 0.127046 0.107047 0.0909624 0.0774659 0.065697 0.054806 0.044283 0.0341504 0.0248665 0.0169668 0.0108222 0.00638807 0.00351735 0.00179515 0.00084818 0.000370648 0.000149692 0 0 0 0 0 0 0 0 0 0 0 0 0 0 0 0 0 0 0 0 0 0 0 0 0 0 0 0 0 0 0 0 0 0 0 0 0 0 0 0 0 0 0 0
0 0 0 0 0 0 0 0 0 0 0 0 0 0 0 0 0 0 0 0 0 0 0 0 0 0 0 0 0 0 0 0 0 0 0 0 0 0 0 0 0 0 0 0 0 0 0 0.000109206 0.000334736 0.000948192 0.00250884 0.00607856 0.0136226 0.0282158 0.0540682 0.0959254 0.15767 0.24035 0.340296 0.4484 0.551401 0.635329 0.689872 0.71194 0.706741 0.685912 0.663451 0.651017 0.654185 0.670829 0.692179 0.706197 0.702036 0.674167 0.624894 0.564283 0.507102 0.467149 0.450598 0.45287 0.4621 0.465338 0.452838 0.420349 0.369776 0.308114 0.244798 0.188337 0.143691 0.111443 0.0890841 0.0733216 0.0615784 0.0520251 0.043405 0.0350948 0.0270728 0.0197243 0.0134865 0.00857832 0.00510449 0.00282143 0.00137953 0.000650221 0.00028347 0.000114229 0 0 0 0 0 0 0 0 0 0 0 0 0 0 0 0 0 0 0 0 0 0 0 0 0 0 0 0 0 0 0 0 0 0 0 0 0 0 0 0 0 0 0 0
0 0 0 0 0 0 0 0 0 0 0 0 0 0 0 0 0 0 0 0 0 0 0 0 0 0 0 0 0 0 0 0 0 0 0 0 0 0 0 0 0 0 0 0 0 0 0 0 0.000289195 0.000814932 0.00217481 0.0052738 0.0117991 0.0244331 0.0468468 0.08324 0.137145 0.209799 0.298501 0.396004 0.491562 0.573819 0.634437 0.671083 0.688154 0.695042 0.702519 0.718629 0.745443 0.777941 0.805607 0.816303 0.800749 0.756175 0.688038 0.609219 0.536613 0.485327 0.461755 0.460273 0.46752 0.469586 0.456508 0.42411 0.374273 0.313569 0.25058 0.193055 0.145712 0.109858 0.0842575 0.066444 0.0538828 0.0443898 0.0364377 0.0291976 0.0224658 0.0163809 0.0112778 0.00727452 0.00434187 0.00244534 0.00128016 0.000469936 0.000204271 0 0 0 0 0 0 0 0 0 0 0 0 0 0 0 0 0 0 0 0 0 0 0 0 0 0 0 0 0 0 0 0 0 0 0 0 0 0 0 0 0 0 0 0 0
0 0 0 0 0 0 0 0 0 0 0 0 0 0 0 0 0 0 0 0 0 0 0 0 0 0 0 0 0 0 0 0 0 0 0 0 0 0 0 0 0 0 0 0 0 0 0 0 0.000237906 0.0006947 0.00183032 0.00440957 0.00984994 0.0204001 0.0391818 0.0698548 0.115658 0.178073 0.255506 0.34267 0.431411 0.512969 0.580953 0.633617 0.674343 0.709981 0.747765 0.791935 0.841085 0.887524 0.919338 0.924665 0.896152 0.834049 0.747032 0.650543 0.563052 0.500261 0.468317 0.460779 0.463569 0.462794 0.449113 0.418896 0.373862 0.319497 0.262624 0.209196 0.163015 0.125612 0.096871 0.0755894 0.0600191 0.0482865 0.0388948 0.0308733 0.0237887 0.0175595 0.0122985 0.00812965 0.00494861 0.00287977 0.00155647 0.000780619 0.000363048 0 0 0 0 0 0 0 0 0 0 0 0 0 0 0 0 0 0 0 0 0 0 0 0 0 0 0 0 0 0 0 0 0 0 0 0 0 0 0 0 0 0 0 0 0
0 0 0 0 0 0 0 0 0 0 0 0 0 0 0 0 0 0 0 0 0 0 0 0 0 0 0 0 0 0 0 0 0 0 0 0 0 0 0 0 0 0 0 0 0 0 0 0 0.0001902 0.000605402 0.00155269 0.0037085 0.00824283 0.017043 0.0327753 0.0586876 0.0977939 0.151912 0.220493 0.300028 0.384633 0.467783 0.544643 0.613754 0.677166 0.738965 0.802847 0.869608 0.93514 0.99007 1.02206 1.02009 0.978905 0.901506 0.799221 0.689353 0.591032 0.519547 0.480054 0.465491 0.462158 0.457485 0.44367 0.417939 0.381397 0.337386 0.289857 0.242415 0.198007 0.158918 0.126484 0.100868 0.0811403 0.0657792 0.0533324 0.0427118 0.0333224 0.024981 0.0177795 0.0119434 0.00750947 0.00435603 0.00238389 0.00120923 0.000560826 0 0 0 0 0 0 0 0 0 0 0 0 0 0 0 0 0 0 0 0 0 0 0 0 0 0 0 0 0 0 0 0 0 0 0 0 0 0 0 0 0 0 0 0 0
0 0 0 0 0 0 0 0 0 0 0 0 0 0 0 0 0 0 0 0 0 0 0 0 0 0 0 0 0 0 0 0 0 0 0 0 0 0 0 0 0 0 0 0 0 0 0 0 0.000122359 0.000577381 0.00144148 0.00337089 0.00737832 0.0151041 0.0289263 0.0517605 0.0865347 0.135377 0.198559 0.274012 0.357643 0.444698 0.531453 0.616309 0.699603 0.782405 0.865044 0.945626 1.01863 1.0746 1.10216 1.09194 1.04069 0.953502 0.843254 0.727891 0.62604 0.551357 0.507239 0.486317 0.476614 0.468283 0.455852 0.437168 0.411614 0.379116 0.340222 0.296693 0.251636 0.208748 0.171077 0.140021 0.115256 0.0953898 0.0787979 0.0641826 0.0508122 0.0385608 0.0277434 0.0187482 0.0118581 0.00698624 0.00380789 0.00193721 0.000917583 0.000403828 0 0 0 0 0 0 0 0 0 0 0 0 0 0 0 0 0 0 0 0 0 0 0 0 0 0 0 0 0 0 0 0 0 0 0 0 0 0 0 0 0 0 0 0
0 0 0 0 0 0 0 0 0 0 0 0 0 0 0 0 0 0 0 0 0 0 0 0 0 0 0 0 0 0 0 0 0 0 0 0 0 0 0 0 0 0 0 0 0 0 0 0 0.00019983 0.000660215 0.00158066 0.0035605 0.00754834 0.0150647 0.0283173 0.050003 0.082975 0.129529 0.190527 0.264972 0.350164 0.442722 0.539602 0.638591 0.737855 0.835327 0.92831 1.01319 1.0845 1.13442 1.15397 1.13621 1.07978 0.990826 0.882337 0.771363 0.674602 0.60302 0.557979 0.532626 0.518108 0.50837 0.500232 0.490885 0.476412 0.452746 0.41793 0.373423 0.323636 0.274081 0.229357 0.191756 0.161242 0.136247 0.114737 0.0950267 0.0762499 0.0584737 0.0424085 0.028873 0.0183626 0.010892 0.00598928 0.00308597 0.00148102 0.00066309 0.000277446 0 0 0 0 0 0 0 0 0 0 0 0 0 0 0 0 0 0 0 0 0 0 0 0 0 0 0 0 0 0 0 0 0 0 0 0 0 0 0 0 0 0 0
0 0 0 0 0 0 0 0 0 0 0 0 0 0 0 0 0 0 0 0 0 0 0 0 0 0 0 0 0 0 0 0 0 0 0 0 0 0 0 0 0 0 0 0 0 0 0 0.000126085 0.000322415 0.000850071 0.00202941 0.00438251 0.00892721 0.0171892 0.0312182 0.0536256 0.0871132 0.133976 0.195436 0.271228 0.359759 0.458631 0.565064 0.675779 0.78657 0.892401 0.988233 1.06969 1.13259 1.17202 1.18252 1.16007 1.10485 1.02293 0.925863 0.828201 0.743419 0.679383 0.636154 0.608826 0.592797 0.585941 0.585991 0.587293 0.581403 0.561023 0.523582 0.471986 0.412859 0.353674 0.300201 0.255211 0.218532 0.188074 0.161112 0.135413 0.109976 0.0851813 0.0623216 0.0428014 0.0274866 0.0164933 0.00921307 0.00483071 0.00236859 0.00108766 0.000468325 0.000189235 0 0 0 0 0 0 0 0 0 0 0 0 0 0 0 0 0 0 0 0 0 0 0 0 0 0 0 0 0 0 0 0 0 0 0 0 0 0 0 0 0 0
0 0 0 0 0 0 0 0 0 0 0 0 0 0 0 0 0 0 0 0 0 0 0 0 0 0 0 0 0 0 0 0 0 0 0 0 0 0 0 0 0 0 0 0 0 0 0 0.000198816 0.000502906 0.00125023 0.00278323 0.00589243 0.0116025 0.021516 0.0377224 0.0626911 0.0989281 0.148562 0.212888 0.292081 0.385269 0.490643 0.60532 0.724806 0.842783 0.951914 1.04566 1.11966 1.17169 1.20027 1.20382 1.18124 1.13369 1.06607 0.987088 0.907584 0.837296 0.781613 0.740923 0.713763 0.700316 0.701383 0.713236 0.725258 0.724213 0.700947 0.654148 0.589649 0.517047 0.445788 0.382428 0.32965 0.286689 0.250601 0.217749 0.185268 0.152056 0.118931 0.087899 0.0610687 0.0397725 0.0242784 0.0138876 0.00743799 0.00374548 0.00176959 0.000784398 0.000326147 0 0 0 0 0 0 0 0 0 0 0 0 0 0 0 0 0 0 0 0 0 0 0 0 0 0 0 0 0 0 0 0 0 0 0 0 0 0 0 0 0 0
0 0 0 0 0 0 0 0 0 0 0 0 0 0 0 0 0 0 0 0 0 0 0 0 0 0 0 0 0 0 0 0 0 0 0 0 0 0 0 0 0 0 0 0 0 0 0.000109121 0.000296265 0.000745131 0.00179209 0.00393147 0.00807241 0.0155279 0.0280464 0.047814 0.0772218 0.118539 0.173574 0.243383 0.328167 0.427284 0.539108 0.660457 0.785913 0.907753 1.01731 1.10733 1.17394 1.21686 1.23781 1.2387 1.22087 1.18577 1.13622 1.07722 1.01541 0.957266 0.907141 0.867439 0.841207 0.833294 0.84579 0.871274 0.89298 0.893313 0.862499 0.801748 0.720792 0.63262 0.54854 0.475387 0.415185 0.366159 0.324258 0.284904 0.244706 0.202613 0.159983 0.119594 0.0842884 0.0558941 0.0348438 0.02042 0.0112303 0.00580773 0.00281622 0.00127929 0.000544158 0.000216868 0 0 0 0 0 0 0 0 0 0 0 0 0 0 0 0 0 0 0 0 0 0 0 0 0 0 0 0 0 0 0 0 0 0 0 0 0 0 0 0 0
0 0 0 0 0 0 0 0 0 0 0 0 0 0 0 0 0 0 0 0 0 0 0 0 0 0 0 0 0 0 0 0 0 0 0 0 0 0 0 0 0 0 0 0 0 0 0.000152657 0.000413854 0.00103853 0.00245489 0.00534325 0.0108166 0.020549 0.0365292 0.0611584 0.0968276 0.145593 0.208805 0.286993 0.379894 0.486558 0.605109 0.732092 0.861665 0.985627 1.09491 1.18216 1.24402 1.28172 1.29952 1.3021 1.29256 1.27199 1.24062 1.1994 1.15104 1.09967 1.04998 1.00759 0.980617 0.978036 1.00188 1.03989 1.06919 1.06862 1.02859 0.95334 0.856604 0.754564 0.659902 0.579184 0.513269 0.459018 0.411179 0.364409 0.315147 0.262742 0.209272 0.158298 0.113316 0.0766019 0.0488188 0.0292926 0.0164987 0.00872478 0.0043182 0.00199845 0.000864954 0.000350691 0 0 0 0 0 0 0 0 0 0 0 0 0 0 0 0 0 0 0 0 0 0 0 0 0 0 0 0 0 0 0 0 0 0 0 0 0 0 0 0 0
0 0 0 0 0 0 0 0 0 0 0 0 0 0 0 0 0 0 0 0 0 0 0 0 0 0 0 0 0 0 0 0 0 0 0 0 0 0 0 0 0 0 0 0 0 0 0.0001993 0.000540601 0.00135693 0.00319182 0.00691175 0.0139601 0.0262882 0.0463815 0.0769124 0.120391 0.178677 0.252598 0.341887 0.44539 0.561339 0.687298 0.819585 0.952437 1.07794 1.18727 1.27325 1.33298 1.36875 1.38673 1.39374 1.3941 1.38811 1.37307 1.34594 1.3059 1.25548 1.20052 1.1504 1.1183 1.11689 1.14768 1.19391 1.22771 1.22542 1.17807 1.09255 0.985785 0.876086 0.776683 0.6933 0.625298 0.567911 0.514599 0.459497 0.399421 0.334681 0.26845 0.205178 0.148954 0.102429 0.0665194 0.0406809 0.0233355 0.012544 0.00630126 0.0029568 0.00129755 0.000534015 0 0 0 0 0 0 0 0 0 0 0 0 0 0 0 0 0 0 0 0 0 0 0 0 0 0 0 0 0 0 0 0 0 0 0 0 0 0 0 0 0
0 0 0 0 0 0 0 0 0 0 0 0 0 0 0 0 0 0 0 0 0 0 0 0 0 0 0 0 0 0 0 0 0 0 0 0 0 0 0 0 0 0 0 0 0 8.26874e-05 0.000243147 0.000661032 0.00166305 0.00390877 0.00847225 0.0171183 0.0322152 0.0567201 0.093745 0.146018 0.215206 0.301552 0.403731 0.519348 0.645466 0.778925 0.915911 1.05111 1.1773 1.28626 1.37119 1.42957 1.46467 1.48425 1.49685 1.5075 1.51539 1.51484 1.49896 1.46372 1.41024 1.34558 1.28272 1.23951 1.23209 1.26203 1.30971 1.34421 1.34064 1.29071 1.20297 1.09579 0.988022 0.892417 0.813506 0.748977 0.692195 0.63514 0.571536 0.499037 0.419606 0.338122 0.260275 0.19084 0.132832 0.087404 0.0541512 0.0314466 0.0170931 0.00867762 0.00411615 0.00182821 0.000763214 0.000300869 0 0 0 0 0 0 0 0 0 0 0 0 0 0 0 0 0 0 0 0 0 0 0 0 0 0 0 0 0 0 0 0 0 0 0 0 0 0 0 0
0 0 0 0 0 0 0 0 0 0 0 0 0 0 0 0 0 0 0 0 0 0 0 0 0 0 0 0 0 0 0 0 0 0 0 0 0 0 0 0 0 0 0 0 0 9.42088e-05 0.000278053 0.000758907 0.00192561 0.00451167 0.00984087 0.0199593 0.0376837 0.0665036 0.110034 0.171266 0.251726 0.350897 0.466181 0.593627 0.728932 0.868161 1.00756 1.14255 1.2669 1.37321 1.45527 1.51118 1.54519 1.5665 1.58489 1.60566 1.62672 1.63972 1.63426 1.60315 1.54586 1.46997 1.39122 1.33134 1.30989 1.32984 1.3712 1.40236 1.39849 1.35181 1.27105 1.17401 1.07838 0.995668 0.929077 0.874596 0.823441 0.765801 0.694868 0.60941 0.513619 0.414775 0.320347 0.236081 0.165404 0.109655 0.0684472 0.0400505 0.0219321 0.0112234 0.00537348 0.00241433 0.00102247 0.000410035 0 0 0 0 0 0 0 0 0 0 0 0 0 0 0 0 0 0 0 0 0 0 0 0 0 0 0 0 0 0 0 0 0 0 0 0 0 0 0 0
0 0 0 0 0 0 0 0 0 0 0 0 0 0 0 0 0 0 0 0 0 0 0 0 0 0 0 0 0 0 0 0 0 0 0 0 0 0 0 0 0 0 0 0 0 0.000100839 0.000299173 0.000821029 0.00209854 0.00494847 0.0108508 0.0221457 0.0420604 0.0746136 0.123942 0.193338 0.284141 0.394982 0.52179 0.658818 0.80025 0.941418 1.07884 1.20901 1.32699 1.42655 1.50239 1.55349 1.58515 1.60762 1.6314 1.66171 1.69539 1.72198 1.72816 1.70354 1.64518 1.56002 1.46522 1.3854 1.34331 1.34498 1.37272 1.39664 1.39302 1.35421 1.28767 1.20889 1.13327 1.07066 1.023 0.984485 0.943988 0.889671 0.814072 0.717062 0.605346 0.489048 0.377875 0.278823 0.195797 0.130214 0.0815916 0.0479576 0.0264004 0.0136004 0.00656917 0.00298603 0.0012832 0.000523401 0 0 0 0 0 0 0 0 0 0 0 0 0 0 0 0 0 0 0 0 0 0 0 0 0 0 0 0 0 0 0 0 0 0 0 0 0 0 0 0
0 0 0 0 0 0 0 0 0 0 0 0 0 0 0 0 0 0 0 0 0 0 0 0 0 0 0 0 0 0 0 0 0 0 0 0 0 0 0 0 0 0 0 0 0 0.000101796 0.000303885 0.00083966 0.00216561 0.00514685 0.0113589 0.0233885 0.0447606 0.0799546 0.133575 0.209199 0.307986 0.427711 0.562778 0.705591 0.848738 0.986835 1.1168 1.23644 1.34256 1.4305 1.49624 1.53987 1.56757 1.59029 1.61869 1.65781 1.70385 1.74499 1.76548 1.75156 1.69712 1.60729 1.49923 1.39913 1.33264 1.31 1.31829 1.33133 1.32722 1.29798 1.24876 1.19184 1.13988 1.10102 1.07588 1.05687 1.03058 0.983221 0.906668 0.801827 0.677732 0.547272 0.422389 0.311385 0.218618 0.145495 0.0913193 0.0538297 0.0297578 0.0154255 0.00751687 0.00345749 0.00150767 0.000624992 0 0 0 0 0 0 0 0 0 0 0 0 0 0 0 0 0 0 0 0 0 0 0 0 0 0 0 0 0 0 0 0 0 0 0 0 0 0 0 0
0 0 0 0 0 0 0 0 0 0 0 0 0 0 0 0 0 0 0 0 0 0 0 0 0 0 0 0 0 0 0 0 0 0 0 0 0 0 0 0 0 0 0 0 0 9.71195e-05 0.000291994 0.000812787 0.00211821 0.00507781 0.011306 0.0234757 0.0453089 0.0815671 0.137185 0.215958 0.318928 0.44319 0.581871 0.725749 0.865891 0.996138 1.11374 1.2179 1.30739 1.37955 1.432 1.46599 1.48847 1.51066 1.54319 1.5909 1.64974 1.70695 1.74456 1.74544 1.70001 1.6108 1.49391 1.37579 1.28413 1.23397 1.21879 1.2176 1.21073 1.18948 1.15628 1.12009 1.09094 1.07527 1.07234 1.07288 1.0617 1.0237 0.950352 0.843404 0.713615 0.575861 0.443776 0.326616 0.229046 0.152386 0.0957188 0.0565459 0.0313806 0.0163675 0.00804782 0.00374592 0.00165659 0.000696971 0 0 0 0 0 0 0 0 0 0 0 0 0 0 0 0 0 0 0 0 0 0 0 0 0 0 0 0 0 0 0 0 0 0 0 0 0 0 0 0
0 0 0 0 0 0 0 0 0 0 0 0 0 0 0 0 0 0 0 0 0 0 0 0 0 0 0 0 0 0 0 0 0 0 0 0 0 0 0 0 0 0 0 0 0 8.76026e-05 0.000265299 0.000744088 0.00196137 0.0047432 0.0106567 0.0223157 0.0434602 0.0788793 0.133631 0.211628 0.313889 0.437192 0.573923 0.713753 0.84659 0.965488 1.06776 1.15373 1.22409 1.27839 1.31611 1.33971 1.35681 1.3787 1.4159 1.47309 1.54592 1.62058 1.67689 1.69465 1.66116 1.57657 1.45532 1.32304 1.20823 1.13011 1.0893 1.07099 1.05803 1.04086 1.0193 0.999324 0.988598 0.991859 1.00697 1.02354 1.02555 0.997594 0.931326 0.82899 0.702106 0.566336 0.435904 0.320368 0.224418 0.149242 0.0938106 0.0555353 0.0309404 0.0162397 0.00805702 0.00379354 0.00169962 0.000724444 0 0 0 0 0 0 0 0 0 0 0 0 0 0 0 0 0 0 0 0 0 0 0 0 0 0 0 0 0 0 0 0 0 0 0 0 0 0 0 0
0 0 0 0 0 0 0 0 0 0 0 0 0 0 0 0 0 0 0 0 0 0 0 0 0 0 0 0 0 0 0 0 0 0 0 0 0 0 0 0 0 0 0 0 0 7.4564e-05 0.000227389 0.000652433 0.00171424 0.00418161 0.00947861 0.0200278 0.0393415 0.0720045 0.122931 0.196013 0.292364 0.40886 0.537862 0.668714 0.79074 0.896362 0.982664 1.05056 1.10229 1.13942 1.16333 1.17777 1.19093 1.21419 1.25791 1.32645 1.41466 1.50711 1.58138 1.61497 1.59323 1.51475 1.39254 1.25066 1.117 1.0134 0.946936 0.909479 0.886932 0.869186 0.85372 0.843935 0.845308 0.86084 0.887245 0.91377 0.92492 0.906131 0.849777 0.758328 0.642941 0.518641 0.398994 0.293042 0.205184 0.136464 0.0858653 0.0509502 0.0285017 0.0150545 0.00753449 0.00358578 0.00162527 0.00070042 0 0 0 0 0 0 0 0 0 0 0 0 0 0 0 0 0 0 0 0 0 0 0 0 0 0 0 0 0 0 0 0 0 0 0 0 0 0 0 0
0 0 0 0 0 0 0 0 0 0 0 0 0 0 0 0 0 0 0 0 0 0 0 0 0 0 0 0 0 0 0 0 0 0 0 0 0 0 0 0 0 0 0 0 0 0 0.000183247 0.000532112 0.00140953 0.0034676 0.00792944 0.0169059 0.0335009 0.0618609 0.106505 0.171154 0.257085 0.361656 0.477881 0.595643 0.704384 0.796224 0.867841 0.920207 0.956403 0.979566 0.992772 1.00105 1.01311 1.04044 1.09314 1.17483 1.27879 1.38746 1.47643 1.52195 1.50888 1.43559 1.31433 1.16749 1.02118 0.897653 0.808326 0.751336 0.716536 0.694069 0.679577 0.674124 0.681003 0.701535 0.73172 0.761411 0.77679 0.765192 0.720164 0.644048 0.546719 0.441306 0.33962 0.249509 0.17478 0.116341 0.0733015 0.0436197 0.0245041 0.0130234 0.00657166 0.00315787 0.00144569 0.000628722 0 0 0 0 0 0 0 0 0 0 0 0 0 0 0 0 0 0 0 0 0 0 0 0 0 0 0 0 0 0 0 0 0 0 0 0 0 0 0 0
0 0 0 0 0 0 0 0 0 0 0 0 0 0 0 0 0 0 0 0 0 0 0 0 0 0 0 0 0 0 0 0 0 0 0 0 0 0 0 0 0 0 0 0 0 0 0.000138402 0.000407281 0.00108765 0.0026988 0.00622732 0.0134017 0.0268106 0.0499752 0.0868635 0.140876 0.213458 0.302689 0.402772 0.504775 0.598975 0.677626 0.737026 0.777747 0.803042 0.816946 0.823833 0.829829 0.844158 0.87822 0.941548 1.0365 1.15434 1.27538 1.37382 1.42577 1.41685 1.34639 1.22685 1.07937 0.927752 0.792542 0.686492 0.612246 0.564179 0.534088 0.516631 0.51077 0.517611 0.536933 0.564503 0.591561 0.606778 0.599977 0.566122 0.50719 0.431126 0.348428 0.268466 0.197489 0.13853 0.0923597 0.0583144 0.0348036 0.0196347 0.0104973 0.00533685 0.00258622 0.00119395 0 0 0 0 0 0 0 0 0 0 0 0 0 0 0 0 0 0 0 0 0 0 0 0 0 0 0 0 0 0 0 0 0 0 0 0 0 0 0 0 0
0 0 0 0 0 0 0 0 0 0 0 0 0 0 0 0 0 0 0 0 0 0 0 0 0 0 0 0 0 0 0 0 0 0 0 0 0 0 0 0 0 0 0 0 0 0 9.78198e-05 0.000281928 0.000787334 0.00197159 0.00459287 0.00996178 0.0201949 0.0380549 0.0668681 0.109652 0.167947 0.240653 0.323354 0.408756 0.488442 0.555267 0.605293 0.638497 0.657751 0.667377 0.672561 0.680187 0.699703 0.741991 0.81545 0.920839 1.04775 1.17522 1.2771 1.33011 1.32129 1.25156 1.13429 0.990015 0.840259 0.702715 0.588767 0.502748 0.442801 0.403653 0.38043 0.370674 0.37353 0.387436 0.408261 0.428974 0.440998 0.436799 0.412701 0.370199 0.315113 0.255093 0.196935 0.145177 0.102051 0.0681824 0.0431667 0.0258435 0.0146408 0.00787044 0.00402805 0.00196615 0.000913998 0 0 0 0 0 0 0 0 0 0 0 0 0 0 0 0 0 0 0 0 0 0 0 0 0 0 0 0 0 0 0 0 0 0 0 0 0 0 0 0 0
0 0 0 0 0 0 0 0 0 0 0 0 0 0 0 0 0 0 0 0 0 0 0 0 0 0 0 0 0 0 0 0 0 0 0 0 0 0 0 0 0 0 0 0 0 0 0 0.000188112 0.000536566 0.0013575 0.00319746 0.00701721 0.0144012 0.0274845 0.0489323 0.0813018 0.126192 0.183209 0.24931 0.318953 0.385277 0.442007 0.485285 0.514513 0.53198 0.541846 0.549624 0.562445 0.589267 0.639497 0.719744 0.829527 0.958104 1.08487 1.18447 1.23475 1.22411 1.15486 1.04127 0.903634 0.761625 0.62999 0.517355 0.427234 0.359432 0.311529 0.280556 0.264124 0.260282 0.266491 0.278777 0.291692 0.299105 0.295827 0.279345 0.250639 0.213575 0.173208 0.13404 0.0990751 0.0698317 0.0467796 0.0296961 0.0178344 0.0101435 0.00547989 0.00282093 0.00138537 0.000647681 0 0 0 0 0 0 0 0 0 0 0 0 0 0 0 0 0 0 0 0 0 0 0 0 0 0 0 0 0 0 0 0 0 0 0 0 0 0 0 0 0
0 0 0 0 0 0 0 0 0 0 0 0 0 0 0 0 0 0 0 0 0 0 0 0 0 0 0 0 0 0 0 0 0 0 0 0 0 0 0 0 0 0 0 0 0 0 0 0.000118897 0.000347967 0.000890569 0.00212443 0.00472588 0.00983719 0.0190536 0.0344479 0.058131 0.0916628 0.135177 0.186833 0.242695 0.297456 0.345984 0.384772 0.412952 0.4323 0.446627 0.461229 0.482559 0.517751 0.573609 0.654778 0.760712 0.882294 1.00117 1.09397 1.13996 1.12838 1.06196 0.954957 0.82712 0.696781 0.576338 0.471744 0.384533 0.314228 0.259807 0.220329 0.194916 0.182156 0.179427 0.182915 0.188183 0.190845 0.187432 0.176279 0.157879 0.134535 0.109255 0.0847407 0.0627939 0.0443729 0.029807 0.0189695 0.0114251 0.00652109 0.00353822 0.00183048 0.000903556 0 0 0 0 0 0 0 0 0 0 0 0 0 0 0 0 0 0 0 0 0 0 0 0 0 0 0 0 0 0 0 0 0 0 0 0 0 0 0 0 0 0
0 0 0 0 0 0 0 0 0 0 0 0 0 0 0 0 0 0 0 0 0 0 0 0 0 0 0 0 0 0 0 0 0 0 0 0 0 0 0 0 0 0 0 0 0 0 0 0 0.000219635 0.000568808 0.00137487 0.00310133 0.00653223 0.0129106 0.0237256 0.0407334 0.0653412 0.0980583 0.137986 0.182538 0.227973 0.270451 0.307233 0.337584 0.362968 0.38653 0.412339 0.444648 0.487459 0.544618 0.619577 0.713206 0.819789 0.92483 1.00801 1.05021 1.04085 0.981605 0.88517 0.769834 0.652649 0.544733 0.450366 0.369408 0.300412 0.242499 0.195771 0.160786 0.137647 0.125012 0.119831 0.118232 0.11666 0.112573 0.104744 0.0932539 0.0792639 0.0643514 0.0499591 0.0370621 0.0262388 0.0176522 0.0112525 0.00679119 0.00388683 0.00211639 0.00109938 0.000544943 0 0 0 0 0 0 0 0 0 0 0 0 0 0 0 0 0 0 0 0 0 0 0 0 0 0 0 0 0 0 0 0 0 0 0 0 0 0 0 0 0 0
0 0 0 0 0 0 0 0 0 0 0 0 0 0 0 0 0 0 0 0 0 0 0 0 0 0 0 0 0 0 0 0 0 0 0 0 0 0 0 0 0 0 0 0 0 0 0 0 0.000122948 0.000364788 0.000890882 0.00203368 0.00434059 0.0087119 0.0162594 0.0283953 0.0463528 0.0709015 0.101871 0.137886 0.176839 0.216405 0.255005 0.292285 0.329127 0.36703 0.407311 0.450785 0.498193 0.551331 0.613686 0.688596 0.774759 0.862574 0.935458 0.975986 0.972893 0.925363 0.842838 0.740901 0.635351 0.537174 0.45064 0.375034 0.308082 0.248494 0.19658 0.15357 0.120632 0.097966 0.084132 0.0761897 0.0709195 0.0659109 0.0599107 0.0526045 0.0443539 0.0358509 0.0277425 0.0205497 0.0145176 0.00975281 0.00621188 0.00374929 0.00214831 0.00117233 0.000610794 0 0 0 0 0 0 0 0 0 0 0 0 0 0 0 0 0 0 0 0 0 0 0 0 0 0 0 0 0 0 0 0 0 0 0 0 0 0 0 0 0 0 0
0 0 0 0 0 0 0 0 0 0 0 0 0 0 0 0 0 0 0 0 0 0 0 0 0 0 0 0 0 0 0 0 0 0 0 0 0 0 0 0 0 0 0 0 0 0 0 0 0 0.000240708 0.000589913 0.00135432 0.00291056 0.00589925 0.0112013 0.0198992 0.0331213 0.0518551 0.0766446 0.107418 0.143781 0.185095 0.230855 0.280659 0.333852 0.389155 0.444442 0.497158 0.545622 0.590732 0.636937 0.690611 0.755201 0.826164 0.890591 0.932262 0.938442 0.904691 0.836139 0.745153 0.646646 0.552753 0.469343 0.396146 0.330123 0.269049 0.212913 0.163309 0.122171 0.0907146 0.0687872 0.054724 0.0458816 0.0396859 0.0344622 0.0294156 0.0243576 0.019426 0.0148849 0.0109145 0.00763644 0.00507866 0.00321339 0.00193063 0.0011036 0.000601992 0 0 0 0 0 0 0 0 0 0 0 0 0 0 0 0 0 0 0 0 0 0 0 0 0 0 0 0 0 0 0 0 0 0 0 0 0 0 0 0 0 0 0 0
0 0 0 0 0 0 0 0 0 0 0 0 0 0 0 0 0 0 0 0 0 0 0 0 0 0 0 0 0 0 0 0 0 0 0 0 0 0 0 0 0 0 0 0 0 0 0 0 0 0.000101091 0.000397997 0.000912697 0.00199345 0.00405515 0.00779498 0.0141639 0.0242704 0.0394487 0.0610202 0.0903156 0.128534 0.176329 0.233639 0.299247 0.370544 0.443465 0.512778 0.573157 0.621153 0.657478 0.688246 0.723197 0.770183 0.828746 0.888391 0.93307 0.948006 0.925174 0.865886 0.780121 0.682821 0.588121 0.504002 0.430683 0.363982 0.300337 0.239313 0.183041 0.134408 0.0954919 0.0668238 0.0473536 0.0349122 0.0270301 0.0216595 0.017519 0.0139611 0.0108406 0.00809779 0.00579002 0.00394999 0.00257019 0.00158322 0.00093761 0.000530552 0.000287656 0 0 0 0 0 0 0 0 0 0 0 0 0 0 0 0 0 0 0 0 0 0 0 0 0 0 0 0 0 0 0 0 0 0 0 0 0 0 0 0 0 0 0 0
0 0 0 0 0 0 0 0 0 0 0 0 0 0 0 0 0 0 0 0 0 0 0 0 0 0 0 0 0 0 0 0 0 0 0 0 0 0 0 0 0 0 0 0 0 0 0 0 0 0 0.000189498 0.00061044 0.0013713 0.0028243 0.00560184 0.0105372 0.0190231 0.0326725 0.0537313 0.0846447 0.127674 0.184227 0.254273 0.335833 0.424704 0.51449 0.597296 0.665402 0.714042 0.744372 0.764772 0.788354 0.826089 0.879205 0.937378 0.98372 1.002 0.982297 0.924207 0.837099 0.736767 0.639064 0.552999 0.478165 0.408809 0.340336 0.272491 0.208445 0.152235 0.10673 0.0727238 0.0491013 0.033587 0.0236932 0.0172614 0.0128398 0.00956346 0.00698186 0.00493911 0.00335147 0.00217008 0.00134392 0.000795978 0.00043942 0.000242523 0 0 0 0 0 0 0 0 0 0 0 0 0 0 0 0 0 0 0 0 0 0 0 0 0 0 0 0 0 0 0 0 0 0 0 0 0 0 0 0 0 0 0 0 0
0 0 0 0 0 0 0 0 0 0 0 0 0 0 0 0 0 0 0 0 0 0 0 0 0 0 0 0 0 0 0 0 0 0 0 0 0 0 0 0 0 0 0 0 0 0 0 0 0 0 0 0.000312001 0.000966251 0.0020491 0.00429471 0.00861354 0.0165189 0.030073 0.0520693 0.0857581 0.134082 0.199033 0.280788 0.376966 0.482203 0.588154 0.684534 0.761589 0.813805 0.8435 0.861756 0.884358 0.92289 0.976967 1.03427 1.07715 1.08979 1.06318 0.997997 0.904736 0.800196 0.700414 0.613166 0.535938 0.461551 0.385512 0.308821 0.236163 0.172689 0.121657 0.0836286 0.05697 0.0389858 0.0270373 0.0189886 0.0133848 0.00932429 0.00630766 0.0041104 0.00255761 0.00151272 0.000855462 0.00046318 0.000205562 0 0 0 0 0 0 0 0 0 0 0 0 0 0 0 0 0 0 0 0 0 0 0 0 0 0 0 0 0 0 0 0 0 0 0 0 0 0 0 0 0 0 0 0 0 0
0 0 0 0 0 0 0 0 0 0 0 0 0 0 0 0 0 0 0 0 0 0 0 0 0 0 0 0 0 0 0 0 0 0 0 0 0 0 0 0 0 0 0 0 0 0 0 0 0 0 0 0 0.000672009 0.00161221 0.00373752 0.0077462 0.0156382 0.0294351 0.0524935 0.0884672 0.140961 0.212623 0.304103 0.413005 0.533139 0.654482 0.764642 0.852234 0.911669 0.947122 0.972431 1.00442 1.05211 1.11055 1.1645 1.19666 1.19402 1.15141 1.07296 0.971413 0.863916 0.764472 0.677255 0.596817 0.515461 0.430207 0.344193 0.263747 0.194679 0.139929 0.0991745 0.069975 0.0493949 0.0349156 0.0246555 0.0172495 0.0117833 0.00772456 0.00481221 0.00282341 0.00155276 0.000803944 0.000344759 0.000154066 0 0 0 0 0 0 0 0 0 0 0 0 0 0 0 0 0 0 0 0 0 0 0 0 0 0 0 0 0 0 0 0 0 0 0 0 0 0 0 0 0 0 0 0 0 0
0 0 0 0 0 0 0 0 0 0 0 0 0 0 0 0 0 0 0 0 0 0 0 0 0 0 0 0 0 0 0 0 0 0 0 0 0 0 0 0 0 0 0 0 0 0 0 0 0 0 0 0 0.000578338 0.00135087 0.00339151 0.00746775 0.0151239 0.0289484 0.0523172 0.0893434 0.144235 0.220368 0.31915 0.4385 0.571715 0.707356 0.831197 0.93065 1.00061 1.04752 1.08741 1.13603 1.19713 1.25975 1.306 1.32039 1.29482 1.23004 1.13517 1.02551 0.917294 0.820401 0.734046 0.650141 0.561708 0.46826 0.375321 0.290422 0.219121 0.163024 0.120404 0.0882709 0.0640752 0.0460299 0.032728 0.0229102 0.0155882 0.0101414 0.0062367 0.00359107 0.00192532 0.000945419 0.000437227 0.000188862 0 0 0 0 0 0 0 0 0 0 0 0 0 0 0 0 0 0 0 0 0 0 0 0 0 0 0 0 0 0 0 0 0 0 0 0 0 0 0 0 0 0 0 0 0 0
0 0 0 0 0 0 0 0 0 0 0 0 0 0 0 0 0 0 0 0 0 0 0 0 0 0 0 0 0 0 0 0 0 0 0 0 0 0 0 0 0 0 0 0 0 0 0 0 0 0 0 0 0.000485237 0.00120319 0.00314395 0.00698794 0.0142874 0.0275989 0.0503949 0.0870394 0.142307 0.220486 0.323904 0.451042 0.594992 0.743191 0.8799 0.991669 1.07413 1.13583 1.19394 1.26134 1.33531 1.39903 1.43297 1.42466 1.37211 1.28294 1.17173 1.05577 0.949046 0.856171 0.771418 0.685247 0.592407 0.495201 0.401009 0.317427 0.248325 0.193023 0.148505 0.112189 0.0828452 0.0599002 0.0425525 0.0296393 0.020031 0.0129439 0.00788839 0.00449873 0.00238812 0.00117592 0.000536752 0.000227438 8.98222e-05 0 0 0 0 0 0 0 0 0 0 0 0 0 0 0 0 0 0 0 0 0 0 0 0 0 0 0 0 0 0 0 0 0 0 0 0 0 0 0 0 0 0 0 0 0
0 0 0 0 0 0 0 0 0 0 0 0 0 0 0 0 0 0 0 0 0 0 0 0 0 0 0 0 0 0 0 0 0 0 0 0 0 0 0 0 0 0 0 0 0 0 0 0 0 0 0 0 0.000429573 0.00102237 0.00278801 0.00630322 0.0129571 0.0252246 0.0465387 0.0814571 0.135251 0.213096 0.318292 0.45009 0.601627 0.759597 0.90714 1.03017 1.12492 1.20129 1.27634 1.35929 1.44143 1.50152 1.51966 1.48704 1.40789 1.29648 1.1721 1.05299 0.949912 0.862144 0.780361 0.695011 0.603244 0.509708 0.422392 0.347113 0.284446 0.231146 0.183991 0.142008 0.105977 0.0767527 0.0542187 0.0373649 0.0249275 0.0158994 0.0095864 0.00541206 0.00284566 0.00138843 0.000627571 0.000262674 0.000101959 0 0 0 0 0 0 0 0 0 0 0 0 0 0 0 0 0 0 0 0 0 0 0 0 0 0 0 0 0 0 0 0 0 0 0 0 0 0 0 0 0 0 0 0 0
0 0 0 0 0 0 0 0 0 0 0 0 0 0 0 0 0 0 0 0 0 0 0 0 0 0 0 0 0 0 0 0 0 0 0 0 0 0 0 0 0 0 0 0 0 0 0 0 0 0 0 0 0.000353791 0.000992592 0.00237338 0.0054023 0.0111958 0.0220225 0.0411992 0.0733403 0.124104 0.199378 0.303399 0.436188 0.591193 0.754817 0.909551 1.04087 1.14509 1.23235 1.31855 1.40953 1.49249 1.54395 1.54485 1.49009 1.38927 1.26188 1.13034 1.01251 0.915469 0.834243 0.75777 0.677939 0.594498 0.513526 0.441715 0.380943 0.327601 0.276768 0.226377 0.177841 0.134104 0.0974535 0.0685505 0.0466946 0.0306293 0.0191767 0.0113497 0.00630001 0.00326253 0.00157027 0.000701016 0.000289958 0.000111099 3.94633e-05 0 0 0 0 0 0 0 0 0 0 0 0 0 0 0 0 0 0 0 0 0 0 0 0 0 0 0 0 0 0 0 0 0 0 0 0 0 0 0 0 0 0 0 0
0 0 0 0 0 0 0 0 0 0 0 0 0 0 0 0 0 0 0 0 0 0 0 0 0 0 0 0 0 0 0 0 0 0 0 0 0 0 0 0 0 0 0 0 0 0 0 0 0 0 0 0 0.000270683 0.000800683 0.00190819 0.00440642 0.00921742 0.0183978 0.0350624 0.0637424 0.110289 0.181034 0.280892 0.410598 0.564108 0.72805 0.884829 1.01961 1.12822 1.21979 1.30839 1.39762 1.4732 1.51188 1.49652 1.42525 1.31135 1.17734 1.04668 0.935541 0.847507 0.774886 0.706871 0.637882 0.570141 0.509793 0.460077 0.417539 0.37492 0.327071 0.273847 0.219021 0.167444 0.12274 0.0864658 0.058484 0.0378072 0.0232071 0.0134331 0.00729022 0.00369394 0.00174233 0.000763495 0.000310413 0.000117007 4.08621e-05 0 0 0 0 0 0 0 0 0 0 0 0 0 0 0 0 0 0 0 0 0 0 0 0 0 0 0 0 0 0 0 0 0 0 0 0 0 0 0 0 0 0 0 0
0 0 0 0 0 0 0 0 0 0 0 0 0 0 0 0 0 0 0 0 0 0 0 0 0 0 0 0 0 0 0 0 0 0 0 0 0 0 0 0 0 0 0 0 0 0 0 0 0 0 0 0 0.000192244 0.000609274 0.00139943 0.00340273 0.00725685 0.0147754 0.0288218 0.05372 0.0952365 0.159814 0.252696 0.375148 0.521836 0.6801 0.832849 0.965173 1.07186 1.16001 1.2416 1.31942 1.38039 1.40378 1.37524 1.29524 1.17875 1.04875 0.927646 0.828915 0.753135 0.6916 0.6353 0.581836 0.535366 0.500545 0.475678 0.452237 0.420865 0.377118 0.322651 0.262979 0.204413 0.151779 0.107669 0.0727916 0.0466857 0.0282531 0.0160513 0.00852622 0.00422197 0.00194501 0.000832612 0.000330905 0.000122028 4.16951e-05 0 0 0 0 0 0 0 0 0 0 0 0 0 0 0 0 0 0 0 0 0 0 0 0 0 0 0 0 0 0 0 0 0 0 0 0 0 0 0 0 0 0 0 0
0 0 0 0 0 0 0 0 0 0 0 0 0 0 0 0 0 0 0 0 0 0 0 0 0 0 0 0 0 0 0 0 0 0 0 0 0 0 0 0 0 0 0 0 0 0 0 0 0 0 0 0 0 0.000438171 0.00101795 0.00251904 0.00548885 0.0114702 0.0230104 0.044069 0.080078 0.137208 0.220659 0.332054 0.46686 0.613595 0.756235 0.880109 0.978744 1.05666 1.1236 1.18274 1.22437 1.23203 1.19464 1.11415 1.00512 0.888826 0.784797 0.703256 0.642519 0.594217 0.552102 0.516971 0.494032 0.485236 0.483973 0.478284 0.458197 0.42009 0.366681 0.304458 0.240673 0.181197 0.129742 0.0880482 0.0563687 0.0338794 0.019036 0.00996638 0.00485107 0.00219203 0.000918759 0.000357047 0.000128635 4.29533e-05 0 0 0 0 0 0 0 0 0 0 0 0 0 0 0 0 0 0 0 0 0 0 0 0 0 0 0 0 0 0 0 0 0 0 0 0 0 0 0 0 0 0 0 0
0 0 0 0 0 0 0 0 0 0 0 0 0 0 0 0 0 0 0 0 0 0 0 0 0 0 0 0 0 0 0 0 0 0 0 0 0 0 0 0 0 0 0 0 0 0 0 0 0 0 0 0 0 0.000184583 0.000706069 0.00179099 0.00401638 0.0086625 0.0179187 0.0352615 0.0655312 0.114317 0.186469 0.283744 0.40249 0.532725 0.660034 0.77045 0.856413 0.919761 0.968025 1.00534 1.02636 1.01992 0.978382 0.904292 0.810384 0.714551 0.632398 0.570731 0.526407 0.492308 0.465223 0.448581 0.447648 0.461298 0.479426 0.488672 0.479271 0.448087 0.398103 0.336052 0.26964 0.205531 0.148483 0.101283 0.0649314 0.0389499 0.0217792 0.0113194 0.00545709 0.00243733 0.00100771 0.000385545 0.000136497 4.47115e-05 0 0 0 0 0 0 0 0 0 0 0 0 0 0 0 0 0 0 0 0 0 0 0 0 0 0 0 0 0 0 0 0 0 0 0 0 0 0 0 0 0 0 0 0
0 0 0 0 0 0 0 0 0 0 0 0 0 0 0 0 0 0 0 0 0 0 0 0 0 0 0 0 0 0 0 0 0 0 0 0 0 0 0 0 0 0 0 0 0 0 0 0 0 0 0 0 0 0 0.000470082 0.00116132 0.00286296 0.00639104 0.0136202 0.0274545 0.0519799 0.0919821 0.151704 0.232888 0.332728 0.442976 0.551247 0.644844 0.715687 0.763332 0.79315 0.810005 0.812798 0.795629 0.754166 0.691021 0.616286 0.543735 0.484678 0.442803 0.414225 0.39357 0.380361 0.379733 0.396162 0.426019 0.457679 0.477969 0.477715 0.453926 0.409301 0.350236 0.284425 0.218966 0.159364 0.109225 0.0701868 0.0421133 0.023513 0.0121838 0.00584832 0.0025972 0.00106624 0.000404492 0.000141772 4.58975e-05 0 0 0 0 0 0 0 0 0 0 0 0 0 0 0 0 0 0 0 0 0 0 0 0 0 0 0 0 0 0 0 0 0 0 0 0 0 0 0 0 0 0 0 0
0 0 0 0 0 0 0 0 0 0 0 0 0 0 0 0 0 0 0 0 0 0 0 0 0 0 0 0 0 0 0 0 0 0 0 0 0 0 0 0 0 0 0 0 0 0 0 0 0 0 0 0 0 0 0.000302976 0.000782871 0.00198882 0.00460262 0.0100614 0.0206694 0.0396815 0.0709757 0.118038 0.182449 0.262201 0.350829 0.438268 0.513632 0.56908 0.602598 0.617588 0.618947 0.608664 0.585203 0.547066 0.496744 0.441598 0.391316 0.353201 0.328415 0.31298 0.303369 0.301175 0.312179 0.339619 0.378442 0.41723 0.444003 0.450445 0.433586 0.395569 0.342098 0.280397 0.217502 0.159201 0.109538 0.0705512 0.0423736 0.0236561 0.0122465 0.00586842 0.0025998 0.00106394 0.000402022 0.00014022 4.51303e-05 0 0 0 0 0 0 0 0 0 0 0 0 0 0 0 0 0 0 0 0 0 0 0 0 0 0 0 0 0 0 0 0 0 0 0 0 0 0 0 0 0 0 0 0
0 0 0 0 0 0 0 0 0 0 0 0 0 0 0 0 0 0 0 0 0 0 0 0 0 0 0 0 0 0 0 0 0 0 0 0 0 0 0 0 0 0 0 0 0 0 0 0 0 0 0 0 0 0 0.000174547 0.000487563 0.00134045 0.00321469 0.00716322 0.0149163 0.0289217 0.0521237 0.0872288 0.135565 0.195795 0.263169 0.329994 0.387573 0.429005 0.451551 0.456977 0.449453 0.432429 0.407234 0.374497 0.336601 0.298626 0.266792 0.245115 0.232999 0.226899 0.224959 0.229997 0.247509 0.279438 0.320404 0.360324 0.389002 0.39922 0.388144 0.357309 0.311503 0.257095 0.200546 0.147422 0.101738 0.0656544 0.0394743 0.0220466 0.0114118 0.00546545 0.00241899 0.000988672 0.000372953 0.000129802 4.16678e-05 0 0 0 0 0 0 0 0 0 0 0 0 0 0 0 0 0 0 0 0 0 0 0 0 0 0 0 0 0 0 0 0 0 0 0 0 0 0 0 0 0 0 0 0
0 0 0 0 0 0 0 0 0 0 0 0 0 0 0 0 0 0 0 0 0 0 0 0 0 0 0 0 0 0 0 0 0 0 0 0 0 0 0 0 0 0 0 0 0 0 0 0 0 0 0 0 0 0 0 0.000312184 0.000845896 0.00213555 0.00486773 0.010229 0.0199676 0.0361781 0.0608464 0.0950011 0.137835 0.186101 0.234336 0.276106 0.305921 0.321022 0.321985 0.311775 0.293824 0.270687 0.244243 0.216866 0.192058 0.173495 0.162828 0.158508 0.157752 0.160002 0.168479 0.187766 0.218736 0.25647 0.292795 0.319547 0.330821 0.32409 0.300374 0.263447 0.218549 0.171192 0.126245 0.0873254 0.0564392 0.0339662 0.0189799 0.00982611 0.0047056 0.00208213 0.000850574 0.000320637 0.000111482 3.57518e-05 0 0 0 0 0 0 0 0 0 0 0 0 0 0 0 0 0 0 0 0 0 0 0 0 0 0 0 0 0 0 0 0 0 0 0 0 0 0 0 0 0 0 0 0
0 0 0 0 0 0 0 0 0 0 0 0 0 0 0 0 0 0 0 0 0 0 0 0 0 0 0 0 0 0 0 0 0 0 0 0 0 0 0 0 0 0 0 0 0 0 0 0 0 0 0 0 0 0 0 0.000185476 0.000535293 0.00136552 0.00311555 0.00661779 0.012979 0.023614 0.0398727 0.0625287 0.0911483 0.1237 0.156619 0.185553 0.20656 0.2173 0.217604 0.209109 0.194305 0.175665 0.155459 0.136073 0.120128 0.109709 0.105027 0.10426 0.105497 0.109013 0.11781 0.135316 0.161666 0.192826 0.222628 0.244954 0.255265 0.251503 0.234289 0.206414 0.171896 0.13507 0.0998497 0.0691885 0.0447721 0.0269659 0.0150754 0.00780669 0.00373887 0.00165429 0.000675693 0.000254649 8.85105e-05 0 0 0 0 0 0 0 0 0 0 0 0 0 0 0 0 0 0 0 0 0 0 0 0 0 0 0 0 0 0 0 0 0 0 0 0 0 0 0 0 0 0 0 0 0
0 0 0 0 0 0 0 0 0 0 0 0 0 0 0 0 0 0 0 0 0 0 0 0 0 0 0 0 0 0 0 0 0 0 0 0 0 0 0 0 0 0 0 0 0 0 0 0 0 0 0 0 0 0 0 0 0.000290935 0.000787298 0.00188312 0.00400527 0.00790974 0.0144417 0.0244794 0.0385659 0.0565447 0.0772763 0.0986804 0.118108 0.133017 0.14164 0.143368 0.138688 0.12886 0.115612 0.101002 0.087334 0.0767862 0.0705751 0.0682075 0.0680409 0.0689439 0.0716175 0.0785742 0.0921837 0.112177 0.13548 0.157723 0.174593 0.182841 0.180926 0.169197 0.149577 0.124932 0.0984042 0.0728813 0.0505712 0.0327562 0.0197419 0.0110415 0.00571921 0.00273951 0.00121216 0.000495099 0.00018656 6.48421e-05 0 0 0 0 0 0 0 0 0 0 0 0 0 0 0 0 0 0 0 0 0 0 0 0 0 0 0 0 0 0 0 0 0 0 0 0 0 0 0 0 0 0 0 0 0
0 0 0 0 0 0 0 0 0 0 0 0 0 0 0 0 0 0 0 0 0 0 0 0 0 0 0 0 0 0 0 0 0 0 0 0 0 0 0 0 0 0 0 0 0 0 0 0 0 0 0 0 0 0 0 0 0.000165157 0.00044077 0.00106889 0.00227387 0.00449814 0.0082625 0.0140709 0.0223066 0.0329749 0.0455808 0.0590769 0.0720637 0.0830597 0.0907844 0.0943614 0.0934452 0.0883056 0.0799191 0.0699601 0.0605226 0.0534472 0.0494039 0.0475741 0.0466286 0.0460122 0.0466088 0.0504982 0.0593778 0.0728517 0.0886522 0.103797 0.11541 0.121305 0.120431 0.112963 0.100134 0.0838269 0.0661555 0.04907 0.0340866 0.0220966 0.0133246 0.00745509 0.0038625 0.00185039 0.000818806 0.000334454 0.000126027 4.38012e-05 0 0 0 0 0 0 0 0 0 0 0 0 0 0 0 0 0 0 0 0 0 0 0 0 0 0 0 0 0 0 0 0 0 0 0 0 0 0 0 0 0 0 0 0 0
0 0 0 0 0 0 0 0 0 0 0 0 0 0 0 0 0 0 0 0 0 0 0 0 0 0 0 0 0 0 0 0 0 0 0 0 0 0 0 0 0 0 0 0 0 0 0 0 0 0 0 0 0 0 0 0 0 0.000215092 0.000538481 0.00120182 0.00239486 0.00441843 0.00759002 0.0121524 0.0182268 0.0256912 0.0341798 0.0430599 0.0515072 0.0585414 0.0631593 0.0645839 0.0625822 0.0577056 0.0513264 0.045259 0.0409363 0.0385421 0.0370714 0.0354406 0.0333827 0.031746 0.0323 0.0365644 0.0443389 0.0539453 0.0633289 0.0706193 0.074434 0.0740879 0.0696584 0.0618767 0.0519006 0.0410234 0.0304662 0.0211832 0.0137412 0.00829007 0.00463982 0.00240438 0.00115202 0.000509821 0.000208241 7.84763e-05 0 0 0 0 0 0 0 0 0 0 0 0 0 0 0 0 0 0 0 0 0 0 0 0 0 0 0 0 0 0 0 0 0 0 0 0 0 0 0 0 0 0 0 0 0 0
0 0 0 0 0 0 0 0 0 0 0 0 0 0 0 0 0 0 0 0 0 0 0 0 0 0 0 0 0 0 0 0 0 0 0 0 0 0 0 0 0 0 0 0 0 0 0 0 0 0 0 0 0 0 0 0 0 0 0.000243042 0.000572357 0.00119305 0.00222259 0.00386616 0.00630301 0.00970347 0.0141408 0.0195761 0.025784 0.0322527 0.0381935 0.0426684 0.0448525 0.0444205 0.0417637 0.0380237 0.0346606 0.0326298 0.0316982 0.0308221 0.0291433 0.026518 0.0235859 0.0216647 0.0222089 0.0255503 0.0305764 0.0357964 0.0399628 0.0422008 0.0420848 0.0396464 0.0352804 0.0296389 0.0234583 0.0174396 0.0121356 0.00787675 0.0047541 0.00266153 0.0013795 0.000661046 0.00029256 0.000119507 4.50367e-05 0 0 0 0 0 0 0 0 0 0 0 0 0 0 0 0 0 0 0 0 0 0 0 0 0 0 0 0 0 0 0 0 0 0 0 0 0 0 0 0 0 0 0 0 0 0
0 0 0 0 0 0 0 0 0 0 0 0 0 0 0 0 0 0 0 0 0 0 0 0 0 0 0 0 0 0 0 0 0 0 0 0 0 0 0 0 0 0 0 0 0 0 0 0 0 0 0 0 0 0 0 0 0 0 0 0.000240083 0.000537601 0.00106179 0.00188591 0.00317255 0.00509478 0.00776956 0.0112903 0.0155659 0.0202367 0.0247336 0.0282899 0.0302885 0.0304603 0.0291822 0.0273322 0.0259937 0.0256311 0.0257577 0.0254508 0.0240819 0.0216085 0.0184948 0.0155902 0.0139642 0.014327 0.0162878 0.0187856 0.0209092 0.0220944 0.0220619 0.0208155 0.0185535 0.0156078 0.0123674 0.00920294 0.00640849 0.00416174 0.0025128 0.00140711 0.000729461 0.000349583 0.00015473 6.3212e-05 0 0 0 0 0 0 0 0 0 0 0 0 0 0 0 0 0 0 0 0 0 0 0 0 0 0 0 0 0 0 0 0 0 0 0 0 0 0 0 0 0 0 0 0 0 0 0
0 0 0 0 0 0 0 0 0 0 0 0 0 0 0 0 0 0 0 0 0 0 0 0 0 0 0 0 0 0 0 0 0 0 0 0 0 0 0 0 0 0 0 0 0 0 0 0 0 0 0 0 0 0 0 0 0 0 0 0 0.00021435 0.000469121 0.000907095 0.00159698 0.00268503 0.00430482 0.00651841 0.00929768 0.0124006 0.0154352 0.0178949 0.0193637 0.0197241 0.0193006 0.0187215 0.0186852 0.0192942 0.0199719 0.0200158 0.0190197 0.0170081 0.0143397 0.0115579 0.00931048 0.00819478 0.00834515 0.00921147 0.0101327 0.010683 0.0106664 0.0100805 0.008997 0.00757781 0.00601078 0.00447653 0.00311934 0.00202671 0.0012241 0.000685657 0.000355506 0.000170382 7.54236e-05 0 0 0 0 0 0 0 0 0 0 0 0 0 0 0 0 0 0 0 0 0 0 0 0 0 0 0 0 0 0 0 0 0 0 0 0 0 0 0 0 0 0 0 0 0 0 0 0
0 0 0 0 0 0 0 0 0 0 0 0 0 0 0 0 0 0 0 0 0 0 0 0 0 0 0 0 0 0 0 0 0 0 0 0 0 0 0 0 0 0 0 0 0 0 0 0 0 0 0 0 0 0 0 0 0 0 0 0 0 0.000187264 0.000416156 0.0007669 0.00142308 0.00236267 0.0036776 0.00533982 0.00724777 0.00909781 0.010642 0.0116115 0.0119707 0.0119818 0.0121529 0.0127657 0.01372 0.0145395 0.0147246 0.0140549 0.0125694 0.0105424 0.00834722 0.00636359 0.00493921 0.00429142 0.00430262 0.00457184 0.00477428 0.0047644 0.00450135 0.00402236 0.00339161 0.00269286 0.0020071 0.00139944 0.000909653 0.000549603 0.000307919 0.000159659 7.65376e-05 3.38835e-05 0 0 0 0 0 0 0 0 0 0 0 0 0 0 0 0 0 0 0 0 0 0 0 0 0 0 0 0 0 0 0 0 0 0 0 0 0 0 0 0 0 0 0 0 0 0 0 0
0 0 0 0 0 0 0 0 0 0 0 0 0 0 0 0 0 0 0 0 0 0 0 0 0 0 0 0 0 0 0 0 0 0 0 0 0 0 0 0 0 0 0 0 0 0 0 0 0 0 0 0 0 0 0 0 0 0 0 0 0 0 0 0.000325014 0.00069984 0.00118233 0.00198133 0.00290574 0.00394728 0.00499611 0.00584276 0.00646261 0.00677776 0.00699521 0.00745739 0.00824817 0.00916927 0.00987462 0.0100752 0.00963329 0.00862588 0.00722483 0.00568414 0.00423629 0.00306783 0.00231079 0.00198495 0.00194726 0.00198205 0.00196469 0.00185312 0.00165778 0.00139928 0.00111201 0.000829454 0.000578653 0.000376292 0.000227407 0.000127438 6.60929e-05 3.16869e-05 0 0 0 0 0 0 0 0 0 0 0 0 0 0 0 0 0 0 0 0 0 0 0 0 0 0 0 0 0 0 0 0 0 0 0 0 0 0 0 0 0 0 0 0 0 0 0 0 0
0 0 0 0 0 0 0 0 0 0 0 0 0 0 0 0 0 0 0 0 0 0 0 0 0 0 0 0 0 0 0 0 0 0 0 0 0 0 0 0 0 0 0 0 0 0 0 0 0 0 0 0 0 0 0 0 0 0 0 0 0 0 0 0 0 0.000479978 0.000943154 0.00138286 0.00187448 0.00235589 0.00296447 0.00335404 0.0035945 0.00387074 0.00417757 0.00494518 0.00567606 0.00619277 0.0063772 0.00610887 0.00547865 0.0045867 0.00359939 0.00265951 0.00186953 0.00129266 0.000951128 0.000810165 0.000772657 0.000750726 0.000703306 0.00062984 0.000532146 0.000423244 0.000315924 0.000220497 0.000143453 8.67289e-05 4.86056e-05 0 0 0 0 0 0 0 0 0 0 0 0 0 0 0 0 0 0 0 0 0 0 0 0 0 0 0 0 0 0 0 0 0 0 0 0 0 0 0 0 0 0 0 0 0 0 0 0 0 0 0
0 0 0 0 0 0 0 0 0 0 0 0 0 0 0 0 0 0 0 0 0 0 0 0 0 0 0 0 0 0 0 0 0 0 0 0 0 0 0 0 0 0 0 0 0 0 0 0 0 0 0 0 0 0 0 0 0 0 0 0 0 0 0 0 0 0 0 0 0 0.00111223 0.00130783 0.00143331 0.00138716 0.00172376 0.00218529 0.00265652 0.00325879 0.003619 0.00373389 0.00358391 0.0032059 0.00268801 0.00210636 0.00155252 0.00107985 0.000718794 0.000477023 0.000344959 0.000290425 0.000259221 0.000246033 0.000220556 0.000186526 0.000148456 0.000110892 7.7451e-05 5.04089e-05 3.0476e-05 0 0 0 0 0 0 0 0 0 0 0 0 0 0 0 0 0 0 0 0 0 0 0 0 0 0 0 0 0 0 0 0 0 0 0 0 0 0 0 0 0 0 0 0 0 0 0 0 0 0 0 0
0 0 0 0 0 0 0 0 0 0 0 0 0 0 0 0 0 0 0 0 0 0 0 0 0 0 0 0 0 0 0 0 0 0 0 0 0 0 0 0 0 0 0 0 0 0 0 0 0 0 0 0 0 0 0 0 0 0 0 0 0 0 0 0 0 0 0 0 0 0 0 0.00022581 0.000364086 0.000790521 0.00110456 0.00142334 0.00169863 0.0019611 0.00202522 0.00194411 0.0017384 0.00145129 0.00114043 0.000838711 0.000580813 0.000380885 0.000240617 0.000154111 0.000110092 8.34851e-05 7.93231e-05 7.11789e-05 6.02509e-05 4.80034e-05 3.5881e-05 2.50731e-05 0 0 0 0 0 0 0 0 0 0 0 0 0 0 0 0 0 0 0 0 0 0 0 0 0 0 0 0 0 0 0 0 0 0 0 0 0 0 0 0 0 0 0 0 0 0 0 0 0 0 0 0 0 0
0 0 0 0 0 0 0 0 0 0 0 0 0 0 0 0 0 0 0 0 0 0 0 0 0 0 0 0 0 0 0 0 0 0 0 0 0 0 0 0 0 0 0 0 0 0 0 0 0 0 0 0 0 0 0 0 0 0 0 0 0 0 0 0 0 0 0 0 0 0 0 0 0.000190311 0.00028282 0.000387348 0.000718701 0.000853153 0.000933989 0.00101433 0.000975249 0.000871001 0.000726276 0.000566525 0.000418805 0.000289458 0.00018874 0.000116895 7.03186e-05 4.37413e-05 2.47988e-05 2.35792e-05 2.11778e-05 1.79427e-05 1.43062e-05 0 0 0 0 0 0 0 0 0 0 0 0 0 0 0 0 0 0 0 0 0 0 0 0 0 0 0 0 0 0 0 0 0 0 0 0 0 0 0 0 0 0 0 0 0 0 0 0 0 0 0 0 0 0 0 0
0 0 0 0 0 0 0 0 0 0 0 0 0 0 0 0 0 0 0 0 0 0 0 0 0 0 0 0 0 0 0 0 0 0 0 0 0 0 0 0 0 0 0 0 0 0 0 0 0 0 0 0 0 0 0 0 0 0 0 0 0 0 0 0 0 0 0 0 0 0 0 0 0 0.000136257 0.00018662 0.000235561 0.000397352 0.000434503 0.000438181 0.000407528 0.000401996 0.000334828 0.000260924 0.00019051 0.000133026 8.64606e-05 5.29457e-05 3.0563e-05 1.66421e-05 0 0 0 0 0 0 0 0 0 0 0 0 0 0 0 0 0 0 0 0 0 0 0 0 0 0 0 0 0 0 0 0 0 0 0 0 0 0 0 0 0 0 0 0 0 0 0 0 0 0 0 0 0 0 0 0 0 0 0 0 0
0 0 0 0 0 0 0 0 0 0 0 0 0 0 0 0 0 0 0 0 0 0 0 0 0 0 0 0 0 0 0 0 0 0 0 0 0 0 0 0 0 0 0 0 0 0 0 0 0 0 0 0 0 0 0 0 0 0 0 0 0 0 0 0 0 0 0 0 0 0 0 0 0 0 0 0.000104595 0.000121676 0.000130452 0.000128896 0.000174667 0.000149643 0.000118235 0.00011109 8.10052e-05 5.53781e-05 3.54719e-05 2.24703e-05 1.2971e-05 7.06505e-06 0 0 0 0 0 0 0 0 0 0 0 0 0 0 0 0 0 0 0 0 0 0 0 0 0 0 0 0 0 0 0 0 0 0 0 0 0 0 0 0 0 0 0 0 0 0 0 0 0 0 0 0 0 0 0 0 0 0 0 0 0
0 0 0 0 0 0 0 0 0 0 0 0 0 0 0 0 0 0 0 0 0 0 0 0 0 0 0 0 0 0 0 0 0 0 0 0 0 0 0 0 0 0 0 0 0 0 0 0 0 0 0 0 0 0 0 0 0 0 0 0 0 0 0 0 0 0 0 0 0 0 0 0 0 0 0 0 4.97929e-05 5.33841e-05 5.27475e-05 4.80332e-05 4.03111e-05 3.11788e-05 2.22247e-05 1.46004e-05 8.83981e-06 1.23317e-05 7.58413e-06 4.33558e-06 0 0 0 0 0 0 0 0 0 0 0 0 0 0 0 0 0 0 0 0 0 0 0 0 0 0 0 0 0 0 0 0 0 0 0 0 0 0 0 0 0 0 0 0 0 0 0 0 0 0 0 0 0 0 0 0 0 0 0 0 0 0
0 0 0 0 0 0 0 0 0 0 0 0 0 0 0 0 0 0 0 0 0 0 0 0 0 0 0 0 0 0 0 0 0 0 0 0 0 0 0 0 0 0 0 0 0 0 0 0 0 0 0 0 0 0 0 0 0 0 0 0 0 0 0 0 0 0 0 0 0 0 0 0 0 0 0 0 0 0 0 1.81152e-05 1.52032e-05 1.17588e-05 8.38203e-06 5.50647e-06 3.33388e-06 1.86026e-06 9.56618e-07 4.53376e-07 0 0 0 0 0 0 0 0 0 0 0 0 0 0 0 0 0 0 0 0 0 0 0 0 0 0 0 0 0 0 0 0 0 0 0 0 0 0 0 0 0 0 0 0 0 0 0 0 0 0 0 0 0 0 0 0 0 0 0 0 0 0
0 0 0 0 0 0 0 0 0 0 0 0 0 0 0 0 0 0 0 0 0 0 0 0 0 0 0 0 0 0 0 0 0 0 0 0 0 0 0 0 0 0 0 0 0 0 0 0 0 0 0 0 0 0 0 0 0 0 0 0 0 0 0 0 0 0 0 0 0 0 0 0 0 0 0 0 0 0 0 0 0 0 0 0 0 0 0 0 0 0 0 0 0 0 0 0 0 0 0 0 0 0 0 0 0 0 0 0 0 0 0 0 0 0 0 0 0 0 0 0 0 0 0 0 0 0 0 0 0 0 0 0 0 0 0 0 0 0 0 0 0 0 0 0 0 0 0 0 0 0
0 0 0 0 0 0 0 0 0 0 0 0 0 0 0 0 0 0 0 0 0 0 0 0 0 0 0 0 0 0 0 0 0 0 0 0 0 0 0 0 0 0 0 0 0 0 0 0 0 0 0 0 0 0 0 0 0 0 0 0 0 0 0 0 0 0 0 0 0 0 0 0 0 0 0 0 0 0 0 0 0 0 0 0 0 0 0 0 0 0 0 0 0 0 0 0 0 0 0 0 0 0 0 0 0 0 0 0 0 0 0 0 0 0 0 0 0 0 0 0 0 0 0 0 0 0 0 0 0 0 0 0 0 0 0 0 0 0 0 0 0 0 0 0 0 0 0 0 0 0
0 0 0 0 0 0 0 0 0 0 0 0 0 0 0 0 0 0 0 0 0 0 0 0 0 0 0 0 0 0 0 0 0 0 0 0 0 0 0 0 0 0 0 0 0 0 0 0 0 0 0 0 0 0 0 0 0 0 0 0 0 0 0 0 0 0 0 0 0 0 0 0 0 0 0 0 0 0 0 0 0 0 0 0 0 0 0 0 0 0 0 0 0 0 0 0 0 0 0 0 0 0 0 0 0 0 0 0 0 0 0 0 0 0 0 0 0 0 0 0 0 0 0 0 0 0 0 0 0 0 0 0 0 0 0 0 0 0 0 0 0 0 0 0 0 0 0 0 0 0
0 0 0 0 0 0 0 0 0 0 0 0 0 0 0 0 0 0 0 0 0 0 0 0 0 0 0 0 0 0 0 0 0 0 0 0 0 0 0 0 0 0 0 0 0 0 0 0 0 0 0 0 0 0 0 0 0 0 0 0 0 0 0 0 0 0 0 0 0 0 0 0 0 0 0 0 0 0 0 0 0 0 0 0 0 0 0 0 0 0 0 0 0 0 0 0 0 0 0 0 0 0 0 0 0 0 0 0 0 0 0 0 0 0 0 0 0 0 0 0 0 0 0 0 0 0 0 0 0 0 0 0 0 0 0 0 0 0 0 0 0 0 0 0 0 0 0 0 0 0
0 0 0 0 0 0 0 0 0 0 0 0 0 0 0 0 0 0 0 0 0 0 0 0 0 0 0 0 0 0 0 0 0 0 0 0 0 0 0 0 0 0 0 0 0 0 0 0 0 0 0 0 0 0 0 0 0 0 0 0 0 0 0 0 0 0 0 0 0 0 0 0 0 0 0 0 0 0 0 0 0 0 0 0 0 0 0 0 0 0 0 0 0 0 0 0 0 0 0 0 0 0 0 0 0 0 0 0 0 0 0 0 0 0 0 0 0 0 0 0 0 0 0 0 0 0 0 0 0 0 0 0 0 0 0 0 0 0 0 0 0 0 0 0 0 0 0 0 0 0
0 0 0 0 0 0 0 0 0 0 0 0 0 0 0 0 0 0 0 0 0 0 0 0 0 0 0 0 0 0 0 0 0 0 0 0 0 0 0 0 0 0 0 0 0 0 0 0 0 0 0 0 0 0 0 0 0 0 0 0 0 0 0 0 0 0 0 0 0 0 0 0 0 0 0 0 0 0 0 0 0 0 0 0 0 0 0 0 0 0 0 0 0 0 0 0 0 0 0 0 0 0 0 0 0 0 0 0 0 0 0 0 0 0 0 0 0 0 0 0 0 0 0 0 0 0 0 0 0 0 0 0 0 0 0 0 0 0 0 0 0 0 0 0 0 0 0 0 0 0
0 0 0 0 0 0 0 0 0 0 0 0 0 0 0 0 0 0 0 0 0 0 0 0 0 0 0 0 0 0 0 0 0 0 0 0 0 0 0 0 0 0 0 0 0 0 0 0 0 0 0 0 0 0 0 0 0 0 0 0 0 0 0 0 0 0 0 0 0 0 0 0 0 0 0 0 0 0 0 0 0 0 0 0 0 0 0 0 0 0 0 0 0 0 0 0 0 0 0 0 0 0 0 0 0 0 0 0 0 0 0 0 0 0 0 0 0 0 0 0 0 0 0 0 0 0 0 0 0 0 0 0 0 0 0 0 0 0 0 0 0 0 0 0 0 0 0 0 0 0
0 0 0 0 0 0 0 0 0 0 0 0 0 0 0 0 0 0 0 0 0 0 0 0 0 0 0 0 0 0 0 0 0 0 0 0 0 0 0 0 0 0 0 0 0 0 0 0 0 0 0 0 0 0 0 0 0 0 0 0 0 0 0 0 0 0 0 0 0 0 0 0 0 0 0 0 0 0 0 0 0 0 0 0 0 0 0 0 0 0 0 0 0 0 0 0 0 0 0 0 0 0 0 0 0 0 0 0 0 0 0 0 0 0 0 0 0 0 0 0 0 0 0 0 0 0 0 0 0 0 0 0 0 0 0 0 0 0 0 0 0 0 0 0 0 0 0 0 0 0
0 0 0 0 0 0 0 0 0 0 0 0 0 0 0 0 0 0 0 0 0 0 0 0 0 0 0 0 0 0 0 0 0 0 0 0 0 0 0 0 0 0 0 0 0 0 0 0 0 0 0 0 0 0 0 0 0 0 0 0 0 0 0 0 0 0 0 0 0 0 0 0 0 0 0 0 0 0 0 0 0 0 0 0 0 0 0 0 0 0 0 0 0 0 0 0 0 0 0 0 0 0 0 0 0 0 0 0 0 0 0 0 0 0 0 0 0 0 0 0 0 0 0 0 0 0 0 0 0 0 0 0 0 0 0 0 0 0 0 0 0 0 0 0 0 0 0 0 0 0
0 0 0 0 0 0 0 0 0 0 0 0 0 0 0 0 0 0 0 0 0 0 0 0 0 0 0 0 0 0 0 0 0 0 0 0 0 0 0 0 0 0 0 0 0 0 0 0 0 0 0 0 0 0 0 0 0 0 0 0 0 0 0 0 0 0 0 0 0 0 0 0 0 0 0 0 0 0 0 0 0 0 0 0 0 0 0 0 0 0 0 0 0 0 0 0 0 0 0 0 0 0 0 0 0 0 0 0 0 0 0 0 0 0 0 0 0 0 0 0 0 0 0 0 0 0 0 0 0 0 0 0 0 0 0 0 0 0 0 0 0 0 0 0 0 0 0 0 0 0
0 0 0 0 0 0 0 0 0 0 0 0 0 0 0 0 0 0 0 0 0 0 0 0 0 0 0 0 0 0 0 0 0 0 0 0 0 0 0 0 0 0 0 0 0 0 0 0 0 0 0 0 0 0 0 0 0 0 0 0 0 0 0 0 0 0 0 0 0 0 0 0 0 0 0 0 0 0 0 0 0 0 0 0 0 0 0 0 0 0 0 0 0 0 0 0 0 0 0 0 0 0 0 0 0 0 0 0 0 0 0 0 0 0 0 0 0 0 0 0 0 0 0 0 0 0 0 0 0 0 0 0 0 0 0 0 0 0 0 0 0 0 0 0 0 0 0 0 0 0
0 0 0 0 0 0 0 0 0 0 0 0 0 0 0 0 0 0 0 0 0 0 0 0 0 0 0 0 0 0 0 0 0 0 0 0 0 0 0 0 0 0 0 0 0 0 0 0 0 0 0 0 0 0 0 0 0 0 0 0 0 0 0 0 0 0 0 0 0 0 0 0 0 0 0 0 0 0 0 0 0 0 0 0 0 0 0 0 0 0 0 0 0 0 0 0 0 0 0 0 0 0 0 0 0 0 0 0 0 0 0 0 0 0 0 0 0 0 0 0 0 0 0 0 0 0 0 0 0 0 0 0 0 0 0 0 0 0 0 0 0 0 0 0 0 0 0 0 0 0
0 0 0 0 0 0 0 0 0 0 0 0 0 0 0 0 0 0 0 0 0 0 0 0 0 0 0 0 0 0 0 0 0 0 0 0 0 0 0 0 0 0 0 0 0 0 0 0 0 0 0 0 0 0 0 0 0 0 0 0 0 0 0 0 0 0 0 0 0 0 0 0 0 0 0 0 0 0 0 0 0 0 0 0 0 0 0 0 0 0 0 0 0 0 0 0 0 0 0 0 0 0 0 0 0 0 0 0 0 0 0 0 0 0 0 0 0 0 0 0 0 0 0 0 0 0 0 0 0 0 0 0 0 0 0 0 0 0 0 0 0 0 0 0 0 0 0 0 0 0
0 0 0 0 0 0 0 0 0 0 0 0 0 0 0 0 0 0 0 0 0 0 0 0 0 0 0 0 0 0 0 0 0 0 0 0 0 0 0 0 0 0 0 0 0 0 0 0 0 0 0 0 0 0 0 0 0 0 0 0 0 0 0 0 0 0 0 0 0 0 0 0 0 0 0 0 0 0 0 0 0 0 0 0 0 0 0 0 0 0 0 0 0 0 0 0 0 0 0 0 0 0 0 0 0 0 0 0 0 0 0 0 0 0 0 0 0 0 0 0 0 0 0 0 0 0 0 0 0 0 0 0 0 0 0 0 0 0 0 0 0 0 0 0 0 0 0 0 0 0
0 0 0 0 0 0 0 0 0 0 0 0 0 0 0 0 0 0 0 0 0 0 0 0 0 0 0 0 0 0 0 0 0 0 0 0 0 0 0 0 0 0 0 0 0 0 0 0 0 0 0 0 0 0 0 0 0 0 0 0 0 0 0 0 0 0 0 0 0 0 0 0 0 0 0 0 0 0 0 0 0 0 0 0 0 0 0 0 0 0 0 0 0 0 0 0 0 0 0 0 0 0 0 0 0 0 0 0 0 0 0 0 0 0 0 0 0 0 0 0 0 0 0 0 0 0 0 0 0 0 0 0 0 0 0 0 0 0 0 0 0 0 0 0 0 0 0 0 0 0
0 0 0 0 0 0 0 0 0 0 0 0 0 0 0 0 0 0 0 0 0 0 0 0 0 0 0 0 0 0 0 0 0 0 0 0 0 0 0 0 0 0 0 0 0 0 0 0 0 0 0 0 0 0 0 0 0 0 0 0 0 0 0 0 0 0 0 0 0 0 0 0 0 0 0 0 0 0 0 0 0 0 0 0 0 0 0 0 0 0 0 0 0 0 0 0 0 0 0 0 0 0 0 0 0 0 0 0 0 0 0 0 0 0 0 0 0 0 0 0 0 0 0 0 0 0 0 0 0 0 0 0 0 0 0 0 0 0 0 0 0 0 0 0 0 0 0 0 0 0
0 0 0 0 0 0 0 0 0 0 0 0 0 0 0 0 0 0 0 0 0 0 0 0 0 0 0 0 0 0 0 0 0 0 0 0 0 0 0 0 0 0 0 0 0 0 0 0 0 0 0 0 0 0 0 0 0 0 0 0 0 0 0 0 0 0 0 0 0 0 0 0 0 0 0 0 0 0 0 0 0 0 0 0 0 0 0 0 0 0 0 0 0 0 0 0 0 0 0 0 0 0 0 0 0 0 0 0 0 0 0 0 0 0 0 0 0 0 0 0 0 0 0 0 0 0 0 0 0 0 0 0 0 0 0 0 0 0 0 0 0 0 0 0 0 0 0 0 0 0
0 0 0 0 0 0 0 0 0 0 0 0 0 0 0 0 0 0 0 0 0 0 0 0 0 0 0 0 0 0 0 0 0 0 0 0 0 0 0 0 0 0 0 0 0 0 0 0 0 0 0 0 0 0 0 0 0 0 0 0 0 0 0 0 0 0 0 0 0 0 0 0 0 0 0 0 0 0 0 0 0 0 0 0 0 0 0 0 0 0 0 0 0 0 0 0 0 0 0 0 0 0 0 0 0 0 0 0 0 0 0 0 0 0 0 0 0 0 0 0 0 0 0 0 0 0 0 0 0 0 0 0 0 0 0 0 0 0 0 0 0 0 0 0 0 0 0 0 0 0
0 0 0 0 0 0 0 0 0 0 0 0 0 0 0 0 0 0 0 0 0 0 0 0 0 0 0 0 0 0 0 0 0 0 0 0 0 0 0 0 0 0 0 0 0 0 0 0 0 0 0 0 0 0 0 0 0 0 0 0 0 0 0 0 0 0 0 0 0 0 0 0 0 0 0 0 0 0 0 0 0 0 0 0 0 0 0 0 0 0 0 0 0 0 0 0 0 0 0 0 0 0 0 0 0 0 0 0 0 0 0 0 0 0 0 0 0 0 0 0 0 0 0 0 0 0 0 0 0 0 0 0 0 0 0 0 0 0 0 0 0 0 0 0 0 0 0 0 0 0
0 0 0 0 0 0 0 0 0 0 0 0 0 0 0 0 0 0 0 0 0 0 0 0 0 0 0 0 0 0 0 0 0 0 0 0 0 0 0 0 0 0 0 0 0 0 0 0 0 0 0 0 0 0 0 0 0 0 0 0 0 0 0 0 0 0 0 0 0 0 0 0 0 0 0 0 0 0 0 0 0 0 0 0 0 0 0 0 0 0 0 0 0 0 0 0 0 0 0 0 0 0 0 0 0 0 0 0 0 0 0 0 0 0 0 0 0 0 0 0 0 0 0 0 0 0 0 0 0 0 0 0 0 0 0 0 0 0 0 0 0 0 0 0 0 0 0 0 0 0
0 0 0 0 0 0 0 0 0 0 0 0 0 0 0 0 0 0 0 0 0 0 0 0 0 0 0 0 0 0 0 0 0 0 0 0 0 0 0 0 0 0 0 0 0 0 0 0 0 0 0 0 0 0 0 0 0 0 0 0 0 0 0 0 0 0 0 0 0 0 0 0 0 0 0 0 0 0 0 0 0 0 0 0 0 0 0 0 0 0 0 0 0 0 0 0 0 0 0 0 0 0 0 0 0 0 0 0 0 0 0 0 0 0 0 0 0 0 0 0 0 0 0 0 0 0 0 0 0 0 0 0 0 0 0 0 0 0 0 0 0 0 0 0 0 0 0 0 0 0
0 0 0 0 0 0 0 0 0 0 0 0 0 0 0 0 0 0 0 0 0 0 0 0 0 0 0 0 0 0 0 0 0 0 0 0 0 0 0 0 0 0 0 0 0 0 0 0 0 0 0 0 0 0 0 0 0 0 0 0 0 0 0 0 0 0 0 0 0 0 0 0 0 0 0 0 0 0 0 0 0 0 0 0 0 0 0 0 0 0 0 0 0 0 0 0 0 0 0 0 0 0 0 0 0 0 0 0 0 0 0 0 0 0 0 0 0 0 0 0 0 0 0 0 0 0 0 0 0 0 0 0 0 0 0 0 0 0 0 0 0 0 0 0 0 0 0 0 0 0
0 0 0 0 0 0 0 0 0 0 0 0 0 0 0 0 0 0 0 0 0 0 0 0 0 0 0 0 0 0 0 0 0 0 0 0 0 0 0 0 0 0 0 0 0 0 0 0 0 0 0 0 0 0 0 0 0 0 0 0 0 0 0 0 0 0 0 0 0 0 0 0 0 0 0 0 0 0 0 0 0 0 0 0 0 0 0 0 0 0 0 0 0 0 0 0 0 0 0 0 0 0 0 0 0 0 0 0 0 0 0 0 0 0 0 0 0 0 0 0 0 0 0 0 0 0 0 0 0 0 0 0 0 0 0 0 0 0 0 0 0 0 0 0 0 0 0 0 0 0
0 0 0 0 0 0 0 0 0 0 0 0 0 0 0 0 0 0 0 0 0 0 0 0 0 0 0 0 0 0 0 0 0 0 0 0 0 0 0 0 0 0 0 0 0 0 0 0 0 0 0 0 0 0 0 0 0 0 0 0 0 0 0 0 0 0 0 0 0 0 0 0 0 0 0 0 0 0 0 0 0 0 0 0 0 0 0 0 0 0 0 0 0 0 0 0 0 0 0 0 0 0 0 0 0 0 0 0 0 0 0 0 0 0 0 0 0 0 0 0 0 0 0 0 0 0 0 0 0 0 0 0 0 0 0 0 0 0 0 0 0 0 0 0 0 0 0 0 0 0
0 0 0 0 0 0 0 0 0 0 0 0 0 0 0 0 0 0 0 0 0 0 0 0 0 0 0 0 0 0 0 0 0 0 0 0 0 0 0 0 0 0 0 0 0 0 0 0 0 0 0 0 0 0 0 0 0 0 0 0 0 0 0 0 0 0 0 0 0 0 0 0 0 0 0 0 0 0 0 0 0 0 0 0 0 0 0 0 0 0 0 0 0 0 0 0 0 0 0 0 0 0 0 0 0 0 0 0 0 0 0 0 0 0 0 0 0 0 0 0 0 0 0 0 0 0 0 0 0 0 0 0 0 0 0 0 0 0 0 0 0 0 0 0 0 0 0 0 0 0
0 0 0 0 0 0 0 0 0 0 0 0 0 0 0 0 0 0 0 0 0 0 0 0 0 0 0 0 0 0 0 0 0 0 0 0 0 0 0 0 0 0 0 0 0 0 0 0 0 0 0 0 0 0 0 0 0 0 0 0 0 0 0 0 0 0 0 0 0 0 0 0 0 0 0 0 0 0 0 0 0 0 0 0 0 0 0 0 0 0 0 0 0 0 0 0 0 0 0 0 0 0 0 0 0 0 0 0 0 0 0 0 0 0 0 0 0 0 0 0 0 0 0 0 0 0 0 0 0 0 0 0 0 0 0 0 0 0 0 0 0 0 0 0 0 0 0 0 0 0
0 0 0 0 0 0 0 0 0 0 0 0 0 0 0 0 0 0 0 0 0 0 0 0 0 0 0 0 0 0 0 0 0 0 0 0 0 0 0 0 0 0 0 0 0 0 0 0 0 0 0 0 0 0 0 0 0 0 0 0 0 0 0 0 0 0 0 0 0 0 0 0 0 0 0 0 0 0 0 0 0 0 0 0 0 0 0 0 0 0 0 0 0 0 0 0 0 0 0 0 0 0 0 0 0 0 0 0 0 0 0 0 0 0 0 0 0 0 0 0 0 0 0 0 0 0 0 0 0 0 0 0 0 0 0 0 0 0 0 0 0 0 0 0 0 0 0 0 0 0
0 0 0 0 0 0 0 0 0 0 0 0 0 0 0 0 0 0 0 0 0 0 0 0 0 0 0 0 0 0 0 0 0 0 0 0 0 0 0 0 0 0 0 0 0 0 0 0 0 0 0 0 0 0 0 0 0 0 0 0 0 0 0 0 0 0 0 0 0 0 0 0 0 0 0 0 0 0 0 0 0 0 0 0 0 0 0 0 0 0 0 0 0 0 0 0 0 0 0 0 0 0 0 0 0 0 0 0 0 0 0 0 0 0 0 0 0 0 0 0 0 0 0 0 0 0 0 0 0 0 0 0 0 0 0 0 0 0 0 0 0 0 0 0 0 0 0 0 0 0
0 0 0 0 0 0 0 0 0 0 0 0 0 0 0 0 0 0 0 0 0 0 0 0 0 0 0 0 0 0 0 0 0 0 0 0 0 0 0 0 0 0 0 0 0 0 0 0 0 0 0 0 0 0 0 0 0 0 0 0 0 0 0 0 0 0 0 0 0 0 0 0 0 0 0 0 0 0 0 0 0 0 0 0 0 0 0 0 0 0 0 0 0 0 0 0 0 0 0 0 0 0 0 0 0 0 0 0 0 0 0 0 0 0 0 0 0 0 0 0 0 0 0 0 0 0 0 0 0 0 0 0 0 0 0 0 0 0 0 0 0 0 0 0 0 0 0 0 0 0
0 0 0 0 0 0 0 0 0 0 0 0 0 0 0 0 0 0 0 0 0 0 0 0 0 0 0 0 0 0 0 0 0 0 0 0 0 0 0 0 0 0 0 0 0 0 0 0 0 0 0 0 0 0 0 0 0 0 0 0 0 0 0 0 0 0 0 0 0 0 0 0 0 0 0 0 0 0 0 0 0 0 0 0 0 0 0 0 0 0 0 0 0 0 0 0 0 0 0 0 0 0 0 0 0 0 0 0 0 0 0 0 0 0 0 0 0 0 0 0 0 0 0 0 0 0 0 0 0 0 0 0 0 0 0 0 0 0 0 0 0 0 0 0 0 0 0 0 0 0
0 0 0 0 0 0 0 0 0 0 0 0 0 0 0 0 0 0 0 0 0 0 0 0 0 0 0 0 0 0 0 0 0 0 0 0 0 0 0 0 0 0 0 0 0 0 0 0 0 0 0 0 0 0 0 0 0 0 0 0 0 0 0 0 0 0 0 0 0 0 0 0 0 0 0 0 0 0 0 0 0 0 0 0 0 0 0 0 0 0 0 0 0 0 0 0 0 0 0 0 0 0 0 0 0 0 0 0 0 0 0 0 0 0 0 0 0 0 0 0 0 0 0 0 0 0 0 0 0 0 0 0 0 0 0 0 0 0 0 0 0 0 0 0 0 0 0 0 0 0
