0 0 0 0 0 0 0 0 0 0 0 0 0 0 0 0 0 0 0 0 0 0 0 0 0 0 0 0 0 0 0 0 0 0 0 0 0 0 0 0 0 0 0 0 0 0 0 0 0 0 0 0 0 0 0 0 0 0 0 0 0 0 0 0 0 0 0 0 0 0 0 0 0 0 0 0 0 0 0 0 0 0 0 0 0 0 0 0 0 0 0 0 0 0 0 0 0 0 0 0 0 0 0 0 0 0 0 0 0 0 0 0 0 0 0 0 0 0 0 0 0 0 0 0 0 0 0 0 0 0 0 0 0 0 0 0 0 0 0 0 0 0 0 0 0 0 0 0 0 0
0 0 0 0 0 0 0 0 0 0 0 0 0 0 0 0 0 0 0 0 0 0 0 0 0 0 0 0 0 0 0 0 0 0 0 0 0 0 0 0 0 0 0 0 0 0 0 0 0 0 0 0 0 0 0 0 0 0 0 0 0 0 0 0 0 0 0 0 0 0 0 0 0 0 0 0 0 0 0 0 0 0 0 0 0 0 0 0 0 0 0 0 0 0 0 0 0 0 0 0 0 0 0 0 0 0 0 0 0 0 0 0 0 0 0 0 0 0 0 0 0 0 0 0 0 0 0 0 0 0 0 0 0 0 0 0 0 0 0 0 0 0 0 0 0 0 0 0 0 0
0 0 0 0 0 0 0 0 0 0 0 0 0 0 0 0 0 0 0 0 0 0 0 0 0 0 0 0 0 0 0 0 0 0 0 0 0 0 0 0 0 0 0 0 0 0 0 0 0 0 0 0 0 0 0 0 0 0 0 0 0 0 0 0 0 0 0 0 0 0 0 0 0 0 0 0 0 0 0 0 0 0 0 0 0 0 0 0 0 0 0 0 0 0 0 0 0 0 0 0 0 0 0 0 0 0 0 0 0 0 0 0 0 0 0 0 0 0 0 0 0 0 0 0 0 0 0 0 0 0 0 0 0 0 0 0 0 0 0 0 0 0 0 0 0 0 0 0 0 0
0 0 0 0 0 0 0 0 0 0 0 0 0 0 0 0 0 0 0 0 0 0 0 0 0 0 0 0 0 0 0 0 0 0 0 0 0 0 0 0 0 0 0 0 0 0 0 0 0 0 0 0 0 0 0 0 0 0 0 0 0 0 0 0 0 0 0 0 0 0 0 0 0 0 0 0 0 0 0 0 0 0 0 0 0 0 0 0 0 0 0 0 0 0 0 0 0 0 0 0 0 0 0 0 0 0 0 0 0 0 0 0 0 0 0 0 0 0 0 0 0 0 0 0 0 0 0 0 0 0 0 0 0 0 0 0 0 0 0 0 0 0 0 0 0 0 0 0 0 0
0 0 0 0 0 0 0 0 0 0 0 0 0 0 0 0 0 0 0 0 0 0 0 0 0 0 0 0 0 0 0 0 0 0 0 0 0 0 0 0 0 0 0 0 0 0 0 0 0 0 0 0 0 0 0 0 0 0 0 0 0 0 0 0 0 0 0 0 0 0 0 0 0 0 0 0 0 0 0 0 0 0 0 0 0 0 0 0 0 0 0 0 0 0 0 0 0 0 0 0 0 0 0 0 0 0 0 0 0 0 0 0 0 0 0 0 0 0 0 0 0 0 0 0 0 0 0 0 0 0 0 0 0 0 0 0 0 0 0 0 0 0 0 0 0 0 0 0 0 0
0 0 0 0 0 0 0 0 0 0 0 0 0 0 0 0 0 0 0 0 0 0 0 0 0 0 0 0 0 0 0 0 0 0 0 0 0 0 0 0 0 0 0 0 0 0 0 0 0 0 0 0 0 0 0 0 0 0 0 0 0 0 0 0 0 0 0 0 0 0 0 0 0 0 0 0 0 0 0 0 0 0 0 0 0 0 0 0 0 0 0 0 0 0 0 0 0 0 0 0 0 0 0 0 0 0 0 0 0 0 0 0 0 0 0 0 0 0 0 0 0 0 0 0 0 0 0 0 0 0 0 0 0 0 0 0 0 0 0 0 0 0 0 0 0 0 0 0 0 0
0 0 0 0 0 0 0 0 0 0 0 0 0 0 0 0 0 0 0 0 0 0 0 0 0 0 0 0 0 0 0 0 0 0 0 0 0 0 0 0 0 0 0 0 0 0 0 0 0 0 0 0 0 0 0 0 0 0 0 0 0 0 0 0 0 0 0 0 0 0 0 0 0 0 0 0 0 0 0 0 0 0 0 0 0 0 0 0 0 0 0 0 0 0 0 0 0 0 0 0 0 0 0 0 0 0 0 0 0 0 0 0 0 0 0 0 0 0 0 0 0 0 0 0 0 0 0 0 0 0 0 0 0 0 0 0 0 0 0 0 0 0 0 0 0 0 0 0 0 0
0 0 0 0 0 0 0 0 0 0 0 0 0 0 0 0 0 0 0 0 0 0 0 0 0 0 0 0 0 0 0 0 0 0 0 0 0 0 0 0 0 0 0 0 0 0 0 0 0 0 0 0 0 0 0 0 0 0 0 0 0 0 0 0 0 0 0 0 0 0 0 0 0 0 0 0 0 0 0 0 0 0 0 0 0 0 0 0 0 0 0 0 0 0 0 0 0 0 0 0 0 0 0 0 0 0 0 0 0 0 0 0 0 0 0 0 0 0 0 0 0 0 0 0 0 0 0 0 0 0 0 0 0 0 0 0 0 0 0 0 0 0 0 0 0 0 0 0 0 0
0 0 0 0 0 0 0 0 0 0 0 0 0 0 0 0 0 0 0 0 0 0 0 0 0 0 0 0 0 0 0 0 0 0 0 0 0 0 0 0 0 0 0 0 0 0 0 0 0 0 0 0 0 0 0 0 0 0 0 0 0 0 0 0 0 0 0 0 0 0 0 0 0 0 0 0 0 0 0 0 0 0 0 0 0 0 0 0 0 0 0 0 0 0 0 0 0 0 0 0 0 0 0 0 0 0 0 0 0 0 0 0 0 0 0 0 0 0 0 0 0 0 0 0 0 0 0 0 0 0 0 0 0 0 0 0 0 0 0 0 0 0 0 0 0 0 0 0 0 0
0 0 0 0 0 0 0 0 0 0 0 0 0 0 0 0 0 0 0 0 0 0 0 0 0 0 0 0 0 0 0 0 0 0 0 0 0 0 0 0 0 0 0 0 0 0 0 0 0 0 0 0 0 0 0 0 0 0 0 0 0 0 0 0 0 0 0 0 0 0 0 0 0 0 0 0 0 0 0 0 0 0 0 0 0 0 0 0 0 0 0 0 0 0 0 0 0 0 0 0 0 0 0 0 0 0 0 0 0 0 0 0 0 0 0 0 0 0 0 0 0 0 0 0 0 0 0 0 0 0 0 0 0 0 0 0 0 0 0 0 0 0 0 0 0 0 0 0 0 0
0 0 0 0 0 0 0 0 0 0 0 0 0 0 0 0 0 0 0 0 0 0 0 0 0 0 0 0 0 0 0 0 0 0 0 0 0 0 0 0 0 0 0 0 0 0 0 0 0 0 0 0 0 0 0 0 0 0 0 0 0 0 0 0 0 0 0 0 0 0 0 0 0 0 0 0 0 0 0 0 0 0 0 0 0 0 0 0 0 0 0 0 0 0 0 0 0 0 0 0 0 0 0 0 0 0 0 0 0 0 0 0 0 0 0 0 0 0 0 0 0 0 0 0 0 0 0 0 0 0 0 0 0 0 0 0 0 0 0 0 0 0 0 0 0 0 0 0 0 0
0 0 0 0 0 0 0 0 0 0 0 0 0 0 0 0 0 0 0 0 0 0 0 0 0 0 0 0 0 0 0 0 0 0 0 0 0 0 0 0 0 0 0 0 0 0 0 0 0 0 0 0 0 0 0 0 0 0 0 0 0 0 0 0 0 0 0 0 0 0 0 0 0 0 0 0 0 0 0 0 0 0 0 0 0 0 0 0 0 0 0 0 0 0 0 0 0 0 0 0 0 0 0 0 0 0 0 0 0 0 0 0 0 0 0 0 0 0 0 0 0 0 0 0 0 0 0 0 0 0 0 0 0 0 0 0 0 0 0 0 0 0 0 0 0 0 0 0 0 0
0 0 0 0 0 0 0 0 0 0 0 0 0 0 0 0 0 0 0 0 0 0 0 0 0 0 0 0 0 0 0 0 0 0 0 0 0 0 0 0 0 0 0 0 0 0 0 0 0 0 0 0 0 0 0 0 0 0 0 0 0 0 0 0 0 0 0 0 0 0 0 0 0 0 0 0 0 0 0 0 0 0 0 0 0 0 0 0 0 0 0 0 0 0 0 0 0 0 0 0 0 0 0 0 0 0 0 0 0 0 0 0 0 0 0 0 0 0 0 0 0 0 0 0 0 0 0 0 0 0 0 0 0 0 0 0 0 0 0 0 0 0 0 0 0 0 0 0 0 0
0 0 0 0 0 0 0 0 0 0 0 0 0 0 0 0 0 0 0 0 0 0 0 0 0 0 0 0 0 0 0 0 0 0 0 0 0 0 0 0 0 0 0 0 0 0 0 0 0 0 0 0 0 0 0 0 0 0 0 0 0 0 0 0 0 0 0 0 0 0 0 0 0 0 0 0 0 0 0 0 0 0 0 0 0 0 0 0 0 0 0 0 0 0 0 0 0 0 0 0 0 0 0 0 0 0 0 0 0 0 0 0 0 0 0 0 0 0 0 0 0 0 0 0 0 0 0 0 0 0 0 0 0 0 0 0 0 0 0 0 0 0 0 0 0 0 0 0 0 0
0 0 0 0 0 0 0 0 0 0 0 0 0 0 0 0 0 0 0 0 0 0 0 0 0 0 0 0 0 0 0 0 0 0 0 0 0 0 0 0 0 0 0 0 0 0 0 0 0 0 0 0 0 0 0 0 0 0 0 0 0 0 0 0 0 0 0 0 0 0 0 0 0 0 0 0 0 0 0 0 0 0 0 0 0 0 0 0 0 0 0 0 0 0 0 0 0 0 0 0 0 0 0 0 0 0 0 0 0 0 0 0 0 0 0 0 0 0 0 0 0 0 0 0 0 0 0 0 0 0 0 0 0 0 0 0 0 0 0 0 0 0 0 0 0 0 0 0 0 0
0 0 0 0 0 0 0 0 0 0 0 0 0 0 0 0 0 0 0 0 0 0 0 0 0 0 0 0 0 0 0 0 0 0 0 0 0 0 0 0 0 0 0 0 0 0 0 0 0 0 0 0 0 0 0 0 0 0 0 0 0 0 0 0 0 0 0 0 0 0 0 0 0 0 0 0 0 0 0 0 0 0 0 0 0 0 0 0 0 0 0 0 0 0 0 0 0 0 0 0 0 0 0 0 0 0 0 0 0 0 0 0 0 0 0 0 0 0 0 0 0 0 0 0 0 0 0 0 0 0 0 0 0 0 0 0 0 0 0 0 0 0 0 0 0 0 0 0 0 0
0 0 0 0 0 0 0 0 0 0 0 0 0 0 0 0 0 0 0 0 0 0 0 0 0 0 0 0 0 0 0 0 0 0 0 0 0 0 0 0 0 0 0 0 0 0 0 0 0 0 0 0 0 0 0 0 0 0 0 0 0 0 0 0 0 0 0 0 0 0 0 0 0 0 0 0 0 0 0 0 0 0 0 0 0 0 0 0 0 0 0 0 0 0 0 0 0 0 0 0 0 0 0 0 0 0 0 0 0 0 0 0 0 0 0 0 0 0 0 0 0 0 0 0 0 0 0 0 0 0 0 0 0 0 0 0 0 0 0 0 0 0 0 0 0 0 0 0 0 0
0 0 0 0 0 0 0 0 0 0 0 0 0 0 0 0 0 0 0 0 0 0 0 0 0 0 0 0 0 0 0 0 0 0 0 0 0 0 0 0 0 0 0 0 0 0 0 0 0 0 0 0 0 0 0 0 0 0 0 0 0 0 0 0 0 0 0 0 0 0 0 0 0 0 0 0 0 0 0 0 0 0 0 0 0 0 0 0 0 0 0 0 0 0 0 0 0 0 0 0 0 0 0 0 0 0 0 0 0 0 0 0 0 0 0 0 0 0 0 0 0 0 0 0 0 0 0 0 0 0 0 0 0 0 0 0 0 0 0 0 0 0 0 0 0 0 0 0 0 0
0 0 0 0 0 0 0 0 0 0 0 0 0 0 0 0 0 0 0 0 0 0 0 0 0 0 0 0 0 0 0 0 0 0 0 0 0 0 0 0 0 0 0 0 0 0 0 0 0 0 0 0 0 0 0 0 0 0 0 0 0 0 0 0 0 0 0 0 0 0 0 0 0 0 0 0 0 0 0 0 0 0 0 0 0 0 0 0 0 0 0 0 0 0 0 0 0 0 0 0 0 0 0 0 0 0 0 0 0 0 0 0 0 0 0 0 0 0 0 0 0 0 0 0 0 0 0 0 0 0 0 0 0 0 0 0 0 0 0 0 0 0 0 0 0 0 0 0 0 0
0 0 0 0 0 0 0 0 0 0 0 0 0 0 0 0 0 0 0 0 0 0 0 0 0 0 0 0 0 0 0 0 0 0 0 0 0 0 0 0 0 0 0 0 0 0 0 0 0 0 0 0 0 0 0 0 0 0 0 0 0 0 0 0 0 0 0 0 0 0 0 0 0 0 0 0 0 0 0 0 0 0 0 0 0 0 0 0 0 0 0 0 0 0 0 0 0 0 0 0 0 0 0 0 0 0 0 0 0 0 0 0 0 0 0 0 0 0 0 0 0 0 0 0 0 0 0 0 0 0 0 0 0 0 0 0 0 0 0 0 0 0 0 0 0 0 0 0 0 0
0 0 0 0 0 0 0 0 0 0 0 0 0 0 0 0 0 0 0 0 0 0 0 0 0 0 0 0 0 0 0 0 0 0 0 0 0 0 0 0 0 0 0 0 0 0 0 0 0 0 0 0 0 0 0 0 0 0 0 0 0 0 0 0 0 0 0 0 0 0 0 0 0 0 0 0 0 0 0 0 0 0 0 0 0 0 0 0 0 0 0 0 0 0 0 0 0 0 0 0 0 0 0 0 0 0 0 0 0 0 0 0 0 0 0 0 0 0 0 0 0 0 0 0 0 0 0 0 0 0 0 0 0 0 0 0 0 0 0 0 0 0 0 0 0 0 0 0 0 0
0 0 0 0 0 0 0 0 0 0 0 0 0 0 0 0 0 0 0 0 0 0 0 0 0 0 0 0 0 0 0 0 0 0 0 0 0 0 0 0 0 0 0 0 0 0 0 0 0 0 0 0 0 0 0 0 0 0 0 0 0 0 0 0 0 0 0 0 0 0 0 0 0 0 0 0 0 0 0 0 0 0 0 0 0 0 0 0 0 0 0 0 0 0 0 0 0 0 0 0 0 0 0 0 0 0 0 0 0 0 0 0 0 0 0 0 0 0 0 0 0 0 0 0 0 0 0 0 0 0 0 0 0 0 0 0 0 0 0 0 0 0 0 0 0 0 0 0 0 0
0 0 0 0 0 0 0 0 0 0 0 0 0 0 0 0 0 0 0 0 0 0 0 0 0 0 0 0 0 0 0 0 0 0 0 0 0 0 0 0 0 0 0 0 0 0 0 0 0 0 0 0 0 0 0 0 0 0 0 0 0 0 0 0 0 0 0 0 0 0 0 0 0 0 0 0 0 0 0 0 0 0 0 0 0 0 0 0 0 0 0 0 0 0 0 0 0 0 0 0 0 0 0 0 0 0 0 0 0 0 0 0 0 0 0 0 0 0 0 0 0 0 0 0 0 0 0 0 0 0 0 0 0 0 0 0 0 0 0 0 0 0 0 0 0 0 0 0 0 0
0 0 0 0 0 0 0 0 0 0 0 0 0 0 0 0 0 0 0 0 0 0 0 0 0 0 0 0 0 0 0 0 0 0 0 0 0 0 0 0 0 0 0 0 0 0 0 0 0 0 0 0 0 0 0 0 0 0 0 0 0 0 0 0 0 0 0 0 0 0 0 0 0 0 0 0 0 0 0 0 0 0 0 0 0 0 0 0 0 0 0 0 0 0 0 0 0 0 0 0 0 0 0 0 0 0 0 0 0 0 0 0 0 0 0 0 0 0 0 0 0 0 0 0 0 0 0 0 0 0 0 0 0 0 0 0 0 0 0 0 0 0 0 0 0 0 0 0 0 0
0 0 0 0 0 0 0 0 0 0 0 0 0 0 0 0 0 0 0 0 0 0 0 0 0 0 0 0 0 0 0 0 0 0 0 0 0 0 0 0 0 0 0 0 0 0 0 0 0 0 0 0 0 0 0 0 0 0 0 0 0 0 0 0 0 0 0 0 0 0 0 0 0 0 0 0 0 0 0 0 0 0 0 0 0 0 0 0 0 0 0 0 0 0 0 0 0 0 0 0 0 0 0 0 0 0 0 0 0 0 0 0 0 0 0 0 0 0 0 0 0 0 0 0 0 0 0 0 0 0 0 0 0 0 0 0 0 0 0 0 0 0 0 0 0 0 0 0 0 0
0 0 0 0 0 0 0 0 0 0 0 0 0 0 0 0 0 0 0 0 0 0 0 0 0 0 0 0 0 0 0 0 0 0 0 0 0 0 0 0 0 0 0 0 0 0 0 0 0 0 0 0 0 0 0 0 0 0 0 0 0 0 0 0 0 0 0 0 0 0 0 0 0 0 0 0 0 0 0 0 0 0 0 0 0 0 0 0 0 0 0 0 0 0 0 0 0 0 0 0 0 0 0 0 0 0 0 0 0 0 0 0 0 0 0 0 0 0 0 0 0 0 0 0 0 0 0 0 0 0 0 0 0 0 0 0 0 0 0 0 0 0 0 0 0 0 0 0 0 0
0 0 0 0 0 0 0 0 0 0 0 0 0 0 0 0 0 0 0 0 0 0 0 0 0 0 0 0 0 0 0 0 0 0 0 0 0 0 0 0 0 0 0 0 0 0 0 0 0 0 0 0 0 0 0 0 0 0 0 0 0 0 0 0 0 0 0 0 0 0 0 0 0 0 0 0 0 0 0 0 0 0 0 0 0 0 0 0 0 0 0 0 0 0 0 0 0 0 0 0 0 0 0 0 0 0 0 0 0 0 0 0 0 0 0 0 0 0 0 0 0 0 0 0 0 0 0 0 0 0 0 0 0 0 0 0 0 0 0 0 0 0 0 0 0 0 0 0 0 0
0 0 0 0 0 0 0 0 0 0 0 0 0 0 0 0 0 0 0 0 0 0 0 0 0 0 0 0 0 0 0 0 0 0 0 0 0 0 0 0 0 0 0 0 0 0 0 0 0 0 0 0 0 0 0 0 0 0 0 0 0 0 0 0 0 0 0 0 0 0 0 0 0 0 0 0 0 0 0 0 0 0 0 0 0 0 0 0 0 0 0 0 0 0 0 0 0 0 0 0 0 0 0 0 0 0 0 0 0 0 0 0 0 0 0 0 0 0 0 0 0 0 0 0 0 0 0 0 0 0 0 0 0 0 0 0 0 0 0 0 0 0 0 0 0 0 0 0 0 0
0 0 0 0 0 0 0 0 0 0 0 0 0 0 0 0 0 0 0 0 0 0 0 0 0 0 0 0 0 0 0 0 0 0 0 0 0 0 0 0 0 0 0 0 0 0 0 0 0 0 0 0 0 0 0 0 0 0 0 0 0 0 0 0 0 0 0 0 0 0 0 0 0 0 0 0 0 0 0 0 0 0 0 0 0 0 0 0 0 0 0 0 0 0 0 0 0 0 0 0 0 0 0 0 0 0 0 0 0 0 0 0 0 0 0 0 0 0 0 0 0 0 0 0 0 0 0 0 0 0 0 0 0 0 0 0 0 0 0 0 0 0 0 0 0 0 0 0 0 0
0 0 0 0 0 0 0 0 0 0 0 0 0 0 0 0 0 0 0 0 0 0 0 0 0 0 0 0 0 0 0 0 0 0 0 0 0 0 0 0 0 0 0 0 0 0 0 0 0 0 0 0 0 0 0 0 0 0 0 0 0 0 0 0 0 0 0 0 0 0 0 0 0 0 0 0 0 0 0 0 0 0 0 0 0 0 0 0 0 0 0 0 0 0 0 0 0 0 0 0 0 0 0 0 0 0 0 0 0 0 0 0 0 0 0 0 0 0 0 0 0 0 0 0 0 0 0 0 0 0 0 0 0 0 0 0 0 0 0 0 0 0 0 0 0 0 0 0 0 0
0 0 0 0 0 0 0 0 0 0 0 0 0 0 0 0 0 0 0 0 0 0 0 0 0 0 0 0 0 0 0 0 0 0 0 0 0 0 0 0 0 0 0 0 0 0 0 0 0 0 0 0 0 0 0 0 0 0 0 0 0 0 0 0 0 0 0 0 0 0 0 0 0 0 0 0 0 0 0 0 0 0 0 0 0 0 0 0 0 0 0 0 0 0 0 0 0 0 0 0 0 0 0 0 0 0 0 0 0 0 0 0 0 0 0 0 0 0 0 0 0 0 0 0 0 0 0 0 0 0 0 0 0 0 0 0 0 0 0 0 0 0 0 0 0 0 0 0 0 0
0 0 0 0 0 0 0 0 0 0 0 0 0 0 0 0 0 0 0 0 0 0 0 0 0 0 0 0 0 0 0 0 0 0 0 0 0 0 0 0 0 0 0 0 0 0 0 0 0 0 0 0 0 0 0 0 0 0 0 0 0 0 0 0 0 0 0 0 0 0 0 0 0 0 0 0 0 0 0 0 0 0 0 0 0 0 0 0 0 0 0 0 0 0 0 0 0 0 0 0 0 0 0 0 0 0 0 0 0 0 0 0 0 0 0 0 0 0 0 0 0 0 0 0 0 0 0 0 0 0 0 0 0 0 0 0 0 0 0 0 0 0 0 0 0 0 0 0 0 0
0 0 0 0 0 0 0 0 0 0 0 0 0 0 0 0 0 0 0 0 0 0 0 0 0 0 0 0 0 0 0 0 0 0 0 0 0 0 0 0 0 0 0 0 0 0 0 0 0 0 0 0 0 0 0 0 0 0 0 0 0 0 0 0 0 0 0 0 0 0 0 0 0 0 0 0 0 1.9931e-06 1.54586e-06 1.11458e-06 0 0 0 0 0 0 0 0 0 0 0 0 0 0 0 0 0 0 0 0 0 0 0 0 0 0 0 0 0 0 0 0 0 0 0 0 0 0 0 0 0 0 0 0 0 0 0 0 0 0 0 0 0 0 0 0 0 0 0 0 0 0 0 0 0 0 0 0 0 0
0 0 0 0 0 0 0 0 0 0 0 0 0 0 0 0 0 0 0 0 0 0 0 0 0 0 0 0 0 0 0 0 0 0 0 0 0 0 0 0 0 0 0 0 0 0 0 0 0 0 0 0 0 0 0 0 0 0 0 0 0 0 0 0 0 0 0 0 0 0 0 0 0 0 0 6.39256e-06 7.54869e-06 6.67965e-06 3.85032e-06 2.76335e-06 0 0 0 0 0 0 0 0 0 0 0 0 0 0 0 0 0 0 0 0 0 0 0 0 0 0 0 0 0 0 0 0 0 0 0 0 0 0 0 0 0 0 0 0 0 0 0 0 0 0 0 0 0 0 0 0 0 0 0 0 0 0 0 0 0 0 0 0 0 0
0 0 0 0 0 0 0 0 0 0 0 0 0 0 0 0 0 0 0 0 0 0 0 0 0 0 0 0 0 0 0 0 0 0 0 0 0 0 0 0 0 0 0 0 0 0 0 0 0 0 0 0 0 0 0 0 0 0 0 0 0 0 0 0 0 0 0 0 1.50996e-05 1.31122e-05 1.05435e-05 7.86039e-06 0 0 1.7459e-05 2.08655e-05 1.99826e-05 1.80121e-05 1.52811e-05 6.32957e-06 0 0 0 0 0 0 0 0 0 0 0 0 0 0 0 0 0 0 0 0 0 0 0 0 0 0 0 0 0 0 0 0 0 0 0 0 0 0 0 0 0 0 0 0 0 0 0 0 0 0 0 0 0 0 0 0 0 0 0 0 0 0 0 0 0 0 0 0 0 0
0 0 0 0 0 0 0 0 0 0 0 0 0 0 0 0 0 0 0 0 0 0 0 0 0 0 0 0 0 0 0 0 0 0 0 0 0 0 0 0 0 0 0 0 0 0 0 0 0 0 0 0 0 0 0 0 0 0 0 0 1.76029e-05 2.31001e-05 2.79811e-05 3.12872e-05 4.45945e-05 4.79243e-05 4.87768e-05 4.69211e-05 4.25311e-05 3.42721e-05 2.7888e-05 2.10998e-05 3.85621e-05 4.20343e-05 5.09016e-05 5.2606e-05 5.12255e-05 4.68179e-05 4.0322e-05 3.25713e-05 8.85428e-06 0 0 0 0 0 0 0 0 0 0 0 0 0 0 0 0 0 0 0 0 0 0 0 0 0 0 0 0 0 0 0 0 0 0 0 0 0 0 0 0 0 0 0 0 0 0 0 0 0 0 0 0 0 0 0 0 0 0 0 0 0 0 0 0 0 0 0 0 0
0 0 0 0 0 0 0 0 0 0 0 0 0 0 0 0 0 0 0 0 0 0 0 0 0 0 0 0 0 0 0 0 0 0 0 0 0 0 0 0 0 0 0 0 0 0 0 0 0 0 0 0 0 0 0 0 0 1.18712e-05 1.95507e-05 2.99556e-05 4.24935e-05 5.57161e-05 7.84912e-05 9.41483e-05 0.000106836 0.000114999 0.000117476 0.000113723 0.000104055 8.97446e-05 7.27894e-05 8.55425e-05 9.08467e-05 0.000109685 0.000121209 0.000127441 0.00012628 0.000117445 0.000102465 8.24454e-05 6.26653e-05 0 0 0 0 0 0 0 0 0 0 0 0 0 0 0 0 0 0 0 0 0 0 0 0 0 0 0 0 0 0 0 0 0 0 0 0 0 0 0 0 0 0 0 0 0 0 0 0 0 0 0 0 0 0 0 0 0 0 0 0 0 0 0 0 0 0 0 0 0
0 0 0 0 0 0 0 0 0 0 0 0 0 0 0 0 0 0 0 0 0 0 0 0 0 0 0 0 0 0 0 0 0 0 0 0 0 0 0 0 0 0 0 0 0 0 0 0 0 0 0 0 0 0 0 0 1.59546e-05 2.72431e-05 4.43805e-05 6.76305e-05 0.000102013 0.00013812 0.00017564 0.000210731 0.000239612 0.000259022 0.000266499 0.000260712 0.000241931 0.000212327 0.000203433 0.000196796 0.000219191 0.000248778 0.000278129 0.000296566 0.000297741 0.00028018 0.00024425 0.000200449 0.000153679 0.000104043 0 0 0 0 0 0 0 0 0 0 0 0 0 0 0 0 0 0 0 0 0 0 0 0 0 0 0 0 0 0 0 0 0 0 0 0 0 0 0 0 0 0 0 0 0 0 0 0 0 0 0 0 0 0 0 0 0 0 0 0 0 0 0 0 0 0 0 0
0 0 0 0 0 0 0 0 0 0 0 0 0 0 0 0 0 0 0 0 0 0 0 0 0 0 0 0 0 0 0 0 0 0 0 0 0 0 0 0 0 0 0 0 0 0 0 0 0 0 0 0 0 0 1.39527e-05 2.17488e-05 3.55969e-05 5.90223e-05 9.47306e-05 0.000149153 0.000214813 0.000290243 0.000369051 0.000443706 0.000506882 0.000552213 0.000574626 0.000570607 0.000539204 0.000483073 0.000459136 0.0004394 0.000478695 0.00054172 0.000612181 0.000660917 0.000667151 0.000632172 0.000562379 0.000471715 0.000375677 0.000267154 0.000187224 0 0 0 0 0 0 0 0 0 0 0 0 0 0 0 0 0 0 0 0 0 0 0 0 0 0 0 0 0 0 0 0 0 0 0 0 0 0 0 0 0 0 0 0 0 0 0 0 0 0 0 0 0 0 0 0 0 0 0 0 0 0 0 0 0 0 0
0 0 0 0 0 0 0 0 0 0 0 0 0 0 0 0 0 0 0 0 0 0 0 0 0 0 0 0 0 0 0 0 0 0 0 0 0 0 0 0 0 0 0 0 0 0 0 0 0 0 0 0 0 2.2354e-05 3.27404e-05 4.86539e-05 7.57653e-05 0.000121395 0.000196063 0.000297874 0.00042694 0.000575984 0.000733421 0.000885796 0.0010199 0.00112393 0.00118705 0.00119987 0.00115637 0.0010902 0.00100038 0.000974849 0.00104341 0.00116064 0.00129399 0.00138766 0.0014063 0.00133695 0.00119922 0.00101977 0.000830337 0.000657348 0.000513411 0.000303695 0.00025054 0.000204383 0 0 0 0 0 0 0 0 0 0 0 0 0 0 0 0 0 0 0 0 0 0 0 0 0 0 0 0 0 0 0 0 0 0 0 0 0 0 0 0 0 0 0 0 0 0 0 0 0 0 0 0 0 0 0 0 0 0 0 0 0 0 0 0
0 0 0 0 0 0 0 0 0 0 0 0 0 0 0 0 0 0 0 0 0 0 0 0 0 0 0 0 0 0 0 0 0 0 0 0 0 0 0 0 0 0 0 0 0 0 0 0 0 0 0 0 3.34712e-05 5.01666e-05 7.20409e-05 0.00010324 0.000153747 0.000241405 0.000375728 0.000564709 0.000805614 0.00108644 0.00138805 0.0016883 0.00196482 0.00219561 0.00235737 0.00242573 0.00239799 0.0022674 0.00215486 0.00209067 0.00214862 0.00233998 0.002577 0.00275118 0.00279063 0.00267503 0.0024284 0.00209317 0.00175486 0.00144479 0.00117944 0.000954887 0.000658011 0.000520239 0.000392285 0.000274199 0 0 0 0 0 0 0 0 0 0 0 0 0 0 0 0 0 0 0 0 0 0 0 0 0 0 0 0 0 0 0 0 0 0 0 0 0 0 0 0 0 0 0 0 0 0 0 0 0 0 0 0 0 0 0 0 0 0 0 0 0 0
0 0 0 0 0 0 0 0 0 0 0 0 0 0 0 0 0 0 0 0 0 0 0 0 0 0 0 0 0 0 0 0 0 0 0 0 0 0 0 0 0 0 0 0 0 0 0 0 0 0 0 4.37823e-05 6.99274e-05 0.000104251 0.00014776 0.000206286 0.000298947 0.000449636 0.000685277 0.00101915 0.00144853 0.00195554 0.00251166 0.00308263 0.00363144 0.00411659 0.00448829 0.00468952 0.00473382 0.00461113 0.00436256 0.00418376 0.00421258 0.00448483 0.00486077 0.00515361 0.00522979 0.00505094 0.00465824 0.00413847 0.00358988 0.00305313 0.00258764 0.00215386 0.00170007 0.00122294 0.000918882 0.000640338 0.000413464 0 0 0 0 0 0 0 0 0 0 0 0 0 0 0 0 0 0 0 0 0 0 0 0 0 0 0 0 0 0 0 0 0 0 0 0 0 0 0 0 0 0 0 0 0 0 0 0 0 0 0 0 0 0 0 0 0 0 0 0 0
0 0 0 0 0 0 0 0 0 0 0 0 0 0 0 0 0 0 0 0 0 0 0 0 0 0 0 0 0 0 0 0 0 0 0 0 0 0 0 0 0 0 0 0 0 0 0 0 0 0 4.90248e-05 8.45014e-05 0.000134786 0.000200244 0.000281351 0.000387824 0.00054306 0.000793964 0.00118746 0.00174997 0.00248153 0.00335918 0.00434333 0.00538322 0.00641732 0.00736771 0.0081338 0.00868987 0.00886498 0.00868784 0.00830027 0.00794871 0.00790257 0.00823425 0.00876277 0.00919491 0.00932873 0.00909764 0.0085579 0.00782977 0.0070319 0.00622465 0.00538193 0.0045614 0.00371288 0.00285618 0.00198781 0.00138061 0.000888959 0.000530144 0 0 0 0 0 0 0 0 0 0 0 0 0 0 0 0 0 0 0 0 0 0 0 0 0 0 0 0 0 0 0 0 0 0 0 0 0 0 0 0 0 0 0 0 0 0 0 0 0 0 0 0 0 0 0 0 0 0 0 0
0 0 0 0 0 0 0 0 0 0 0 0 0 0 0 0 0 0 0 0 0 0 0 0 0 0 0 0 0 0 0 0 0 0 0 0 0 0 0 0 0 0 0 0 0 0 0 0 0 0 8.72532e-05 0.000150349 0.000239622 0.000355177 0.000496104 0.000674928 0.00092526 0.00132233 0.00194678 0.00284883 0.00403745 0.00548708 0.00714631 0.00894107 0.010769 0.0125069 0.0140007 0.0150481 0.0155055 0.0153739 0.0148629 0.0143491 0.0142191 0.0145899 0.0152429 0.0158132 0.0160321 0.0158015 0.0151776 0.0142806 0.0132109 0.0119972 0.0106095 0.00903843 0.00738142 0.0056975 0.00415478 0.00274935 0.00176475 0.00104972 0.000578081 0 0 0 0 0 0 0 0 0 0 0 0 0 0 0 0 0 0 0 0 0 0 0 0 0 0 0 0 0 0 0 0 0 0 0 0 0 0 0 0 0 0 0 0 0 0 0 0 0 0 0 0 0 0 0 0 0 0 0
0 0 0 0 0 0 0 0 0 0 0 0 0 0 0 0 0 0 0 0 0 0 0 0 0 0 0 0 0 0 0 0 0 0 0 0 0 0 0 0 0 0 0 0 0 0 0 0 0 7.66674e-05 0.000143142 0.000246629 0.000392886 0.000581518 0.00081181 0.00109076 0.00147237 0.00206757 0.00300643 0.00437783 0.00620938 0.00847815 0.0111207 0.0140289 0.0170553 0.0199873 0.0225335 0.0244174 0.0254213 0.0255605 0.0251287 0.0246457 0.0246015 0.0251014 0.0258926 0.02659 0.0269098 0.0267482 0.0261271 0.0251028 0.0236905 0.0218467 0.0195268 0.0167602 0.0136723 0.0105202 0.00764969 0.00519347 0.00323687 0.00191983 0.00105476 0.000536297 0 0 0 0 0 0 0 0 0 0 0 0 0 0 0 0 0 0 0 0 0 0 0 0 0 0 0 0 0 0 0 0 0 0 0 0 0 0 0 0 0 0 0 0 0 0 0 0 0 0 0 0 0 0 0 0 0 0
0 0 0 0 0 0 0 0 0 0 0 0 0 0 0 0 0 0 0 0 0 0 0 0 0 0 0 0 0 0 0 0 0 0 0 0 0 0 0 0 0 0 0 0 0 0 0 0 0 0.000115943 0.000216499 0.000373051 0.000594245 0.000879004 0.00122424 0.00163554 0.00218439 0.00302754 0.00436092 0.00632886 0.00899042 0.0123333 0.0162815 0.020697 0.0253328 0.0298958 0.0339405 0.0370999 0.0391135 0.0400129 0.0402474 0.0404607 0.0411038 0.0421853 0.0433685 0.0442695 0.0446783 0.0445358 0.0438302 0.0425122 0.0404561 0.0375133 0.0336067 0.0288372 0.023518 0.0180798 0.01308 0.00883861 0.00558185 0.00324677 0.0017791 0.000902679 0.000423713 0 0 0 0 0 0 0 0 0 0 0 0 0 0 0 0 0 0 0 0 0 0 0 0 0 0 0 0 0 0 0 0 0 0 0 0 0 0 0 0 0 0 0 0 0 0 0 0 0 0 0 0 0 0 0 0 0
0 0 0 0 0 0 0 0 0 0 0 0 0 0 0 0 0 0 0 0 0 0 0 0 0 0 0 0 0 0 0 0 0 0 0 0 0 0 0 0 0 0 0 0 0 0 0 0 7.98141e-05 0.000161663 0.00030197 0.000520575 0.000829708 0.00123027 0.00170952 0.00227848 0.00302446 0.00415511 0.00594238 0.00860058 0.0122342 0.0168507 0.0223749 0.0286071 0.0352621 0.0418535 0.0478909 0.0529108 0.0566664 0.0593293 0.0615084 0.0638503 0.0666234 0.0695078 0.0719087 0.0733915 0.0738309 0.0732969 0.0718588 0.0694471 0.0658499 0.0608168 0.0542472 0.046334 0.0376095 0.0287905 0.0207546 0.0139865 0.00876847 0.00508854 0.00278043 0.00140747 0.000659461 0.000285759 0 0 0 0 0 0 0 0 0 0 0 0 0 0 0 0 0 0 0 0 0 0 0 0 0 0 0 0 0 0 0 0 0 0 0 0 0 0 0 0 0 0 0 0 0 0 0 0 0 0 0 0 0 0 0 0
0 0 0 0 0 0 0 0 0 0 0 0 0 0 0 0 0 0 0 0 0 0 0 0 0 0 0 0 0 0 0 0 0 0 0 0 0 0 0 0 0 0 0 0 0 0 0 0 0.000102606 0.000207937 0.000388726 0.00067092 0.00107116 0.00159182 0.00221777 0.00296191 0.00392895 0.00537309 0.00764012 0.0110195 0.0156728 0.02164 0.0288686 0.0371086 0.0459992 0.0549932 0.0635503 0.0712313 0.0779475 0.084117 0.0904857 0.0975835 0.10517 0.112262 0.117683 0.12067 0.121061 0.119139 0.115315 0.109833 0.102656 0.0935913 0.0825586 0.0698644 0.0562712 0.0428436 0.0306812 0.0205964 0.012894 0.00749294 0.00404374 0.00204221 0.00095512 0.000413302 0 0 0 0 0 0 0 0 0 0 0 0 0 0 0 0 0 0 0 0 0 0 0 0 0 0 0 0 0 0 0 0 0 0 0 0 0 0 0 0 0 0 0 0 0 0 0 0 0 0 0 0 0 0 0 0
0 0 0 0 0 0 0 0 0 0 0 0 0 0 0 0 0 0 0 0 0 0 0 0 0 0 0 0 0 0 0 0 0 0 0 0 0 0 0 0 0 0 0 0 0 0 0 0 0.00012174 0.000247009 0.000462587 0.000800554 0.00128322 0.0019178 0.00269266 0.00362764 0.00484291 0.00662262 0.00936186 0.0134165 0.0190187 0.0262702 0.0351141 0.0453635 0.0565925 0.068297 0.0799929 0.0914597 0.102969 0.11531 0.129368 0.145278 0.161889 0.177037 0.188441 0.194525 0.194829 0.189904 0.180862 0.168788 0.154373 0.137891 0.119511 0.0996937 0.0793929 0.0599282 0.0426198 0.0284563 0.0177601 0.0103239 0.00551817 0.00278122 0.00129884 0.000561462 0.000224484 0 0 0 0 0 0 0 0 0 0 0 0 0 0 0 0 0 0 0 0 0 0 0 0 0 0 0 0 0 0 0 0 0 0 0 0 0 0 0 0 0 0 0 0 0 0 0 0 0 0 0 0 0 0 0
0 0 0 0 0 0 0 0 0 0 0 0 0 0 0 0 0 0 0 0 0 0 0 0 0 0 0 0 0 0 0 0 0 0 0 0 0 0 0 0 0 0 0 0 0 0 0 6.06198e-05 0.000133571 0.000271712 0.000510826 0.000889138 0.00143737 0.00217423 0.00310252 0.00425799 0.00577044 0.00792131 0.0111086 0.0157363 0.0221001 0.0303819 0.0406283 0.0527131 0.0663113 0.0810413 0.0966852 0.113475 0.132292 0.154463 0.180913 0.211034 0.242239 0.270535 0.291825 0.30315 0.303436 0.293525 0.27556 0.25206 0.225153 0.196275 0.16634 0.136176 0.106873 0.0798046 0.0563392 0.0373838 0.0232406 0.0134835 0.00727957 0.00360731 0.00168377 0.000727813 0.000291072 0 0 0 0 0 0 0 0 0 0 0 0 0 0 0 0 0 0 0 0 0 0 0 0 0 0 0 0 0 0 0 0 0 0 0 0 0 0 0 0 0 0 0 0 0 0 0 0 0 0 0 0 0 0 0
0 0 0 0 0 0 0 0 0 0 0 0 0 0 0 0 0 0 0 0 0 0 0 0 0 0 0 0 0 0 0 0 0 0 0 0 0 0 0 0 0 0 0 0 0 0 0 6.15509e-05 0.000136139 0.000278487 0.000527844 0.000929689 0.00152827 0.00236453 0.00347013 0.00490545 0.00679723 0.00938116 0.0130073 0.0180651 0.0249373 0.0339314 0.0452672 0.0589784 0.0749698 0.0931586 0.113809 0.137877 0.16712 0.203477 0.247721 0.298094 0.349977 0.39688 0.432207 0.451087 0.451563 0.434764 0.404094 0.363955 0.318584 0.271372 0.224697 0.180189 0.139111 0.102657 0.0719058 0.0474933 0.0294486 0.0170605 0.00920685 0.00460984 0.00212362 0.000919313 0.000368279 0 0 0 0 0 0 0 0 0 0 0 0 0 0 0 0 0 0 0 0 0 0 0 0 0 0 0 0 0 0 0 0 0 0 0 0 0 0 0 0 0 0 0 0 0 0 0 0 0 0 0 0 0 0 0
0 0 0 0 0 0 0 0 0 0 0 0 0 0 0 0 0 0 0 0 0 0 0 0 0 0 0 0 0 0 0 0 0 0 0 0 0 0 0 0 0 0 0 0 0 0 0 5.84218e-05 0.000130276 0.000269586 0.000519291 0.000935015 0.00158203 0.00253537 0.00386726 0.00566397 0.00803218 0.0111356 0.0152058 0.0205865 0.0277338 0.0371311 0.0492538 0.0644416 0.0829664 0.105239 0.132231 0.165869 0.208883 0.263721 0.330719 0.40658 0.484222 0.554154 0.606854 0.635228 0.636274 0.611339 0.565129 0.504122 0.435089 0.364048 0.295592 0.232681 0.17694 0.129196 0.0899272 0.0592302 0.0367104 0.0212974 0.0115162 0.00577453 0.00270161 0.00115051 0.000462293 0.000171757 0 0 0 0 0 0 0 0 0 0 0 0 0 0 0 0 0 0 0 0 0 0 0 0 0 0 0 0 0 0 0 0 0 0 0 0 0 0 0 0 0 0 0 0 0 0 0 0 0 0 0 0 0 0
0 0 0 0 0 0 0 0 0 0 0 0 0 0 0 0 0 0 0 0 0 0 0 0 0 0 0 0 0 0 0 0 0 0 0 0 0 0 0 0 0 0 0 0 0 0 0 5.28275e-05 0.000119712 0.000253068 0.0005011 0.000933479 0.00164286 0.00274457 0.00435389 0.00657567 0.00949917 0.0131782 0.0177239 0.0234012 0.0306862 0.0402818 0.053019 0.0696932 0.0911192 0.118408 0.153406 0.199007 0.258691 0.335047 0.427667 0.531572 0.637121 0.731823 0.803262 0.842167 0.844408 0.811351 0.748711 0.664893 0.569319 0.471014 0.37734 0.293075 0.220393 0.159735 0.110787 0.0729282 0.0452681 0.0263312 0.0142932 0.00717757 0.00336812 0.00142609 0.000574987 0.000214298 0 0 0 0 0 0 0 0 0 0 0 0 0 0 0 0 0 0 0 0 0 0 0 0 0 0 0 0 0 0 0 0 0 0 0 0 0 0 0 0 0 0 0 0 0 0 0 0 0 0 0 0 0 0
0 0 0 0 0 0 0 0 0 0 0 0 0 0 0 0 0 0 0 0 0 0 0 0 0 0 0 0 0 0 0 0 0 0 0 0 0 0 0 0 0 0 0 0 0 0 0 4.714e-05 0.000109636 0.000239088 0.000490672 0.000949682 0.00173639 0.00300502 0.00490352 0.00756979 0.0110386 0.0153154 0.0203782 0.0263974 0.0338514 0.0436681 0.0571085 0.0756007 0.100743 0.134503 0.179534 0.23924 0.31716 0.415452 0.532811 0.662793 0.793793 0.910989 0.999729 1.04894 1.05336 1.01388 0.936563 0.831167 0.709504 0.583701 0.464136 0.357676 0.267241 0.192919 0.133633 0.0880636 0.0547612 0.0319391 0.017386 0.00877031 0.00410855 0.00178959 0.000695949 0.000260043 0 0 0 0 0 0 0 0 0 0 0 0 0 0 0 0 0 0 0 0 0 0 0 0 0 0 0 0 0 0 0 0 0 0 0 0 0 0 0 0 0 0 0 0 0 0 0 0 0 0 0 0 0 0
0 0 0 0 0 0 0 0 0 0 0 0 0 0 0 0 0 0 0 0 0 0 0 0 0 0 0 0 0 0 0 0 0 0 0 0 0 0 0 0 0 0 0 0 0 0 0 4.32529e-05 0.000103809 0.000233249 0.000493276 0.000982547 0.00184546 0.00325932 0.00540294 0.00845153 0.0124181 0.0172477 0.0228647 0.0293737 0.0372594 0.0476689 0.0623968 0.0836766 0.114072 0.156375 0.213573 0.288691 0.384306 0.501493 0.638035 0.786814 0.935496 1.06843 1.16997 1.22796 1.23586 1.19336 1.10583 0.983385 0.83967 0.689666 0.546715 0.419807 0.312725 0.225389 0.156081 0.102947 0.0641131 0.0374458 0.0204147 0.0103279 0.00485615 0.00209791 0.000802591 0.000300409 0 0 0 0 0 0 0 0 0 0 0 0 0 0 0 0 0 0 0 0 0 0 0 0 0 0 0 0 0 0 0 0 0 0 0 0 0 0 0 0 0 0 0 0 0 0 0 0 0 0 0 0 0 0
0 0 0 0 0 0 0 0 0 0 0 0 0 0 0 0 0 0 0 0 0 0 0 0 0 0 0 0 0 0 0 0 0 0 0 0 0 0 0 0 0 0 0 0 0 0 0 4.18015e-05 0.000101621 0.000232167 0.000498729 0.00100727 0.00191974 0.00342311 0.00575814 0.00904753 0.0134275 0.0187631 0.0250168 0.0323153 0.041223 0.0531629 0.0705037 0.0963378 0.134147 0.187229 0.258186 0.348649 0.459197 0.58907 0.735263 0.890997 1.04515 1.18334 1.29064 1.35463 1.36736 1.32634 1.23495 1.10256 0.943813 0.775963 0.61495 0.471742 0.351045 0.252822 0.175034 0.115446 0.0719083 0.0420137 0.0228993 0.0115858 0.00544514 0.00237373 0.000868542 0.000325434 0 0 0 0 0 0 0 0 0 0 0 0 0 0 0 0 0 0 0 0 0 0 0 0 0 0 0 0 0 0 0 0 0 0 0 0 0 0 0 0 0 0 0 0 0 0 0 0 0 0 0 0 0 0
0 0 0 0 0 0 0 0 0 0 0 0 0 0 0 0 0 0 0 0 0 0 0 0 0 0 0 0 0 0 0 0 0 0 0 0 0 0 0 0 0 0 0 0 0 0 6.1942e-06 1.26867e-05 0.000100537 0.000229384 0.000493105 0.00101005 0.00192292 0.00344027 0.00592907 0.00941074 0.0140611 0.0199332 0.0270761 0.0357448 0.0467343 0.0617794 0.08373 0.116352 0.163709 0.229105 0.314161 0.41834 0.53938 0.674081 0.818566 0.967498 1.11292 1.24405 1.3486 1.41474 1.43294 1.39767 1.3092 1.17511 1.01004 0.832669 0.660882 0.50726 0.377429 0.271671 0.18793 0.123835 0.0770514 0.0449699 0.0244925 0.0123791 0.00580661 0.00252881 0.000977097 0.000327863 0 0 0 0 0 0 0 0 0 0 0 0 0 0 0 0 0 0 0 0 0 0 0 0 0 0 0 0 0 0 0 0 0 0 0 0 0 0 0 0 0 0 0 0 0 0 0 0 0 0 0 0 0 0
0 0 0 0 0 0 0 0 0 0 0 0 0 0 0 0 0 0 0 0 0 0 0 0 0 0 0 0 0 0 0 0 0 0 0 0 0 0 0 0 0 0 0 0 0 5.03447e-06 1.10934e-05 2.27741e-05 0.00010073 0.000223902 0.000488299 0.000981041 0.00186114 0.00351714 0.00606718 0.00973401 0.0147643 0.0214414 0.0299613 0.0409333 0.0554225 0.0754553 0.10419 0.145672 0.204057 0.282116 0.380035 0.49481 0.621048 0.752833 0.885364 1.01528 1.13915 1.25168 1.3448 1.40814 1.43076 1.4037 1.32361 1.19548 1.03297 0.855084 0.680672 0.52337 0.389649 0.280347 0.193712 0.12744 0.0791612 0.0461301 0.0250846 0.0126743 0.00593652 0.00257669 0.00103715 0.000306024 0 0 0 0 0 0 0 0 0 0 0 0 0 0 0 0 0 0 0 0 0 0 0 0 0 0 0 0 0 0 0 0 0 0 0 0 0 0 0 0 0 0 0 0 0 0 0 0 0 0 0 0 0 0
0 0 0 0 0 0 0 0 0 0 0 0 0 0 0 0 0 0 0 0 0 0 0 0 0 0 0 0 0 0 0 0 0 0 0 0 0 0 0 0 0 0 0 0 3.60802e-06 8.55375e-06 1.88428e-05 3.86559e-05 0.00010875 0.000226734 0.000491618 0.000963462 0.00221038 0.00398627 0.00671768 0.0108195 0.0166543 0.0245948 0.0352493 0.0495317 0.0688875 0.0955857 0.132979 0.184924 0.255053 0.345079 0.453407 0.574621 0.700604 0.82311 0.936645 1.03974 1.13366 1.21909 1.2931 1.34768 1.37114 1.35176 1.28276 1.16626 1.01401 0.844037 0.674931 0.520644 0.388295 0.279455 0.192945 0.126767 0.0786524 0.0457761 0.0248576 0.0125533 0.00587373 0.00255795 0.00102209 0.000264476 0 0 0 0 0 0 0 0 0 0 0 0 0 0 0 0 0 0 0 0 0 0 0 0 0 0 0 0 0 0 0 0 0 0 0 0 0 0 0 0 0 0 0 0 0 0 0 0 0 0 0 0 0 0
0 0 0 0 0 0 0 0 0 0 0 0 0 0 0 0 0 0 0 0 0 0 0 0 0 0 0 0 0 0 0 0 0 0 0 0 0 0 0 0 0 0 0 2.26202e-06 5.76999e-06 1.36544e-05 3.00267e-05 6.14936e-05 0.000117576 0.000283695 0.000547002 0.0016185 0.00293879 0.00520084 0.00864173 0.0138024 0.0210733 0.0310556 0.0446507 0.0630638 0.0881929 0.122781 0.170118 0.233681 0.315911 0.416785 0.532636 0.655952 0.776774 0.885642 0.976928 1.05073 1.11185 1.16599 1.21504 1.25416 1.27241 1.25692 1.19854 1.09664 0.9602 0.804947 0.647928 0.502517 0.376151 0.271223 0.187359 0.123078 0.0763447 0.0444367 0.0241702 0.012231 0.00572271 0.00249037 0.00100746 0.000318316 0 0 0 0 0 0 0 0 0 0 0 0 0 0 0 0 0 0 0 0 0 0 0 0 0 0 0 0 0 0 0 0 0 0 0 0 0 0 0 0 0 0 0 0 0 0 0 0 0 0 0 0 0 0
0 0 0 0 0 0 0 0 0 0 0 0 0 0 0 0 0 0 0 0 0 0 0 0 0 0 0 0 0 0 0 0 0 0 0 0 0 0 0 0 0 0 0 3.42896e-06 8.69801e-06 2.04964e-05 4.49233e-05 9.1755e-05 0.000175054 0.000367766 0.00127425 0.00241169 0.00434318 0.00755232 0.0123791 0.0194603 0.0292138 0.0422813 0.0596291 0.0828751 0.11446 0.157488 0.215498 0.29128 0.385686 0.496407 0.617432 0.739483 0.851786 0.944915 1.01394 1.06017 1.09029 1.11281 1.13321 1.15033 1.15597 1.13827 1.08736 1.00021 0.882491 0.74645 0.606374 0.474189 0.357249 0.258718 0.179194 0.117919 0.0732617 0.042733 0.0233092 0.0118655 0.00561273 0.00241354 0.00098241 0.000288789 0 0 0 0 0 0 0 0 0 0 0 0 0 0 0 0 0 0 0 0 0 0 0 0 0 0 0 0 0 0 0 0 0 0 0 0 0 0 0 0 0 0 0 0 0 0 0 0 0 0 0 0 0 0
0 0 0 0 0 0 0 0 0 0 0 0 0 0 0 0 0 0 0 0 0 0 0 0 0 0 0 0 0 0 0 0 0 0 0 0 0 0 0 0 0 0 1.86449e-06 5.01065e-06 1.25516e-05 2.9302e-05 6.37743e-05 0.000129578 0.00024626 0.000956412 0.00190567 0.00360304 0.00647735 0.0111585 0.0181768 0.0282342 0.0417362 0.0592674 0.0817464 0.110914 0.149475 0.201212 0.269843 0.357615 0.463718 0.583432 0.708322 0.827579 0.9303 1.00805 1.05717 1.0798 1.08302 1.07601 1.0663 1.05639 1.04241 1.01584 0.967677 0.893179 0.794382 0.679267 0.558502 0.441858 0.336199 0.245331 0.170879 0.11296 0.0704862 0.0413393 0.0227037 0.0116623 0.00558955 0.00249906 0.000970092 0.00031975 0 0 0 0 0 0 0 0 0 0 0 0 0 0 0 0 0 0 0 0 0 0 0 0 0 0 0 0 0 0 0 0 0 0 0 0 0 0 0 0 0 0 0 0 0 0 0 0 0 0 0 0 0 0
0 0 0 0 0 0 0 0 0 0 0 0 0 0 0 0 0 0 0 0 0 0 0 0 0 0 0 0 0 0 0 0 0 0 0 0 0 0 0 0 0 0 2.79422e-06 7.29533e-06 1.78509e-05 4.0903e-05 8.7752e-05 0.000176354 0.000670824 0.00139541 0.00277033 0.00523288 0.00939757 0.0161004 0.0261787 0.0403541 0.0591982 0.0830844 0.112743 0.149573 0.196392 0.257124 0.33571 0.434127 0.550427 0.677941 0.806107 0.922838 1.01732 1.08229 1.11536 1.11908 1.09992 1.06655 1.0274 0.988205 0.950101 0.909243 0.858902 0.793352 0.711114 0.615662 0.513684 0.412488 0.31813 0.23486 0.165217 0.110242 0.0694643 0.0411924 0.0229494 0.0119959 0.00587721 0.00269746 0.0011594 0.000359723 7.47105e-05 0 0 0 0 0 0 0 0 0 0 0 0 0 0 0 0 0 0 0 0 0 0 0 0 0 0 0 0 0 0 0 0 0 0 0 0 0 0 0 0 0 0 0 0 0 0 0 0 0 0 0 0 0
0 0 0 0 0 0 0 0 0 0 0 0 0 0 0 0 0 0 0 0 0 0 0 0 0 0 0 0 0 0 0 0 0 0 0 0 0 0 0 0 0 0 4.31959e-06 1.08868e-05 2.5785e-05 5.74231e-05 0.000120273 0.000237009 0.000965118 0.00199444 0.00393285 0.00739246 0.01322 0.0225711 0.0365139 0.0561197 0.0819836 0.114496 0.153929 0.201275 0.258694 0.32955 0.417504 0.524477 0.648338 0.78162 0.912553 1.0281 1.11737 1.1738 1.19559 1.18504 1.14767 1.09144 1.02543 0.958099 0.895074 0.837257 0.78079 0.719631 0.649321 0.569254 0.48249 0.394027 0.309048 0.231962 0.165936 0.112713 0.0724686 0.0440037 0.0251904 0.0136 0.0069235 0.00331416 0.00148671 0.000624461 0.000169302 0 0 0 0 0 0 0 0 0 0 0 0 0 0 0 0 0 0 0 0 0 0 0 0 0 0 0 0 0 0 0 0 0 0 0 0 0 0 0 0 0 0 0 0 0 0 0 0 0 0 0 0 0
0 0 0 0 0 0 0 0 0 0 0 0 0 0 0 0 0 0 0 0 0 0 0 0 0 0 0 0 0 0 0 0 0 0 0 0 0 0 0 0 0 2.5947e-06 6.77797e-06 1.65728e-05 3.80276e-05 8.20708e-05 0.000166888 0.000651938 0.00139246 0.00283528 0.00551648 0.0102441 0.0181379 0.0307079 0.0493977 0.0755761 0.110132 0.153507 0.205686 0.266996 0.33844 0.421892 0.519781 0.633743 0.762302 0.898811 1.03179 1.14794 1.23602 1.28913 1.30489 1.28455 1.23263 1.15681 1.06736 0.9753 0.889796 0.815405 0.750612 0.689293 0.624753 0.553395 0.475735 0.39515 0.316063 0.242643 0.178189 0.124755 0.0830398 0.0524467 0.031375 0.017747 0.00949866 0.00480138 0.00227494 0.00101715 0.000434097 6.66805e-05 0 0 0 0 0 0 0 0 0 0 0 0 0 0 0 0 0 0 0 0 0 0 0 0 0 0 0 0 0 0 0 0 0 0 0 0 0 0 0 0 0 0 0 0 0 0 0 0 0 0 0 0
0 0 0 0 0 0 0 0 0 0 0 0 0 0 0 0 0 0 0 0 0 0 0 0 0 0 0 0 0 0 0 0 0 0 0 0 0 0 0 0 0 4.05008e-06 1.04023e-05 2.49192e-05 5.58377e-05 0.000117387 0.00023221 0.000964002 0.00201529 0.00402124 0.00767193 0.0139882 0.024433 0.0407458 0.0648167 0.0984768 0.143022 0.19901 0.266463 0.345023 0.434236 0.533802 0.64393 0.765241 0.897178 1.03533 1.17026 1.28943 1.38108 1.43679 1.45211 1.42623 1.3625 1.26906 1.15825 1.04412 0.938883 0.849462 0.77546 0.710294 0.645696 0.576329 0.501476 0.423722 0.346811 0.274224 0.208731 0.152307 0.106112 0.0703256 0.044191 0.0262601 0.0147092 0.00776385 0.00383193 0.00179538 0.000788597 0.000317841 0 0 0 0 0 0 0 0 0 0 0 0 0 0 0 0 0 0 0 0 0 0 0 0 0 0 0 0 0 0 0 0 0 0 0 0 0 0 0 0 0 0 0 0 0 0 0 0 0 0 0 0
0 0 0 0 0 0 0 0 0 0 0 0 0 0 0 0 0 0 0 0 0 0 0 0 0 0 0 0 0 0 0 0 0 0 0 0 0 0 0 0 0 5.96565e-06 1.5167e-05 3.58662e-05 7.90937e-05 0.000163146 0.000315797 0.00140459 0.00287822 0.00562357 0.0104971 0.0187802 0.0320828 0.0525569 0.0824189 0.123923 0.178894 0.248304 0.332359 0.430256 0.540128 0.659242 0.785066 0.916471 1.05344 1.19436 1.33314 1.45914 1.5601 1.62501 1.64569 1.61803 1.54382 1.43223 1.29879 1.16155 1.03612 0.931347 0.847119 0.775953 0.708237 0.637567 0.562577 0.485318 0.40866 0.33488 0.265676 0.202733 0.147823 0.102398 0.0670572 0.0413724 0.0239664 0.013025 0.00662175 0.00317271 0.00142626 0.00059311 0 0 0 0 0 0 0 0 0 0 0 0 0 0 0 0 0 0 0 0 0 0 0 0 0 0 0 0 0 0 0 0 0 0 0 0 0 0 0 0 0 0 0 0 0 0 0 0 0 0 0 0
0 0 0 0 0 0 0 0 0 0 0 0 0 0 0 0 0 0 0 0 0 0 0 0 0 0 0 0 0 0 0 0 0 0 0 0 0 0 0 0 0 8.18937e-06 2.06852e-05 4.85028e-05 0.000105807 0.000215324 0.00100416 0.00202516 0.00400968 0.0076404 0.0139401 0.0244114 0.0408653 0.0655986 0.101176 0.150209 0.215021 0.297189 0.397344 0.514584 0.645953 0.786607 0.931329 1.07694 1.22338 1.37146 1.51879 1.65728 1.77431 1.85543 1.88727 1.86097 1.7762 1.64357 1.4829 1.31763 1.16785 1.04485 0.948931 0.871633 0.80185 0.731776 0.658911 0.584133 0.508764 0.433247 0.357881 0.284136 0.214962 0.153893 0.103719 0.0655776 0.0388173 0.0214844 0.0111076 0.0054017 0.00247289 0.00106315 0.00041867 0 0 0 0 0 0 0 0 0 0 0 0 0 0 0 0 0 0 0 0 0 0 0 0 0 0 0 0 0 0 0 0 0 0 0 0 0 0 0 0 0 0 0 0 0 0 0 0 0 0 0
0 0 0 0 0 0 0 0 0 0 0 0 0 0 0 0 0 0 0 0 0 0 0 0 0 0 0 0 0 0 0 0 0 0 0 0 0 0 0 0 0 1.04234e-05 2.62058e-05 0.000324543 0.000497836 0.000723607 0.00152932 0.00283478 0.00535991 0.00993048 0.0177777 0.0304489 0.0499414 0.0786793 0.119373 0.174882 0.247898 0.340675 0.45441 0.588447 0.739367 0.900977 1.06609 1.22969 1.39115 1.5528 1.7153 1.87307 2.01315 2.11714 2.16539 2.14319 2.04752 1.89057 1.69745 1.49831 1.31912 1.17474 1.06656 0.985359 0.918178 0.854888 0.790618 0.723809 0.653152 0.576541 0.492656 0.403131 0.312998 0.229 0.157154 0.100881 0.0604905 0.0338565 0.0177151 0.00871863 0.00402976 0.00178274 0.000746162 0.000101925 0 0 0 0 0 0 0 0 0 0 0 0 0 0 0 0 0 0 0 0 0 0 0 0 0 0 0 0 0 0 0 0 0 0 0 0 0 0 0 0 0 0 0 0 0 0 0 0 0 0
0 0 0 0 0 0 0 0 0 0 0 0 0 0 0 0 0 0 0 0 0 0 0 0 0 0 0 0 0 0 0 0 0 0 0 0 0 0 0 0 0 0.000255109 0.000445088 0.00072018 0.00108369 0.00152369 0.00249317 0.0040269 0.00697288 0.0123327 0.0214997 0.0360945 0.0581564 0.0901444 0.134805 0.195114 0.273998 0.374136 0.497276 0.643272 0.808976 0.987961 1.1722 1.35553 1.53648 1.7178 1.90192 2.08505 2.25373 2.38547 2.45407 2.43855 2.33285 2.1508 1.92313 1.68755 1.47682 1.31037 1.19148 1.11055 1.05245 1.00381 0.956121 0.904051 0.842481 0.765937 0.671309 0.560928 0.442912 0.328487 0.227958 0.147723 0.0893337 0.0504735 0.0266857 0.0132741 0.00625271 0.00282863 0.00123946 0.000520569 0.000130879 6.96693e-05 0 0 0 0 0 0 0 0 0 0 0 0 0 0 0 0 0 0 0 0 0 0 0 0 0 0 0 0 0 0 0 0 0 0 0 0 0 0 0 0 0 0 0 0 0 0 0 0
0 0 0 0 0 0 0 0 0 0 0 0 0 0 0 0 0 0 0 0 0 0 0 0 0 0 0 0 0 0 0 0 0 0 0 0 0 0 0 0.000140256 0.000284544 0.000534317 0.000928377 0.00149377 0.00222892 0.00309163 0.00436461 0.00609546 0.00916912 0.0148506 0.0247617 0.0405663 0.0642579 0.0982805 0.145351 0.208475 0.290599 0.394478 0.52211 0.673902 0.847586 1.0377 1.23677 1.43841 1.64038 1.84485 2.05454 2.26628 2.46572 2.62669 2.71717 2.7105 2.5978 2.39427 2.13586 1.86738 1.62838 1.44304 1.31708 1.24102 1.19778 1.1705 1.14632 1.11511 1.06679 0.991711 0.884826 0.749659 0.598365 0.447626 0.312917 0.204145 0.124321 0.0708064 0.0378395 0.0191149 0.0091955 0.00428943 0.00196674 0.000895581 0.00029137 0.000158119 8.17537e-05 0 0 0 0 0 0 0 0 0 0 0 0 0 0 0 0 0 0 0 0 0 0 0 0 0 0 0 0 0 0 0 0 0 0 0 0 0 0 0 0 0 0 0 0 0 0 0
0 0 0 0 0 0 0 0 0 0 0 0 0 0 0 0 0 0 0 0 0 0 0 0 0 0 0 0 0 0 0 0 0 0 0 0 0 0 0.000126155 0.000274398 0.000553873 0.00103587 0.00179344 0.00287465 0.00426874 0.00588106 0.00777686 0.00986988 0.0128228 0.0180441 0.0276708 0.043419 0.0673801 0.101864 0.149575 0.213487 0.296404 0.400785 0.528384 0.679882 0.854171 1.04765 1.25472 1.46989 1.69052 1.91754 2.15263 2.39186 2.61957 2.80679 2.9173 2.92053 2.80549 2.58842 2.30906 2.01767 1.759 1.5613 1.43281 1.36504 1.33999 1.33801 1.34185 1.33587 1.30405 1.23203 1.11286 0.951633 0.765068 0.575783 0.404737 0.265591 0.162877 0.0936262 0.0507036 0.0261197 0.0129414 0.00629992 0.00306258 0.0015029 0.000610401 0.000337083 0.000176886 8.76145e-05 0 0 0 0 0 0 0 0 0 0 0 0 0 0 0 0 0 0 0 0 0 0 0 0 0 0 0 0 0 0 0 0 0 0 0 0 0 0 0 0 0 0 0 0 0 0
0 0 0 0 0 0 0 0 0 0 0 0 0 0 0 0 0 0 0 0 0 0 0 0 0 0 0 0 0 0 0 0 0 0 0 0 0 0.000101028 0.000232229 0.000499374 0.00100025 0.00186064 0.00320858 0.00512524 0.00758416 0.010405 0.0134027 0.0162541 0.0191818 0.0233705 0.0311305 0.0450765 0.0675154 0.10067 0.147207 0.210032 0.29173 0.394194 0.5185 0.665092 0.833734 1.023 1.22999 1.45127 1.68445 1.9292 2.18503 2.44598 2.69469 2.90056 3.02566 3.0378 2.92525 2.70475 2.4179 2.11757 1.85119 1.64941 1.52287 1.46521 1.45922 1.48362 1.51709 1.53808 1.52437 1.45698 1.32735 1.14239 0.923273 0.698215 0.493339 0.325753 0.201449 0.117203 0.064658 0.0342274 0.0176659 0.00910513 0.004743 0.00252046 0.00120165 0.000673595 0.000357829 0.000178997 8.38715e-05 0 0 0 0 0 0 0 0 0 0 0 0 0 0 0 0 0 0 0 0 0 0 0 0 0 0 0 0 0 0 0 0 0 0 0 0 0 0 0 0 0 0 0 0 0
0 0 0 0 0 0 0 0 0 0 0 0 0 0 0 0 0 0 0 0 0 0 0 0 0 0 0 0 0 0 0 0 0 0 0 0 7.56895e-05 0.000179362 0.000402427 0.000850307 0.00168278 0.00310527 0.00532629 0.00847606 0.0125051 0.0171075 0.0218068 0.025961 0.0292908 0.0323782 0.0372705 0.0473439 0.0659893 0.0958055 0.139344 0.199378 0.278214 0.377159 0.496394 0.635625 0.794764 0.974042 1.17344 1.39231 1.62957 1.88388 2.15209 2.42521 2.68398 2.89741 3.02844 3.04605 2.93923 2.72488 2.44424 2.14969 1.88829 1.69118 1.57105 1.5247 1.53715 1.5866 1.64806 1.69441 1.698 1.63622 1.49958 1.29674 1.05256 0.799697 0.568264 0.378129 0.236452 0.139904 0.0792001 0.0435897 0.0238085 0.0131189 0.00736873 0.00419026 0.00224551 0.00125862 0.000675125 0.000340282 0.000160389 7.04278e-05 0 0 0 0 0 0 0 0 0 0 0 0 0 0 0 0 0 0 0 0 0 0 0 0 0 0 0 0 0 0 0 0 0 0 0 0 0 0 0 0 0 0 0 0
0 0 0 0 0 0 0 0 0 0 0 0 0 0 0 0 0 0 0 0 0 0 0 0 0 0 0 0 0 0 0 0 0 0 0 5.53909e-05 0.000133331 0.000304902 0.000662876 0.00136611 0.00265517 0.00484046 0.00823849 0.013049 0.0191983 0.0262202 0.033301 0.0393975 0.0437211 0.0462467 0.0483425 0.0532716 0.0657218 0.0897871 0.128327 0.183848 0.2583 0.352515 0.465878 0.597098 0.745449 0.911725 1.09807 1.30684 1.53907 1.79312 2.0631 2.33664 2.59254 2.80073 2.92737 2.94505 2.84499 2.64396 2.38103 2.10521 1.86051 1.67674 1.56798 1.53443 1.56401 1.63491 1.71925 1.78571 1.80303 1.74679 1.60746 1.39516 1.13701 0.868256 0.621312 0.417688 0.265293 0.160777 0.0943858 0.0547195 0.0319218 0.0188953 0.0113341 0.00677929 0.00386255 0.00219383 0.0011854 0.000600823 0.000284388 0.000125275 0 0 0 0 0 0 0 0 0 0 0 0 0 0 0 0 0 0 0 0 0 0 0 0 0 0 0 0 0 0 0 0 0 0 0 0 0 0 0 0 0 0 0 0
0 0 0 0 0 0 0 0 0 0 0 0 0 0 0 0 0 0 0 0 0 0 0 0 0 0 0 0 0 0 0 0 0 0 0 9.68291e-05 0.00022598 0.000499069 0.0010475 0.00209218 0.00396699 0.00710659 0.0119622 0.0188322 0.0276364 0.0377405 0.047962 0.0567801 0.0628585 0.0656156 0.0657895 0.0659448 0.0708661 0.0865237 0.117489 0.166397 0.234724 0.322878 0.429704 0.552965 0.690792 0.843393 1.01382 1.20685 1.42592 1.6698 1.9304 2.19214 2.43239 2.62313 2.73542 2.74745 2.65377 2.4709 2.23428 1.98746 1.76938 1.60703 1.51491 1.49595 1.54048 1.62701 1.72601 1.80423 1.82952 1.77769 1.64012 1.42778 1.16841 0.897663 0.648289 0.442062 0.28707 0.179952 0.110922 0.0684426 0.0427441 0.0269554 0.01698 0.0105117 0.00620891 0.00356054 0.00193399 0.000984024 0.000467079 0.00020617 8.44285e-05 0 0 0 0 0 0 0 0 0 0 0 0 0 0 0 0 0 0 0 0 0 0 0 0 0 0 0 0 0 0 0 0 0 0 0 0 0 0 0 0 0 0 0
0 0 0 0 0 0 0 0 0 0 0 0 0 0 0 0 0 0 0 0 0 0 0 0 0 0 0 0 0 0 0 0 0 0 6.57046e-05 0.000160449 0.000366124 0.000785649 0.00159551 0.00308209 0.00567499 0.00994183 0.0164952 0.0257788 0.0377666 0.0516972 0.0660139 0.078669 0.0876294 0.0916915 0.0910358 0.0875662 0.0853525 0.0907832 0.110936 0.15028 0.210196 0.29054 0.389669 0.504612 0.632254 0.771467 0.92496 1.09875 1.29832 1.52329 1.76422 2.00327 2.21724 2.3811 2.47193 2.47447 2.38721 2.22618 2.02216 1.81193 1.62805 1.49363 1.42244 1.41876 1.47452 1.56888 1.67249 1.75283 1.77946 1.73037 1.59851 1.39511 1.14696 0.888013 0.649431 0.451832 0.302711 0.198563 0.129741 0.0853912 0.0566161 0.0374428 0.0243963 0.0154403 0.00931199 0.00537529 0.00292945 0.00149395 0.00071023 0.000313817 0.000128593 0 0 0 0 0 0 0 0 0 0 0 0 0 0 0 0 0 0 0 0 0 0 0 0 0 0 0 0 0 0 0 0 0 0 0 0 0 0 0 0 0 0 0
0 0 0 0 0 0 0 0 0 0 0 0 0 0 0 0 0 0 0 0 0 0 0 0 0 0 0 0 0 0 0 0 0 0 0.000103345 0.000249776 0.000561649 0.00118091 0.0023369 0.00438371 0.00784284 0.0134181 0.0219183 0.0340163 0.0498596 0.0686644 0.0885388 0.106734 0.120313 0.127128 0.12668 0.120377 0.111756 0.106609 0.113079 0.138955 0.187358 0.257611 0.347299 0.452737 0.569683 0.695516 0.831723 0.984284 1.15985 1.35898 1.572 1.7802 1.96105 2.09311 2.15981 2.15246 2.0734 1.93772 1.77089 1.60212 1.45698 1.35404 1.30531 1.31522 1.37666 1.47018 1.56848 1.64205 1.66417 1.61628 1.49336 1.30645 1.08005 0.844881 0.628829 0.449971 0.314244 0.217656 0.151101 0.105294 0.0730834 0.0499574 0.0332666 0.0213455 0.0130252 0.00756051 0.0041203 0.00210295 0.00100003 0.000441883 0.000181038 6.86662e-05 0 0 0 0 0 0 0 0 0 0 0 0 0 0 0 0 0 0 0 0 0 0 0 0 0 0 0 0 0 0 0 0 0 0 0 0 0 0 0 0 0 0
0 0 0 0 0 0 0 0 0 0 0 0 0 0 0 0 0 0 0 0 0 0 0 0 0 0 0 0 0 0 0 0 0 5.80967e-05 0.000150928 0.000362697 0.000808546 0.0016787 0.00326542 0.0059982 0.010495 0.0176138 0.0284213 0.0439514 0.0646955 0.0899797 0.11755 0.143723 0.164221 0.175492 0.176009 0.166814 0.15148 0.135629 0.12714 0.135845 0.168832 0.226193 0.304366 0.398568 0.503597 0.615473 0.734094 0.864401 1.01313 1.18178 1.36147 1.53431 1.67959 1.77987 1.82443 1.81033 1.74296 1.63586 1.50881 1.3833 1.27776 1.20597 1.17765 1.19677 1.25724 1.34196 1.42708 1.48745 1.50112 1.45363 1.34209 1.17703 0.980097 0.777661 0.593028 0.440437 0.323361 0.237093 0.173813 0.126608 0.0907753 0.063439 0.0428358 0.0277117 0.0170117 0.00988482 0.00538813 0.0027478 0.0013053 0.000576102 0.000235762 8.93321e-05 0 0 0 0 0 0 0 0 0 0 0 0 0 0 0 0 0 0 0 0 0 0 0 0 0 0 0 0 0 0 0 0 0 0 0 0 0 0 0 0 0 0
0 0 0 0 0 0 0 0 0 0 0 0 0 0 0 0 0 0 0 0 0 0 0 0 0 0 0 0 0 0 0 0 0 7.86976e-05 0.000204077 0.000488973 0.00108508 0.0022377 0.00431218 0.00782868 0.0135278 0.0224742 0.036097 0.055951 0.0830395 0.116865 0.15469 0.191548 0.221318 0.23853 0.240336 0.227485 0.204142 0.176699 0.153041 0.143059 0.157025 0.198406 0.262943 0.34427 0.43612 0.5334 0.634407 0.742394 0.863311 0.999397 1.14358 1.2803 1.39172 1.46434 1.49217 1.4766 1.42476 1.34813 1.26078 1.1768 1.1079 1.06323 1.0502 1.0725 1.12568 1.19578 1.26309 1.30718 1.31092 1.26386 1.16525 1.0251 0.861897 0.697189 0.548881 0.426354 0.330014 0.25485 0.195145 0.146861 0.107727 0.0764234 0.0520629 0.0338275 0.0208081 0.0120757 0.00656913 0.00334095 0.00158266 0.000696687 0.00028444 0.000107555 0 0 0 0 0 0 0 0 0 0 0 0 0 0 0 0 0 0 0 0 0 0 0 0 0 0 0 0 0 0 0 0 0 0 0 0 0 0 0 0 0 0
0 0 0 0 0 0 0 0 0 0 0 0 0 0 0 0 0 0 0 0 0 0 0 0 0 0 0 0 0 0 0 0 0 9.84534e-05 0.000255026 0.000610286 0.00135174 0.00278033 0.00533968 0.00965785 0.0166415 0.0276438 0.044581 0.0696617 0.104482 0.148685 0.198863 0.248458 0.289104 0.313101 0.316121 0.298694 0.265965 0.225845 0.187132 0.159275 0.153167 0.176078 0.225213 0.292574 0.370577 0.453192 0.537289 0.624163 0.718373 0.822657 0.932456 1.03567 1.11808 1.16966 1.18772 1.17614 1.14249 1.09575 1.04478 0.997175 0.958735 0.934494 0.929984 0.949268 0.990294 1.04279 1.09115 1.11915 1.11378 1.06807 0.983118 0.868445 0.739654 0.613385 0.501707 0.408827 0.332402 0.26791 0.212048 0.163487 0.121954 0.0874465 0.059909 0.0389501 0.023951 0.0138489 0.00749985 0.00379506 0.00178896 0.000783914 0.000318751 0.000120108 0 0 0 0 0 0 0 0 0 0 0 0 0 0 0 0 0 0 0 0 0 0 0 0 0 0 0 0 0 0 0 0 0 0 0 0 0 0 0 0 0 0
0 0 0 0 0 0 0 0 0 0 0 0 0 0 0 0 0 0 0 0 0 0 0 0 0 0 0 0 0 0 0 0 4.04455e-05 0.000113612 0.000294268 0.000704133 0.00155959 0.00320859 0.00616816 0.0111839 0.0193664 0.0324318 0.0528621 0.0835577 0.126662 0.181861 0.244947 0.307667 0.359351 0.390058 0.393991 0.371581 0.329069 0.276208 0.223297 0.179883 0.155808 0.160155 0.193098 0.246225 0.310569 0.379288 0.448108 0.516452 0.587215 0.66334 0.742996 0.818172 0.878438 0.916571 0.931611 0.928066 0.912849 0.892385 0.871319 0.852125 0.835788 0.824013 0.821036 0.831973 0.857907 0.892485 0.923707 0.938478 0.926685 0.883836 0.812459 0.721727 0.6247 0.53349 0.454598 0.387632 0.328532 0.2738 0.222317 0.174638 0.131991 0.0953999 0.0655705 0.0426158 0.0261011 0.0149961 0.00806663 0.00405062 0.00189501 0.000824526 0.00033314 0.000124834 0 0 0 0 0 0 0 0 0 0 0 0 0 0 0 0 0 0 0 0 0 0 0 0 0 0 0 0 0 0 0 0 0 0 0 0 0 0 0 0 0 0
0 0 0 0 0 0 0 0 0 0 0 0 0 0 0 0 0 0 0 0 0 0 0 0 0 0 0 0 0 0 0 0 4.3042e-05 0.000120945 0.000313407 0.000750547 0.00166476 0.0034336 0.00662963 0.0121075 0.0211912 0.035972 0.0594723 0.0951785 0.14564 0.210475 0.28473 0.358673 0.419685 0.455957 0.460514 0.433674 0.382694 0.318959 0.254296 0.198766 0.161121 0.149876 0.167791 0.207494 0.25927 0.315665 0.371659 0.425222 0.477653 0.531806 0.58827 0.64299 0.689081 0.721168 0.738472 0.744644 0.745157 0.744481 0.744415 0.74391 0.740474 0.733272 0.72572 0.724453 0.734105 0.752382 0.770196 0.77623 0.761746 0.723542 0.66498 0.594944 0.524487 0.461944 0.409232 0.362722 0.317663 0.271649 0.224991 0.179425 0.137001 0.0996078 0.0685447 0.0444713 0.0270871 0.0154423 0.00822836 0.0040899 0.00189373 0.000815836 0.000326611 0.000121381 4.18299e-05 0 0 0 0 0 0 0 0 0 0 0 0 0 0 0 0 0 0 0 0 0 0 0 0 0 0 0 0 0 0 0 0 0 0 0 0 0 0 0 0 0
0 0 0 0 0 0 0 0 0 0 0 0 0 0 0 0 0 0 0 0 0 0 0 0 0 0 0 0 0 0 0 0 4.22498e-05 0.000118781 0.000308117 0.000739119 0.00164395 0.0034063 0.00662551 0.0122343 0.0217315 0.0375054 0.0629615 0.10194 0.15718 0.228191 0.309501 0.390458 0.457268 0.496995 0.50195 0.47237 0.416091 0.345485 0.273427 0.210407 0.164513 0.142938 0.149197 0.177705 0.218959 0.265378 0.311728 0.355126 0.395647 0.435731 0.477609 0.520417 0.56005 0.591988 0.614446 0.629282 0.64045 0.651304 0.662325 0.67055 0.671328 0.662123 0.645799 0.630443 0.624266 0.628975 0.637816 0.639966 0.626581 0.594545 0.547386 0.493666 0.44303 0.40112 0.366857 0.334867 0.300371 0.261752 0.220021 0.177441 0.136526 0.0996466 0.0686001 0.0443666 0.0268563 0.0151799 0.00800346 0.00393128 0.00179772 0.000764826 0.000302511 0.000111165 3.79202e-05 0 0 0 0 0 0 0 0 0 0 0 0 0 0 0 0 0 0 0 0 0 0 0 0 0 0 0 0 0 0 0 0 0 0 0 0 0 0 0 0 0
0 0 0 0 0 0 0 0 0 0 0 0 0 0 0 0 0 0 0 0 0 0 0 0 0 0 0 0 0 0 0 0 3.82518e-05 0.00010763 0.00027973 0.00067283 0.00150296 0.00313537 0.00616136 0.0115413 0.0208602 0.0366429 0.0624164 0.102066 0.158287 0.230487 0.313081 0.39527 0.463132 0.503602 0.508852 0.479012 0.421921 0.349991 0.276241 0.211211 0.162543 0.136332 0.13579 0.156676 0.190425 0.230044 0.270626 0.309056 0.344501 0.378631 0.414186 0.452245 0.490614 0.525146 0.552772 0.573492 0.589941 0.604868 0.61839 0.626948 0.62512 0.609605 0.582917 0.554044 0.534098 0.528484 0.532427 0.534753 0.525439 0.500465 0.462794 0.420416 0.382098 0.352198 0.32847 0.30512 0.277621 0.244708 0.207575 0.168556 0.130274 0.0952348 0.0655323 0.0422387 0.0254184 0.0142506 0.00743685 0.00360963 0.00162906 0.000683477 0.000266561 9.66e-05 0 0 0 0 0 0 0 0 0 0 0 0 0 0 0 0 0 0 0 0 0 0 0 0 0 0 0 0 0 0 0 0 0 0 0 0 0 0 0 0 0 0
0 0 0 0 0 0 0 0 0 0 0 0 0 0 0 0 0 0 0 0 0 0 0 0 0 0 0 0 0 0 0 0 3.19577e-05 9.00858e-05 0.000234673 0.00056684 0.00127402 0.0026825 0.00534139 0.0101764 0.018742 0.0334915 0.0577814 0.0952274 0.148279 0.216304 0.294026 0.371369 0.435341 0.473758 0.479267 0.451874 0.398706 0.331292 0.261804 0.200215 0.153739 0.127834 0.125254 0.142462 0.172262 0.208722 0.24772 0.286198 0.322536 0.357159 0.392171 0.429367 0.467979 0.504633 0.535722 0.559909 0.578412 0.593085 0.603795 0.607331 0.598836 0.575313 0.539175 0.499562 0.4692 0.456468 0.458511 0.463708 0.460396 0.44289 0.412697 0.376644 0.342915 0.316155 0.294985 0.27443 0.250287 0.221196 0.18809 0.15301 0.118356 0.0865359 0.059422 0.0381746 0.0228541 0.0127279 0.00658464 0.00316279 0.00141026 0.000583798 0.000224414 8.01193e-05 0 0 0 0 0 0 0 0 0 0 0 0 0 0 0 0 0 0 0 0 0 0 0 0 0 0 0 0 0 0 0 0 0 0 0 0 0 0 0 0 0 0
0 0 0 0 0 0 0 0 0 0 0 0 0 0 0 0 0 0 0 0 0 0 0 0 0 0 0 0 0 0 0 0 2.46555e-05 6.96916e-05 0.00018226 0.000442679 0.00100364 0.00213895 0.00432768 0.00840175 0.0157668 0.0286122 0.0498719 0.0826525 0.129012 0.18835 0.256093 0.323552 0.379566 0.413636 0.419345 0.396548 0.351198 0.293093 0.232733 0.179 0.138537 0.116481 0.115326 0.132066 0.160898 0.197348 0.238164 0.280466 0.321867 0.361337 0.399638 0.43826 0.477385 0.514956 0.547923 0.57425 0.593649 0.606519 0.61232 0.608691 0.592331 0.561341 0.518232 0.471651 0.434525 0.417188 0.418988 0.428507 0.432425 0.422624 0.398104 0.363752 0.327268 0.294923 0.26825 0.244469 0.219906 0.192665 0.162914 0.131998 0.101809 0.0742322 0.0508124 0.0325387 0.0194002 0.010747 0.00552313 0.00263136 0.00116193 0.000475603 0.000180502 6.35443e-05 0 0 0 0 0 0 0 0 0 0 0 0 0 0 0 0 0 0 0 0 0 0 0 0 0 0 0 0 0 0 0 0 0 0 0 0 0 0 0 0 0 0
0 0 0 0 0 0 0 0 0 0 0 0 0 0 0 0 0 0 0 0 0 0 0 0 0 0 0 0 0 0 0 0 1.75856e-05 4.98165e-05 0.000131269 0.000321452 0.00073698 0.00159482 0.00328645 0.00650569 0.0124229 0.0228319 0.0400945 0.0666734 0.104175 0.152094 0.206779 0.26135 0.306954 0.335227 0.340991 0.323936 0.288571 0.242526 0.19419 0.150947 0.118739 0.102499 0.104589 0.12258 0.152162 0.190327 0.234807 0.283104 0.332423 0.380586 0.42669 0.470789 0.512805 0.551722 0.585756 0.613137 0.632512 0.642938 0.643511 0.632964 0.609732 0.57321 0.525983 0.47571 0.434555 0.413889 0.415676 0.429706 0.441053 0.438403 0.417466 0.380838 0.335843 0.290873 0.251486 0.218494 0.189521 0.16197 0.134696 0.107897 0.0825627 0.0598448 0.0408024 0.026 0.015448 0.00852269 0.00435884 0.00206455 0.00090522 0.000367385 0.000138051 4.80459e-05 0 0 0 0 0 0 0 0 0 0 0 0 0 0 0 0 0 0 0 0 0 0 0 0 0 0 0 0 0 0 0 0 0 0 0 0 0 0 0 0 0 0
0 0 0 0 0 0 0 0 0 0 0 0 0 0 0 0 0 0 0 0 0 0 0 0 0 0 0 0 0 0 0 0 1.15721e-05 3.30924e-05 8.79357e-05 0.000217748 0.000506568 0.00111585 0.00234498 0.00472986 0.00916657 0.0170072 0.0300035 0.0499608 0.0780439 0.113871 0.154778 0.195745 0.230308 0.252319 0.25787 0.246541 0.221411 0.187917 0.152236 0.120162 0.0968383 0.0868934 0.0926182 0.112228 0.142931 0.183173 0.231834 0.287241 0.34696 0.408124 0.467869 0.523571 0.573252 0.615874 0.651125 0.67852 0.696857 0.704661 0.701001 0.68549 0.657839 0.618284 0.569268 0.517275 0.473162 0.448777 0.448874 0.465357 0.482005 0.483982 0.463573 0.421371 0.364578 0.30347 0.247155 0.200431 0.163282 0.13299 0.106973 0.0837702 0.0631142 0.0452613 0.0306342 0.0194018 0.0114843 0.00631388 0.00321739 0.00151765 0.000662226 0.000267195 9.97041e-05 3.44116e-05 0 0 0 0 0 0 0 0 0 0 0 0 0 0 0 0 0 0 0 0 0 0 0 0 0 0 0 0 0 0 0 0 0 0 0 0 0 0 0 0 0 0
0 0 0 0 0 0 0 0 0 0 0 0 0 0 0 0 0 0 0 0 0 0 0 0 0 0 0 0 0 0 0 0 0 2.0462e-05 5.49644e-05 0.000138186 0.000327202 0.000735132 0.00157525 0.00322943 0.00633012 0.0118165 0.0208869 0.0347652 0.0542368 0.0790484 0.107419 0.135988 0.160412 0.176508 0.181536 0.175027 0.158842 0.136528 0.112306 0.0904562 0.075295 0.0710387 0.0798336 0.100588 0.131971 0.173823 0.226413 0.289445 0.361391 0.438942 0.516902 0.58916 0.650801 0.699958 0.737604 0.765319 0.78324 0.790348 0.785792 0.769362 0.741044 0.701252 0.652106 0.598948 0.551199 0.520696 0.514957 0.528923 0.546018 0.548253 0.52474 0.474459 0.404732 0.327317 0.25383 0.192082 0.144543 0.109403 0.0830657 0.0624331 0.0457412 0.0321959 0.0215197 0.0134921 0.00794885 0.00435409 0.00221169 0.00104005 0.000452292 0.000181801 6.75167e-05 0 0 0 0 0 0 0 0 0 0 0 0 0 0 0 0 0 0 0 0 0 0 0 0 0 0 0 0 0 0 0 0 0 0 0 0 0 0 0 0 0 0 0
0 0 0 0 0 0 0 0 0 0 0 0 0 0 0 0 0 0 0 0 0 0 0 0 0 0 0 0 0 0 0 0 0 1.18267e-05 3.21133e-05 8.25313e-05 0.000199327 0.000456887 0.000996371 0.00206945 0.00408731 0.00765151 0.01352 0.0224607 0.0349659 0.0508885 0.0691445 0.0876735 0.103791 0.114871 0.119117 0.116081 0.106749 0.0932262 0.0781852 0.0646525 0.056116 0.0563065 0.0671303 0.0882447 0.11959 0.162258 0.217978 0.28803 0.371894 0.465757 0.562104 0.651501 0.726245 0.783536 0.825496 0.855983 0.877165 0.888855 0.889827 0.878806 0.854834 0.81792 0.769906 0.715199 0.661807 0.621351 0.60406 0.608853 0.620262 0.61801 0.588327 0.528668 0.446426 0.354529 0.266268 0.191304 0.13379 0.0929228 0.0649473 0.0456784 0.0318884 0.0217219 0.0142112 0.00881626 0.00511851 0.00279031 0.00141237 0.00066228 0.000287257 0.000115159 4.26353e-05 0 0 0 0 0 0 0 0 0 0 0 0 0 0 0 0 0 0 0 0 0 0 0 0 0 0 0 0 0 0 0 0 0 0 0 0 0 0 0 0 0 0 0
0 0 0 0 0 0 0 0 0 0 0 0 0 0 0 0 0 0 0 0 0 0 0 0 0 0 0 0 0 0 0 0 0 6.33466e-06 1.77559e-05 4.65186e-05 0.000114752 0.000267935 0.000592741 0.0012425 0.00246416 0.00461368 0.0081341 0.0134713 0.0209136 0.0303897 0.0413002 0.0524924 0.0624461 0.0696416 0.0729823 0.0721005 0.0674304 0.0601 0.0516833 0.0442307 0.0405162 0.0437023 0.0555178 0.0762595 0.106811 0.149243 0.206456 0.281009 0.373127 0.478592 0.588252 0.690492 0.775872 0.841086 0.889359 0.92664 0.957 0.980733 0.995207 0.996704 0.982278 0.951281 0.905503 0.848698 0.787605 0.733663 0.699727 0.689402 0.689859 0.679618 0.642308 0.573689 0.480917 0.377643 0.278267 0.19351 0.12841 0.0827162 0.0527877 0.0339114 0.0219542 0.0141533 0.00891868 0.00539957 0.00307075 0.00166207 0.000837173 0.000391203 0.000169246 6.76998e-05 2.50095e-05 0 0 0 0 0 0 0 0 0 0 0 0 0 0 0 0 0 0 0 0 0 0 0 0 0 0 0 0 0 0 0 0 0 0 0 0 0 0 0 0 0 0 0
0 0 0 0 0 0 0 0 0 0 0 0 0 0 0 0 0 0 0 0 0 0 0 0 0 0 0 0 0 0 0 0 0 0 9.28832e-06 2.46584e-05 6.23555e-05 0.000148014 0.000330907 0.000697496 0.00138497 0.00258795 0.00454651 0.0075002 0.0116072 0.0168412 0.0229054 0.0292156 0.0349884 0.0394189 0.0418924 0.0421428 0.0403081 0.0369208 0.0328257 0.0293902 0.0288024 0.0337088 0.0456674 0.0654366 0.0944303 0.135228 0.191305 0.265907 0.359742 0.468599 0.58291 0.69048 0.781519 0.852939 0.908927 0.956952 1.0022 1.0445 1.07871 1.09777 1.09642 1.07347 1.03089 0.972052 0.902632 0.833889 0.781024 0.75246 0.739169 0.719689 0.675446 0.600305 0.500692 0.390417 0.284439 0.194044 0.124649 0.0762018 0.0450637 0.026329 0.0154659 0.00917137 0.00543058 0.00315139 0.00172339 0.000922349 0.000461031 0.000214348 9.24145e-05 3.68733e-05 0 0 0 0 0 0 0 0 0 0 0 0 0 0 0 0 0 0 0 0 0 0 0 0 0 0 0 0 0 0 0 0 0 0 0 0 0 0 0 0 0 0 0 0
0 0 0 0 0 0 0 0 0 0 0 0 0 0 0 0 0 0 0 0 0 0 0 0 0 0 0 0 0 0 0 0 0 0 4.48376e-06 1.24611e-05 3.19897e-05 7.66156e-05 0.000172859 0.000365279 0.000724588 0.00134941 0.00235988 0.00387604 0.0059792 0.00866567 0.0118068 0.0151402 0.0183056 0.0209222 0.022679 0.023407 0.0231053 0.0219705 0.0204083 0.019335 0.0205236 0.0261545 0.0376184 0.0558894 0.0825175 0.120031 0.171844 0.241293 0.329408 0.43255 0.541983 0.646532 0.737384 0.812275 0.876098 0.936851 0.999666 1.06281 1.11816 1.15544 1.16759 1.1532 1.11462 1.05488 0.978822 0.897308 0.827244 0.781196 0.75449 0.72689 0.678342 0.600832 0.499577 0.387908 0.280718 0.189363 0.119345 0.0706548 0.0396909 0.021497 0.0114604 0.0061303 0.00331397 0.00179458 0.000911455 0.000479266 0.000236625 0.000109103 4.67852e-05 0 0 0 0 0 0 0 0 0 0 0 0 0 0 0 0 0 0 0 0 0 0 0 0 0 0 0 0 0 0 0 0 0 0 0 0 0 0 0 0 0 0 0 0 0
0 0 0 0 0 0 0 0 0 0 0 0 0 0 0 0 0 0 0 0 0 0 0 0 0 0 0 0 0 0 0 0 0 0 0 5.93826e-06 1.52807e-05 3.72046e-05 8.41411e-05 0.00017807 0.000352372 0.000653436 0.00113713 0.00185914 0.0028598 0.00414394 0.00566678 0.00732961 0.00899385 0.0105074 0.011735 0.0125762 0.0129692 0.0129377 0.0126556 0.0127869 0.0147859 0.0204332 0.0308951 0.0471756 0.0706446 0.103386 0.148257 0.208232 0.284544 0.374565 0.471329 0.56583 0.651183 0.726266 0.796131 0.868165 0.946244 1.02659 1.09858 1.14991 1.17273 1.16578 1.13172 1.07329 0.994511 0.905537 0.823815 0.764773 0.727806 0.69499 0.645893 0.571002 0.474055 0.367259 0.264741 0.177402 0.11056 0.0642535 0.0349962 0.0180326 0.00892414 0.00433007 0.00210277 0.00103253 0.000459189 0.000235201 0.00011387 5.17949e-05 0 0 0 0 0 0 0 0 0 0 0 0 0 0 0 0 0 0 0 0 0 0 0 0 0 0 0 0 0 0 0 0 0 0 0 0 0 0 0 0 0 0 0 0 0 0
0 0 0 0 0 0 0 0 0 0 0 0 0 0 0 0 0 0 0 0 0 0 0 0 0 0 0 0 0 0 0 0 0 0 0 0 6.89739e-06 1.66737e-05 3.80676e-05 8.05651e-05 0.00015908 0.000293624 0.0005085 0.000827941 0.00127086 0.0018452 0.00254232 0.00333851 0.0041989 0.00508155 0.00593682 0.00669917 0.00728446 0.00764923 0.0078763 0.00849576 0.0106979 0.01586 0.0249256 0.0388004 0.0585232 0.0855784 0.122042 0.170264 0.231549 0.304404 0.384068 0.464209 0.540212 0.611972 0.684006 0.762145 0.84833 0.937127 1.0168 1.07471 1.10321 1.10149 1.07226 1.01792 0.941645 0.852475 0.767092 0.701982 0.659735 0.62542 0.579594 0.512009 0.424922 0.328882 0.236569 0.157897 0.0977681 0.0562083 0.0300733 0.0150478 0.00710258 0.00320778 0.00141449 0.000622302 0.000223153 0.00011035 5.18937e-05 2.30923e-05 0 0 0 0 0 0 0 0 0 0 0 0 0 0 0 0 0 0 0 0 0 0 0 0 0 0 0 0 0 0 0 0 0 0 0 0 0 0 0 0 0 0 0 0 0 0
0 0 0 0 0 0 0 0 0 0 0 0 0 0 0 0 0 0 0 0 0 0 0 0 0 0 0 0 0 0 0 0 0 0 0 0 0 7.03383e-06 1.584e-05 3.38608e-05 6.65317e-05 0.000122345 0.000211004 0.000342511 0.000525902 0.00076828 0.0010754 0.00145223 0.00190407 0.00243113 0.00301386 0.0036025 0.00411864 0.00449015 0.00486044 0.00558941 0.0076434 0.0120082 0.0194302 0.0306567 0.0464137 0.0676404 0.0956575 0.132147 0.178325 0.233696 0.295548 0.360069 0.424622 0.489635 0.558523 0.635102 0.719596 0.805948 0.882978 0.939221 0.968031 0.968991 0.944671 0.897002 0.828366 0.746299 0.665544 0.601843 0.559682 0.527432 0.48786 0.43098 0.357797 0.276888 0.198957 0.132493 0.0817144 0.0466773 0.024721 0.0121655 0.00558754 0.00241442 0.000994661 0.000398329 0.000105596 5.01359e-05 2.26917e-05 0 0 0 0 0 0 0 0 0 0 0 0 0 0 0 0 0 0 0 0 0 0 0 0 0 0 0 0 0 0 0 0 0 0 0 0 0 0 0 0 0 0 0 0 0 0 0
0 0 0 0 0 0 0 0 0 0 0 0 0 0 0 0 0 0 0 0 0 0 0 0 0 0 0 0 0 0 0 0 0 0 0 0 0 0 6.19458e-06 1.2937e-05 2.58104e-05 4.71958e-05 8.11983e-05 0.000131806 0.00020357 0.000302237 0.000436548 0.00061924 0.000864181 0.00117842 0.00155138 0.00194564 0.00230596 0.00258376 0.00291505 0.00357926 0.00529717 0.00873227 0.0144572 0.0230745 0.0350695 0.0510123 0.0716955 0.0982319 0.13166 0.172122 0.218405 0.268531 0.321116 0.376535 0.436854 0.504143 0.577703 0.652061 0.717869 0.765761 0.790514 0.79201 0.772397 0.733132 0.675842 0.606398 0.536813 0.480672 0.443041 0.415479 0.383809 0.339198 0.281799 0.218142 0.156677 0.104201 0.0641093 0.0364797 0.0192042 0.00936179 0.00423499 0.00178493 0.000706031 0.00010068 4.87164e-05 0 0 0 0 0 0 0 0 0 0 0 0 0 0 0 0 0 0 0 0 0 0 0 0 0 0 0 0 0 0 0 0 0 0 0 0 0 0 0 0 0 0 0 0 0 0 0 0 0
0 0 0 0 0 0 0 0 0 0 0 0 0 0 0 0 0 0 0 0 0 0 0 0 0 0 0 0 0 0 0 0 0 0 0 0 0 0 0 4.65188e-06 9.00366e-06 1.6544e-05 2.9051e-05 4.73665e-05 7.43785e-05 0.000114509 0.000175104 0.000266826 0.000399889 0.000578875 0.000796453 0.00102978 0.00124636 0.00141979 0.00155956 0.00220319 0.00352845 0.00605991 0.0102403 0.0165583 0.0253587 0.037054 0.0521388 0.0713755 0.0955967 0.125192 0.159718 0.198101 0.239384 0.283464 0.331251 0.383775 0.440322 0.496842 0.546439 0.582213 0.600389 0.600991 0.585627 0.555262 0.510898 0.456765 0.401893 0.356921 0.32652 0.30495 0.281439 0.248867 0.206923 0.160259 0.115094 0.0764825 0.0469873 0.0266715 0.0139894 0.00678219 0.003042 0.00126475 0.000489182 4.59788e-05 0 0 0 0 0 0 0 0 0 0 0 0 0 0 0 0 0 0 0 0 0 0 0 0 0 0 0 0 0 0 0 0 0 0 0 0 0 0 0 0 0 0 0 0 0 0 0 0 0 0
0 0 0 0 0 0 0 0 0 0 0 0 0 0 0 0 0 0 0 0 0 0 0 0 0 0 0 0 0 0 0 0 0 0 0 0 0 0 0 0 2.75231e-06 5.49986e-06 9.54705e-06 1.57874e-05 2.62949e-05 4.31868e-05 7.15211e-05 0.000117461 0.000186554 0.000280853 0.000395823 0.000520639 0.000637249 0.000733735 0.000819211 0.00132365 0.00226392 0.0040411 0.00698614 0.0115077 0.0179267 0.0265915 0.0379373 0.0525651 0.0711168 0.0939118 0.120615 0.150249 0.181657 0.214151 0.247909 0.283625 0.321194 0.358333 0.390645 0.413553 0.424531 0.423592 0.411801 0.389657 0.357704 0.318723 0.278972 0.246043 0.223649 0.208134 0.191937 0.169816 0.14131 0.1095 0.078647 0.0522393 0.0320621 0.0181705 0.00950836 0.00459421 0.0020505 0.000846094 0.000320889 0 0 0 0 0 0 0 0 0 0 0 0 0 0 0 0 0 0 0 0 0 0 0 0 0 0 0 0 0 0 0 0 0 0 0 0 0 0 0 0 0 0 0 0 0 0 0 0 0 0 0
0 0 0 0 0 0 0 0 0 0 0 0 0 0 0 0 0 0 0 0 0 0 0 0 0 0 0 0 0 0 0 0 0 0 0 0 0 0 0 0 0 0 2.87721e-06 5.22511e-06 9.16067e-06 1.64528e-05 2.96258e-05 5.17346e-05 8.50685e-05 0.000130729 0.000186477 0.000246119 0.000304549 0.000353631 0.000401377 0.000552991 0.00142919 0.00264971 0.00473762 0.00802115 0.0129122 0.0196983 0.0288904 0.0410434 0.0566331 0.0757312 0.0977012 0.121202 0.144617 0.166761 0.187461 0.207496 0.227627 0.24728 0.264234 0.275798 0.280377 0.277901 0.268906 0.253549 0.232019 0.205991 0.179427 0.15729 0.142172 0.131888 0.121532 0.107572 0.0895762 0.0694465 0.0498858 0.0331269 0.0203164 0.0115025 0.00600869 0.00289646 0.00128835 0.000528876 0 0 0 0 0 0 0 0 0 0 0 0 0 0 0 0 0 0 0 0 0 0 0 0 0 0 0 0 0 0 0 0 0 0 0 0 0 0 0 0 0 0 0 0 0 0 0 0 0 0 0 0
0 0 0 0 0 0 0 0 0 0 0 0 0 0 0 0 0 0 0 0 0 0 0 0 0 0 0 0 0 0 0 0 0 0 0 0 0 0 0 0 0 0 0 0 0 6.47429e-06 1.22725e-05 2.20355e-05 3.68823e-05 5.72224e-05 8.20703e-05 0.00010868 0.000132803 0.000149728 9.59285e-05 0.000313515 0.000659273 0.00180564 0.00340274 0.00593995 0.00989685 0.0156346 0.023729 0.0347188 0.0489472 0.0661922 0.0854022 0.104768 0.122223 0.136239 0.146502 0.154007 0.160309 0.166269 0.171376 0.174317 0.174085 0.170467 0.163566 0.153287 0.139593 0.123368 0.106915 0.0931804 0.0837844 0.0774918 0.0713469 0.0631692 0.0526291 0.0408183 0.0293216 0.019471 0.0119358 0.00675235 0.00352404 0.00169648 0.000753328 0.000308574 0 0 0 0 0 0 0 0 0 0 0 0 0 0 0 0 0 0 0 0 0 0 0 0 0 0 0 0 0 0 0 0 0 0 0 0 0 0 0 0 0 0 0 0 0 0 0 0 0 0 0 0
0 0 0 0 0 0 0 0 0 0 0 0 0 0 0 0 0 0 0 0 0 0 0 0 0 0 0 0 0 0 0 0 0 0 0 0 0 0 0 0 0 0 0 0 0 0 0 0 0 0 0 0 0 0 0 0.000243808 0.000541172 0.00137231 0.00262651 0.00473341 0.00812886 0.0132671 0.0207653 0.0311735 0.0447219 0.0609371 0.0784217 0.0949989 0.108304 0.116628 0.11962 0.118447 0.1152 0.111749 0.108822 0.10605 0.102765 0.0985614 0.0932147 0.0864539 0.0781108 0.0685774 0.059059 0.0511453 0.0457419 0.0421749 0.0387912 0.0343471 0.0286267 0.0222091 0.0159558 0.0105926 0.00649219 0.00367089 0.0019144 0.000920722 0.000408358 0 0 0 0 0 0 0 0 0 0 0 0 0 0 0 0 0 0 0 0 0 0 0 0 0 0 0 0 0 0 0 0 0 0 0 0 0 0 0 0 0 0 0 0 0 0 0 0 0 0 0 0 0
0 0 0 0 0 0 0 0 0 0 0 0 0 0 0 0 0 0 0 0 0 0 0 0 0 0 0 0 0 0 0 0 0 0 0 0 0 0 0 0 0 0 0 0 0 0 0 0 0 0 0 0 0 0 0 0.00018672 0.000426903 0.00105562 0.00215516 0.00397514 0.00696655 0.0117159 0.018796 0.0287776 0.0417854 0.0571695 0.0733134 0.08785 0.0983078 0.102954 0.101484 0.0951561 0.0862889 0.0772728 0.0696092 0.0635838 0.0587277 0.0544527 0.0502851 0.0458366 0.0408718 0.0355079 0.0303003 0.0260266 0.0231282 0.0212455 0.0195146 0.0172765 0.0144021 0.0111731 0.00802981 0.00533034 0.00326602 0.00184597 0.000962114 0.000462364 0.000204886 0 0 0 0 0 0 0 0 0 0 0 0 0 0 0 0 0 0 0 0 0 0 0 0 0 0 0 0 0 0 0 0 0 0 0 0 0 0 0 0 0 0 0 0 0 0 0 0 0 0 0 0 0
0 0 0 0 0 0 0 0 0 0 0 0 0 0 0 0 0 0 0 0 0 0 0 0 0 0 0 0 0 0 0 0 0 0 0 0 0 0 0 0 0 0 0 0 0 0 0 0 0 0 0 0 0 0 0 0.000139335 0.000434698 0.000917229 0.00182091 0.00342557 0.0061932 0.0106279 0.0173752 0.0269523 0.0393976 0.0539305 0.06883 0.0816945 0.090098 0.0924234 0.0884671 0.0795485 0.0680076 0.0563486 0.0463967 0.0388431 0.0334068 0.0293912 0.0261362 0.0231647 0.0202106 0.0172511 0.0145051 0.012306 0.0108353 0.00990293 0.00907844 0.00803297 0.00669378 0.00519609 0.00373341 0.00247876 0.0015185 0.000858005 0.000447013 0.000214717 0 0 0 0 0 0 0 0 0 0 0 0 0 0 0 0 0 0 0 0 0 0 0 0 0 0 0 0 0 0 0 0 0 0 0 0 0 0 0 0 0 0 0 0 0 0 0 0 0 0 0 0 0 0
0 0 0 0 0 0 0 0 0 0 0 0 0 0 0 0 0 0 0 0 0 0 0 0 0 0 0 0 0 0 0 0 0 0 0 0 0 0 0 0 0 0 0 0 0 0 0 0 0 0 0 0 0 0 0 9.64623e-05 0.000379982 0.000807005 0.0016215 0.00310246 0.00567225 0.00991621 0.0164496 0.0257141 0.0376631 0.0514255 0.0652305 0.0767146 0.0835812 0.0843854 0.0790765 0.0690266 0.0565294 0.0440063 0.0332898 0.0252278 0.0197131 0.0160562 0.0134867 0.0114468 0.00964282 0.00798927 0.00654836 0.00543746 0.0047143 0.00427279 0.00390408 0.00345127 0.00287554 0.00223117 0.00160382 0.00106463 0.000652163 0.000368406 0.000191876 0 0 0 0 0 0 0 0 0 0 0 0 0 0 0 0 0 0 0 0 0 0 0 0 0 0 0 0 0 0 0 0 0 0 0 0 0 0 0 0 0 0 0 0 0 0 0 0 0 0 0 0 0 0 0
0 0 0 0 0 0 0 0 0 0 0 0 0 0 0 0 0 0 0 0 0 0 0 0 0 0 0 0 0 0 0 0 0 0 0 0 0 0 0 0 0 0 0 0 0 0 0 0 0 0 0 0 0 0 0 0.000146327 0.0003334 0.00071746 0.00146835 0.00287022 0.00535759 0.00950642 0.0159249 0.0250366 0.0366777 0.0499117 0.0629381 0.0734338 0.0792261 0.0790354 0.0729574 0.062424 0.0496869 0.0370602 0.026274 0.0181643 0.0127181 0.00933634 0.00722805 0.00576755 0.00461222 0.00364636 0.00285866 0.0022802 0.00191797 0.00170997 0.0015525 0.00136859 0.00113974 0.000884962 0.000635857 0.0004222 0.000258598 0.000146052 0 0 0 0 0 0 0 0 0 0 0 0 0 0 0 0 0 0 0 0 0 0 0 0 0 0 0 0 0 0 0 0 0 0 0 0 0 0 0 0 0 0 0 0 0 0 0 0 0 0 0 0 0 0 0 0
0 0 0 0 0 0 0 0 0 0 0 0 0 0 0 0 0 0 0 0 0 0 0 0 0 0 0 0 0 0 0 0 0 0 0 0 0 0 0 0 0 0 0 0 0 0 0 0 0 0 0 0 0 0 0 0.000119133 0.000288965 0.000635446 0.00133397 0.00267516 0.00510446 0.00920465 0.0155761 0.0245941 0.0360738 0.049021 0.061616 0.0715589 0.0767554 0.076029 0.0695639 0.0588341 0.0460802 0.03353 0.0228321 0.0147773 0.0093669 0.00609702 0.00423245 0.00310841 0.00233232 0.00173255 0.00126962 0.000942879 0.000745253 0.000637734 0.000571019 0.000501199 0.000417326 0.000323942 0.000232743 0.000154534 9.46403e-05 0 0 0 0 0 0 0 0 0 0 0 0 0 0 0 0 0 0 0 0 0 0 0 0 0 0 0 0 0 0 0 0 0 0 0 0 0 0 0 0 0 0 0 0 0 0 0 0 0 0 0 0 0 0 0 0 0
0 0 0 0 0 0 0 0 0 0 0 0 0 0 0 0 0 0 0 0 0 0 0 0 0 0 0 0 0 0 0 0 0 0 0 0 0 0 0 0 0 0 0 0 0 0 0 0 0 0 0 0 0 0 0 0.00010082 0.000244452 0.000553837 0.00119965 0.00247425 0.00482704 0.00884312 0.0151202 0.0240221 0.0353612 0.0481363 0.0605322 0.0702775 0.0753046 0.0744648 0.0679583 0.0572534 0.0445562 0.0320827 0.0214352 0.0133807 0.00793565 0.00463229 0.00280976 0.00184726 0.00128337 0.000895291 0.000610041 0.000412733 0.000289995 0.00022768 0.000195826 0.000169937 0.000140996 0.000109288 7.86116e-05 5.21911e-05 0 0 0 0 0 0 0 0 0 0 0 0 0 0 0 0 0 0 0 0 0 0 0 0 0 0 0 0 0 0 0 0 0 0 0 0 0 0 0 0 0 0 0 0 0 0 0 0 0 0 0 0 0 0 0 0 0 0
0 0 0 0 0 0 0 0 0 0 0 0 0 0 0 0 0 0 0 0 0 0 0 0 0 0 0 0 0 0 0 0 0 0 0 0 0 0 0 0 0 0 0 0 0 0 0 0 0 0 0 0 0 0 3.16787e-05 8.14597e-05 0.000202264 0.00047581 0.00106675 0.00226338 0.00451135 0.00839166 0.0145038 0.0232226 0.0343831 0.047022 0.0593638 0.0691574 0.0743299 0.0737004 0.0674149 0.0568933 0.0443045 0.0318516 0.0211576 0.0130388 0.00748011 0.00407386 0.00218903 0.00123824 0.00076549 0.000497615 0.000313501 0.000196613 0.000123592 8.3572e-05 6.46112e-05 5.32932e-05 4.39684e-05 3.40232e-05 0 0 0 0 0 0 0 0 0 0 0 0 0 0 0 0 0 0 0 0 0 0 0 0 0 0 0 0 0 0 0 0 0 0 0 0 0 0 0 0 0 0 0 0 0 0 0 0 0 0 0 0 0 0 0 0 0 0 0 0
0 0 0 0 0 0 0 0 0 0 0 0 0 0 0 0 0 0 0 0 0 0 0 0 0 0 0 0 0 0 0 0 0 0 0 0 0 0 0 0 0 0 0 0 0 0 0 0 0 0 0 0 0 0 2.39992e-05 6.44659e-05 0.00016583 0.000408709 0.000948317 0.00206519 0.00419477 0.00791225 0.0138201 0.0223166 0.033278 0.045799 0.0581546 0.0681178 0.0735916 0.0733296 0.0673893 0.0571157 0.0446538 0.0322024 0.0214207 0.0131562 0.00746556 0.00396152 0.00198157 0.000975826 0.000490113 0.000277356 0.0001686 0.00010214 5.91003e-05 3.42599e-05 2.15616e-05 0 0 0 0 0 0 0 0 0 0 0 0 0 0 0 0 0 0 0 0 0 0 0 0 0 0 0 0 0 0 0 0 0 0 0 0 0 0 0 0 0 0 0 0 0 0 0 0 0 0 0 0 0 0 0 0 0 0 0 0 0 0 0
0 0 0 0 0 0 0 0 0 0 0 0 0 0 0 0 0 0 0 0 0 0 0 0 0 0 0 0 0 0 0 0 0 0 0 0 0 0 0 0 0 0 0 0 0 0 0 0 0 0 0 0 0 0 1.82218e-05 5.16828e-05 0.00013954 0.000356431 0.000850875 0.00189131 0.00389913 0.00743762 0.0131077 0.0213245 0.0320097 0.0443204 0.0565961 0.0666458 0.0723682 0.0724594 0.0668928 0.0569422 0.0446913 0.0323408 0.0215782 0.0132741 0.00752882 0.00393713 0.00189832 0.000843941 0.000345962 0.000122828 4.30149e-05 1.39109e-05 0 0 0 0 0 0 0 0 0 0 0 0 0 0 0 0 0 0 0 0 0 0 0 0 0 0 0 0 0 0 0 0 0 0 0 0 0 0 0 0 0 0 0 0 0 0 0 0 0 0 0 0 0 0 0 0 0 0 0 0 0 0 0 0 0 0
0 0 0 0 0 0 0 0 0 0 0 0 0 0 0 0 0 0 0 0 0 0 0 0 0 0 0 0 0 0 0 0 0 0 0 0 0 0 0 0 0 0 0 0 0 0 0 0 0 0 0 0 0 0 1.43176e-05 4.27987e-05 0.000120046 0.000314312 0.000765286 0.00172363 0.00358812 0.00689637 0.0122299 0.0200042 0.0301735 0.0419651 0.0538106 0.0636143 0.0693299 0.069657 0.0645181 0.0550898 0.0433627 0.031464 0.0210458 0.0129766 0.00737569 0.00386445 0.00186643 0.000830963 0.000330024 0.000125123 4.37038e-05 1.40763e-05 0 0 0 0 0 0 0 0 0 0 0 0 0 0 0 0 0 0 0 0 0 0 0 0 0 0 0 0 0 0 0 0 0 0 0 0 0 0 0 0 0 0 0 0 0 0 0 0 0 0 0 0 0 0 0 0 0 0 0 0 0 0 0 0 0 0
0 0 0 0 0 0 0 0 0 0 0 0 0 0 0 0 0 0 0 0 0 0 0 0 0 0 0 0 0 0 0 0 0 0 0 0 0 0 0 0 0 0 0 0 0 0 0 0 0 0 0 0 0 0 1.16761e-05 3.60059e-05 0.000103254 0.000274358 0.000673989 0.00152965 0.00320155 0.00618016 0.0110002 0.0180516 0.0273085 0.038083 0.0489556 0.0580084 0.0633603 0.0637907 0.0591982 0.0506372 0.0399244 0.0290139 0.0194347 0.011999 0.00682816 0.00358147 0.00173148 0.00077154 0.000311899 0.00011819 4.12778e-05 1.32856e-05 0 0 0 0 0 0 0 0 0 0 0 0 0 0 0 0 0 0 0 0 0 0 0 0 0 0 0 0 0 0 0 0 0 0 0 0 0 0 0 0 0 0 0 0 0 0 0 0 0 0 0 0 0 0 0 0 0 0 0 0 0 0 0 0 0 0
0 0 0 0 0 0 0 0 0 0 0 0 0 0 0 0 0 0 0 0 0 0 0 0 0 0 0 0 0 0 0 0 0 0 0 0 0 0 0 0 0 0 0 0 0 0 0 0 0 0 0 0 0 0 9.48595e-06 2.97091e-05 8.60482e-05 0.00023015 0.00056798 0.00129305 0.00271359 0.00524979 0.00936237 0.0153904 0.0233183 0.0325664 0.0419209 0.0497365 0.0543886 0.054817 0.0509228 0.0435993 0.0344055 0.0250235 0.0167741 0.0103635 0.00590126 0.00309709 0.00149806 0.000662463 0.000272335 0.00010318 3.60287e-05 1.15944e-05 0 0 0 0 0 0 0 0 0 0 0 0 0 0 0 0 0 0 0 0 0 0 0 0 0 0 0 0 0 0 0 0 0 0 0 0 0 0 0 0 0 0 0 0 0 0 0 0 0 0 0 0 0 0 0 0 0 0 0 0 0 0 0 0 0 0
0 0 0 0 0 0 0 0 0 0 0 0 0 0 0 0 0 0 0 0 0 0 0 0 0 0 0 0 0 0 0 0 0 0 0 0 0 0 0 0 0 0 0 0 0 0 0 0 0 0 0 0 0 0 7.35655e-06 2.32429e-05 6.76856e-05 0.000181673 0.000449426 0.00102472 0.00215367 0.00417137 0.00744655 0.0122518 0.0185787 0.0259659 0.0334465 0.0397078 0.0434467 0.0438133 0.040721 0.0348813 0.0275376 0.0200366 0.0134362 0.00830405 0.0047301 0.00248315 0.00119645 0.000533657 0.000219372 8.31081e-05 2.90172e-05 9.33722e-06 0 0 0 0 0 0 0 0 0 0 0 0 0 0 0 0 0 0 0 0 0 0 0 0 0 0 0 0 0 0 0 0 0 0 0 0 0 0 0 0 0 0 0 0 0 0 0 0 0 0 0 0 0 0 0 0 0 0 0 0 0 0 0 0 0 0
0 0 0 0 0 0 0 0 0 0 0 0 0 0 0 0 0 0 0 0 0 0 0 0 0 0 0 0 0 0 0 0 0 0 0 0 0 0 0 0 0 0 0 0 0 0 0 0 0 0 0 0 0 0 5.35308e-06 1.70946e-05 4.98138e-05 0.000133783 0.000331145 0.00075544 0.00158833 0.00307801 0.00549709 0.00904797 0.0137257 0.0191899 0.0247268 0.0293645 0.0321387 0.0324186 0.0301377 0.0258217 0.0203895 0.0148385 0.00995239 0.00615196 0.00350472 0.00183627 0.000888672 0.000396364 0.000162928 6.1723e-05 2.15496e-05 6.93405e-06 0 0 0 0 0 0 0 0 0 0 0 0 0 0 0 0 0 0 0 0 0 0 0 0 0 0 0 0 0 0 0 0 0 0 0 0 0 0 0 0 0 0 0 0 0 0 0 0 0 0 0 0 0 0 0 0 0 0 0 0 0 0 0 0 0 0
0 0 0 0 0 0 0 0 0 0 0 0 0 0 0 0 0 0 0 0 0 0 0 0 0 0 0 0 0 0 0 0 0 0 0 0 0 0 0 0 0 0 0 0 0 0 0 0 0 0 0 0 0 0 0 1.15967e-05 3.38135e-05 9.12153e-05 0.000225843 0.000515351 0.0010838 0.00210063 0.00375233 0.00617766 0.00937313 0.0131068 0.0168913 0.0200621 0.0219607 0.0221546 0.0205985 0.0176504 0.0139388 0.0101449 0.00680489 0.00420193 0.00239413 0.00125719 0.000608425 0.000271365 0.000111544 4.22561e-05 1.47507e-05 0 0 0 0 0 0 0 0 0 0 0 0 0 0 0 0 0 0 0 0 0 0 0 0 0 0 0 0 0 0 0 0 0 0 0 0 0 0 0 0 0 0 0 0 0 0 0 0 0 0 0 0 0 0 0 0 0 0 0 0 0 0 0 0 0 0 0
0 0 0 0 0 0 0 0 0 0 0 0 0 0 0 0 0 0 0 0 0 0 0 0 0 0 0 0 0 0 0 0 0 0 0 0 0 0 0 0 0 0 0 0 0 0 0 0 0 0 0 0 0 0 0 7.31817e-06 2.13381e-05 5.734e-05 0.00014225 0.000324639 0.000682808 0.00132355 0.0023645 0.00389306 0.00590734 0.00826122 0.0106473 0.012647 0.0138447 0.0139678 0.0129875 0.0111293 0.00878947 0.00639345 0.00428882 0.00265152 0.00151077 0.00079332 0.000383924 0.000171235 7.03856e-05 2.66622e-05 9.30865e-06 0 0 0 0 0 0 0 0 0 0 0 0 0 0 0 0 0 0 0 0 0 0 0 0 0 0 0 0 0 0 0 0 0 0 0 0 0 0 0 0 0 0 0 0 0 0 0 0 0 0 0 0 0 0 0 0 0 0 0 0 0 0 0 0 0 0 0
0 0 0 0 0 0 0 0 0 0 0 0 0 0 0 0 0 0 0 0 0 0 0 0 0 0 0 0 0 0 0 0 0 0 0 0 0 0 0 0 0 0 0 0 0 0 0 0 0 0 0 0 0 0 0 4.25615e-06 1.24099e-05 3.33486e-05 8.25897e-05 0.000188502 0.000396516 0.000769202 0.00137423 0.0022627 0.00343355 0.00480182 0.00618898 0.00735166 0.00804812 0.00811993 0.00755024 0.00646798 0.00510838 0.00371827 0.00249429 0.00154206 0.000878633 0.000461379 0.000223274 9.95826e-05 4.09335e-05 1.55066e-05 0 0 0 0 0 0 0 0 0 0 0 0 0 0 0 0 0 0 0 0 0 0 0 0 0 0 0 0 0 0 0 0 0 0 0 0 0 0 0 0 0 0 0 0 0 0 0 0 0 0 0 0 0 0 0 0 0 0 0 0 0 0 0 0 0 0 0 0
0 0 0 0 0 0 0 0 0 0 0 0 0 0 0 0 0 0 0 0 0 0 0 0 0 0 0 0 0 0 0 0 0 0 0 0 0 0 0 0 0 0 0 0 0 0 0 0 0 0 0 0 0 0 0 0 6.6518e-06 1.78747e-05 4.42679e-05 0.000101037 0.000212532 0.000412021 0.000736133 0.00121211 0.0018394 0.00257249 0.00331576 0.00393871 0.004312 0.00435058 0.00404542 0.00346678 0.00273807 0.00199296 0.00133693 0.000826539 0.000470933 0.000247291 0.000119676 5.33767e-05 2.19403e-05 8.31154e-06 0 0 0 0 0 0 0 0 0 0 0 0 0 0 0 0 0 0 0 0 0 0 0 0 0 0 0 0 0 0 0 0 0 0 0 0 0 0 0 0 0 0 0 0 0 0 0 0 0 0 0 0 0 0 0 0 0 0 0 0 0 0 0 0 0 0 0 0
0 0 0 0 0 0 0 0 0 0 0 0 0 0 0 0 0 0 0 0 0 0 0 0 0 0 0 0 0 0 0 0 0 0 0 0 0 0 0 0 0 0 0 0 0 0 0 0 0 0 0 0 0 0 0 0 3.28587e-06 8.82981e-06 2.18676e-05 4.99108e-05 0.000104987 0.000203531 0.000363637 0.000598757 0.000908625 0.00127077 0.00163792 0.00194567 0.00213005 0.00214913 0.00199836 0.00171254 0.00135254 0.00098449 0.000660419 0.000408293 0.000232634 0.000122158 5.91179e-05 2.63671e-05 1.08382e-05 0 0 0 0 0 0 0 0 0 0 0 0 0 0 0 0 0 0 0 0 0 0 0 0 0 0 0 0 0 0 0 0 0 0 0 0 0 0 0 0 0 0 0 0 0 0 0 0 0 0 0 0 0 0 0 0 0 0 0 0 0 0 0 0 0 0 0 0 0
0 0 0 0 0 0 0 0 0 0 0 0 0 0 0 0 0 0 0 0 0 0 0 0 0 0 0 0 0 0 0 0 0 0 0 0 0 0 0 0 0 0 0 0 0 0 0 0 0 0 0 0 0 0 0 0 0 4.01986e-06 9.95541e-06 2.27224e-05 4.77966e-05 9.26595e-05 0.00016555 0.00027259 0.000413662 0.000578522 0.000745678 0.000885778 0.000969723 0.000978406 0.000909776 0.000779653 0.000615758 0.000448197 0.000300662 0.00018588 0.000105909 5.56139e-05 2.69139e-05 1.20038e-05 4.93414e-06 0 0 0 0 0 0 0 0 0 0 0 0 0 0 0 0 0 0 0 0 0 0 0 0 0 0 0 0 0 0 0 0 0 0 0 0 0 0 0 0 0 0 0 0 0 0 0 0 0 0 0 0 0 0 0 0 0 0 0 0 0 0 0 0 0 0 0 0 0
0 0 0 0 0 0 0 0 0 0 0 0 0 0 0 0 0 0 0 0 0 0 0 0 0 0 0 0 0 0 0 0 0 0 0 0 0 0 0 0 0 0 0 0 0 0 0 0 0 0 0 0 0 0 0 0 0 0 4.17697e-06 9.53375e-06 2.00542e-05 3.88773e-05 6.946e-05 0.000114371 0.00017356 0.000242735 0.000312867 0.000371651 0.000406872 0.000410514 0.000381719 0.000327122 0.000258354 0.000188052 0.000126149 7.79898e-05 4.44365e-05 2.33339e-05 1.12924e-05 5.03652e-06 0 0 0 0 0 0 0 0 0 0 0 0 0 0 0 0 0 0 0 0 0 0 0 0 0 0 0 0 0 0 0 0 0 0 0 0 0 0 0 0 0 0 0 0 0 0 0 0 0 0 0 0 0 0 0 0 0 0 0 0 0 0 0 0 0 0 0 0 0 0
0 0 0 0 0 0 0 0 0 0 0 0 0 0 0 0 0 0 0 0 0 0 0 0 0 0 0 0 0 0 0 0 0 0 0 0 0 0 0 0 0 0 0 0 0 0 0 0 0 0 0 0 0 0 0 0 0 0 1.61518e-06 3.68651e-06 7.75459e-06 1.50331e-05 2.68589e-05 4.42252e-05 6.71125e-05 9.38608e-05 0.000120979 0.00014371 0.000157329 0.000158737 0.000147603 0.000126492 9.99014e-05 7.27164e-05 4.87794e-05 3.01571e-05 1.71829e-05 9.02289e-06 4.36652e-06 0 0 0 0 0 0 0 0 0 0 0 0 0 0 0 0 0 0 0 0 0 0 0 0 0 0 0 0 0 0 0 0 0 0 0 0 0 0 0 0 0 0 0 0 0 0 0 0 0 0 0 0 0 0 0 0 0 0 0 0 0 0 0 0 0 0 0 0 0 0 0
0 0 0 0 0 0 0 0 0 0 0 0 0 0 0 0 0 0 0 0 0 0 0 0 0 0 0 0 0 0 0 0 0 0 0 0 0 0 0 0 0 0 0 0 0 0 0 0 0 0 0 0 0 0 0 0 0 0 0 1.31377e-06 2.76352e-06 5.35734e-06 9.57171e-06 1.57606e-05 2.39169e-05 3.34491e-05 4.31137e-05 5.12139e-05 5.60678e-05 5.65694e-05 5.26017e-05 4.5078e-05 3.56019e-05 2.5914e-05 1.73835e-05 1.07471e-05 6.12346e-06 3.21547e-06 0 0 0 0 0 0 0 0 0 0 0 0 0 0 0 0 0 0 0 0 0 0 0 0 0 0 0 0 0 0 0 0 0 0 0 0 0 0 0 0 0 0 0 0 0 0 0 0 0 0 0 0 0 0 0 0 0 0 0 0 0 0 0 0 0 0 0 0 0 0 0 0
0 0 0 0 0 0 0 0 0 0 0 0 0 0 0 0 0 0 0 0 0 0 0 0 0 0 0 0 0 0 0 0 0 0 0 0 0 0 0 0 0 0 0 0 0 0 0 0 0 0 0 0 0 0 0 0 0 0 0 0 0 1.75954e-06 3.14367e-06 5.17632e-06 7.85511e-06 1.09859e-05 1.41598e-05 1.68205e-05 1.84144e-05 1.85793e-05 1.72761e-05 1.48051e-05 1.16929e-05 8.51104e-06 5.70936e-06 3.52972e-06 0 0 0 0 0 0 0 0 0 0 0 0 0 0 0 0 0 0 0 0 0 0 0 0 0 0 0 0 0 0 0 0 0 0 0 0 0 0 0 0 0 0 0 0 0 0 0 0 0 0 0 0 0 0 0 0 0 0 0 0 0 0 0 0 0 0 0 0 0 0 0 0 0 0
0 0 0 0 0 0 0 0 0 0 0 0 0 0 0 0 0 0 0 0 0 0 0 0 0 0 0 0 0 0 0 0 0 0 0 0 0 0 0 0 0 0 0 0 0 0 0 0 0 0 0 0 0 0 0 0 0 0 0 0 0 0 9.51556e-07 1.56681e-06 2.37766e-06 3.3253e-06 4.28607e-06 5.09135e-06 5.57388e-06 5.62375e-06 5.22932e-06 4.48136e-06 3.53931e-06 2.5762e-06 1.72815e-06 0 0 0 0 0 0 0 0 0 0 0 0 0 0 0 0 0 0 0 0 0 0 0 0 0 0 0 0 0 0 0 0 0 0 0 0 0 0 0 0 0 0 0 0 0 0 0 0 0 0 0 0 0 0 0 0 0 0 0 0 0 0 0 0 0 0 0 0 0 0 0 0 0 0 0
0 0 0 0 0 0 0 0 0 0 0 0 0 0 0 0 0 0 0 0 0 0 0 0 0 0 0 0 0 0 0 0 0 0 0 0 0 0 0 0 0 0 0 0 0 0 0 0 0 0 0 0 0 0 0 0 0 0 0 0 0 0 0 0 6.63275e-07 9.27628e-07 1.19564e-06 1.42029e-06 1.55487e-06 1.5688e-06 1.45876e-06 1.25011e-06 0 0 0 0 0 0 0 0 0 0 0 0 0 0 0 0 0 0 0 0 0 0 0 0 0 0 0 0 0 0 0 0 0 0 0 0 0 0 0 0 0 0 0 0 0 0 0 0 0 0 0 0 0 0 0 0 0 0 0 0 0 0 0 0 0 0 0 0 0 0 0 0 0 0 0 0 0 0
0 0 0 0 0 0 0 0 0 0 0 0 0 0 0 0 0 0 0 0 0 0 0 0 0 0 0 0 0 0 0 0 0 0 0 0 0 0 0 0 0 0 0 0 0 0 0 0 0 0 0 0 0 0 0 0 0 0 0 0 0 0 0 0 0 0 0 0 0 0 0 0 0 0 0 0 0 0 0 0 0 0 0 0 0 0 0 0 0 0 0 0 0 0 0 0 0 0 0 0 0 0 0 0 0 0 0 0 0 0 0 0 0 0 0 0 0 0 0 0 0 0 0 0 0 0 0 0 0 0 0 0 0 0 0 0 0 0 0 0 0 0 0 0 0 0 0 0 0 0
0 0 0 0 0 0 0 0 0 0 0 0 0 0 0 0 0 0 0 0 0 0 0 0 0 0 0 0 0 0 0 0 0 0 0 0 0 0 0 0 0 0 0 0 0 0 0 0 0 0 0 0 0 0 0 0 0 0 0 0 0 0 0 0 0 0 0 0 0 0 0 0 0 0 0 0 0 0 0 0 0 0 0 0 0 0 0 0 0 0 0 0 0 0 0 0 0 0 0 0 0 0 0 0 0 0 0 0 0 0 0 0 0 0 0 0 0 0 0 0 0 0 0 0 0 0 0 0 0 0 0 0 0 0 0 0 0 0 0 0 0 0 0 0 0 0 0 0 0 0
0 0 0 0 0 0 0 0 0 0 0 0 0 0 0 0 0 0 0 0 0 0 0 0 0 0 0 0 0 0 0 0 0 0 0 0 0 0 0 0 0 0 0 0 0 0 0 0 0 0 0 0 0 0 0 0 0 0 0 0 0 0 0 0 0 0 0 0 0 0 0 0 0 0 0 0 0 0 0 0 0 0 0 0 0 0 0 0 0 0 0 0 0 0 0 0 0 0 0 0 0 0 0 0 0 0 0 0 0 0 0 0 0 0 0 0 0 0 0 0 0 0 0 0 0 0 0 0 0 0 0 0 0 0 0 0 0 0 0 0 0 0 0 0 0 0 0 0 0 0
0 0 0 0 0 0 0 0 0 0 0 0 0 0 0 0 0 0 0 0 0 0 0 0 0 0 0 0 0 0 0 0 0 0 0 0 0 0 0 0 0 0 0 0 0 0 0 0 0 0 0 0 0 0 0 0 0 0 0 0 0 0 0 0 0 0 0 0 0 0 0 0 0 0 0 0 0 0 0 0 0 0 0 0 0 0 0 0 0 0 0 0 0 0 0 0 0 0 0 0 0 0 0 0 0 0 0 0 0 0 0 0 0 0 0 0 0 0 0 0 0 0 0 0 0 0 0 0 0 0 0 0 0 0 0 0 0 0 0 0 0 0 0 0 0 0 0 0 0 0
0 0 0 0 0 0 0 0 0 0 0 0 0 0 0 0 0 0 0 0 0 0 0 0 0 0 0 0 0 0 0 0 0 0 0 0 0 0 0 0 0 0 0 0 0 0 0 0 0 0 0 0 0 0 0 0 0 0 0 0 0 0 0 0 0 0 0 0 0 0 0 0 0 0 0 0 0 0 0 0 0 0 0 0 0 0 0 0 0 0 0 0 0 0 0 0 0 0 0 0 0 0 0 0 0 0 0 0 0 0 0 0 0 0 0 0 0 0 0 0 0 0 0 0 0 0 0 0 0 0 0 0 0 0 0 0 0 0 0 0 0 0 0 0 0 0 0 0 0 0
0 0 0 0 0 0 0 0 0 0 0 0 0 0 0 0 0 0 0 0 0 0 0 0 0 0 0 0 0 0 0 0 0 0 0 0 0 0 0 0 0 0 0 0 0 0 0 0 0 0 0 0 0 0 0 0 0 0 0 0 0 0 0 0 0 0 0 0 0 0 0 0 0 0 0 0 0 0 0 0 0 0 0 0 0 0 0 0 0 0 0 0 0 0 0 0 0 0 0 0 0 0 0 0 0 0 0 0 0 0 0 0 0 0 0 0 0 0 0 0 0 0 0 0 0 0 0 0 0 0 0 0 0 0 0 0 0 0 0 0 0 0 0 0 0 0 0 0 0 0
0 0 0 0 0 0 0 0 0 0 0 0 0 0 0 0 0 0 0 0 0 0 0 0 0 0 0 0 0 0 0 0 0 0 0 0 0 0 0 0 0 0 0 0 0 0 0 0 0 0 0 0 0 0 0 0 0 0 0 0 0 0 0 0 0 0 0 0 0 0 0 0 0 0 0 0 0 0 0 0 0 0 0 0 0 0 0 0 0 0 0 0 0 0 0 0 0 0 0 0 0 0 0 0 0 0 0 0 0 0 0 0 0 0 0 0 0 0 0 0 0 0 0 0 0 0 0 0 0 0 0 0 0 0 0 0 0 0 0 0 0 0 0 0 0 0 0 0 0 0
0 0 0 0 0 0 0 0 0 0 0 0 0 0 0 0 0 0 0 0 0 0 0 0 0 0 0 0 0 0 0 0 0 0 0 0 0 0 0 0 0 0 0 0 0 0 0 0 0 0 0 0 0 0 0 0 0 0 0 0 0 0 0 0 0 0 0 0 0 0 0 0 0 0 0 0 0 0 0 0 0 0 0 0 0 0 0 0 0 0 0 0 0 0 0 0 0 0 0 0 0 0 0 0 0 0 0 0 0 0 0 0 0 0 0 0 0 0 0 0 0 0 0 0 0 0 0 0 0 0 0 0 0 0 0 0 0 0 0 0 0 0 0 0 0 0 0 0 0 0
0 0 0 0 0 0 0 0 0 0 0 0 0 0 0 0 0 0 0 0 0 0 0 0 0 0 0 0 0 0 0 0 0 0 0 0 0 0 0 0 0 0 0 0 0 0 0 0 0 0 0 0 0 0 0 0 0 0 0 0 0 0 0 0 0 0 0 0 0 0 0 0 0 0 0 0 0 0 0 0 0 0 0 0 0 0 0 0 0 0 0 0 0 0 0 0 0 0 0 0 0 0 0 0 0 0 0 0 0 0 0 0 0 0 0 0 0 0 0 0 0 0 0 0 0 0 0 0 0 0 0 0 0 0 0 0 0 0 0 0 0 0 0 0 0 0 0 0 0 0
0 0 0 0 0 0 0 0 0 0 0 0 0 0 0 0 0 0 0 0 0 0 0 0 0 0 0 0 0 0 0 0 0 0 0 0 0 0 0 0 0 0 0 0 0 0 0 0 0 0 0 0 0 0 0 0 0 0 0 0 0 0 0 0 0 0 0 0 0 0 0 0 0 0 0 0 0 0 0 0 0 0 0 0 0 0 0 0 0 0 0 0 0 0 0 0 0 0 0 0 0 0 0 0 0 0 0 0 0 0 0 0 0 0 0 0 0 0 0 0 0 0 0 0 0 0 0 0 0 0 0 0 0 0 0 0 0 0 0 0 0 0 0 0 0 0 0 0 0 0
0 0 0 0 0 0 0 0 0 0 0 0 0 0 0 0 0 0 0 0 0 0 0 0 0 0 0 0 0 0 0 0 0 0 0 0 0 0 0 0 0 0 0 0 0 0 0 0 0 0 0 0 0 0 0 0 0 0 0 0 0 0 0 0 0 0 0 0 0 0 0 0 0 0 0 0 0 0 0 0 0 0 0 0 0 0 0 0 0 0 0 0 0 0 0 0 0 0 0 0 0 0 0 0 0 0 0 0 0 0 0 0 0 0 0 0 0 0 0 0 0 0 0 0 0 0 0 0 0 0 0 0 0 0 0 0 0 0 0 0 0 0 0 0 0 0 0 0 0 0
0 0 0 0 0 0 0 0 0 0 0 0 0 0 0 0 0 0 0 0 0 0 0 0 0 0 0 0 0 0 0 0 0 0 0 0 0 0 0 0 0 0 0 0 0 0 0 0 0 0 0 0 0 0 0 0 0 0 0 0 0 0 0 0 0 0 0 0 0 0 0 0 0 0 0 0 0 0 0 0 0 0 0 0 0 0 0 0 0 0 0 0 0 0 0 0 0 0 0 0 0 0 0 0 0 0 0 0 0 0 0 0 0 0 0 0 0 0 0 0 0 0 0 0 0 0 0 0 0 0 0 0 0 0 0 0 0 0 0 0 0 0 0 0 0 0 0 0 0 0
0 0 0 0 0 0 0 0 0 0 0 0 0 0 0 0 0 0 0 0 0 0 0 0 0 0 0 0 0 0 0 0 0 0 0 0 0 0 0 0 0 0 0 0 0 0 0 0 0 0 0 0 0 0 0 0 0 0 0 0 0 0 0 0 0 0 0 0 0 0 0 0 0 0 0 0 0 0 0 0 0 0 0 0 0 0 0 0 0 0 0 0 0 0 0 0 0 0 0 0 0 0 0 0 0 0 0 0 0 0 0 0 0 0 0 0 0 0 0 0 0 0 0 0 0 0 0 0 0 0 0 0 0 0 0 0 0 0 0 0 0 0 0 0 0 0 0 0 0 0
0 0 0 0 0 0 0 0 0 0 0 0 0 0 0 0 0 0 0 0 0 0 0 0 0 0 0 0 0 0 0 0 0 0 0 0 0 0 0 0 0 0 0 0 0 0 0 0 0 0 0 0 0 0 0 0 0 0 0 0 0 0 0 0 0 0 0 0 0 0 0 0 0 0 0 0 0 0 0 0 0 0 0 0 0 0 0 0 0 0 0 0 0 0 0 0 0 0 0 0 0 0 0 0 0 0 0 0 0 0 0 0 0 0 0 0 0 0 0 0 0 0 0 0 0 0 0 0 0 0 0 0 0 0 0 0 0 0 0 0 0 0 0 0 0 0 0 0 0 0
0 0 0 0 0 0 0 0 0 0 0 0 0 0 0 0 0 0 0 0 0 0 0 0 0 0 0 0 0 0 0 0 0 0 0 0 0 0 0 0 0 0 0 0 0 0 0 0 0 0 0 0 0 0 0 0 0 0 0 0 0 0 0 0 0 0 0 0 0 0 0 0 0 0 0 0 0 0 0 0 0 0 0 0 0 0 0 0 0 0 0 0 0 0 0 0 0 0 0 0 0 0 0 0 0 0 0 0 0 0 0 0 0 0 0 0 0 0 0 0 0 0 0 0 0 0 0 0 0 0 0 0 0 0 0 0 0 0 0 0 0 0 0 0 0 0 0 0 0 0
0 0 0 0 0 0 0 0 0 0 0 0 0 0 0 0 0 0 0 0 0 0 0 0 0 0 0 0 0 0 0 0 0 0 0 0 0 0 0 0 0 0 0 0 0 0 0 0 0 0 0 0 0 0 0 0 0 0 0 0 0 0 0 0 0 0 0 0 0 0 0 0 0 0 0 0 0 0 0 0 0 0 0 0 0 0 0 0 0 0 0 0 0 0 0 0 0 0 0 0 0 0 0 0 0 0 0 0 0 0 0 0 0 0 0 0 0 0 0 0 0 0 0 0 0 0 0 0 0 0 0 0 0 0 0 0 0 0 0 0 0 0 0 0 0 0 0 0 0 0
0 0 0 0 0 0 0 0 0 0 0 0 0 0 0 0 0 0 0 0 0 0 0 0 0 0 0 0 0 0 0 0 0 0 0 0 0 0 0 0 0 0 0 0 0 0 0 0 0 0 0 0 0 0 0 0 0 0 0 0 0 0 0 0 0 0 0 0 0 0 0 0 0 0 0 0 0 0 0 0 0 0 0 0 0 0 0 0 0 0 0 0 0 0 0 0 0 0 0 0 0 0 0 0 0 0 0 0 0 0 0 0 0 0 0 0 0 0 0 0 0 0 0 0 0 0 0 0 0 0 0 0 0 0 0 0 0 0 0 0 0 0 0 0 0 0 0 0 0 0
0 0 0 0 0 0 0 0 0 0 0 0 0 0 0 0 0 0 0 0 0 0 0 0 0 0 0 0 0 0 0 0 0 0 0 0 0 0 0 0 0 0 0 0 0 0 0 0 0 0 0 0 0 0 0 0 0 0 0 0 0 0 0 0 0 0 0 0 0 0 0 0 0 0 0 0 0 0 0 0 0 0 0 0 0 0 0 0 0 0 0 0 0 0 0 0 0 0 0 0 0 0 0 0 0 0 0 0 0 0 0 0 0 0 0 0 0 0 0 0 0 0 0 0 0 0 0 0 0 0 0 0 0 0 0 0 0 0 0 0 0 0 0 0 0 0 0 0 0 0
0 0 0 0 0 0 0 0 0 0 0 0 0 0 0 0 0 0 0 0 0 0 0 0 0 0 0 0 0 0 0 0 0 0 0 0 0 0 0 0 0 0 0 0 0 0 0 0 0 0 0 0 0 0 0 0 0 0 0 0 0 0 0 0 0 0 0 0 0 0 0 0 0 0 0 0 0 0 0 0 0 0 0 0 0 0 0 0 0 0 0 0 0 0 0 0 0 0 0 0 0 0 0 0 0 0 0 0 0 0 0 0 0 0 0 0 0 0 0 0 0 0 0 0 0 0 0 0 0 0 0 0 0 0 0 0 0 0 0 0 0 0 0 0 0 0 0 0 0 0
0 0 0 0 0 0 0 0 0 0 0 0 0 0 0 0 0 0 0 0 0 0 0 0 0 0 0 0 0 0 0 0 0 0 0 0 0 0 0 0 0 0 0 0 0 0 0 0 0 0 0 0 0 0 0 0 0 0 0 0 0 0 0 0 0 0 0 0 0 0 0 0 0 0 0 0 0 0 0 0 0 0 0 0 0 0 0 0 0 0 0 0 0 0 0 0 0 0 0 0 0 0 0 0 0 0 0 0 0 0 0 0 0 0 0 0 0 0 0 0 0 0 0 0 0 0 0 0 0 0 0 0 0 0 0 0 0 0 0 0 0 0 0 0 0 0 0 0 0 0
0 0 0 0 0 0 0 0 0 0 0 0 0 0 0 0 0 0 0 0 0 0 0 0 0 0 0 0 0 0 0 0 0 0 0 0 0 0 0 0 0 0 0 0 0 0 0 0 0 0 0 0 0 0 0 0 0 0 0 0 0 0 0 0 0 0 0 0 0 0 0 0 0 0 0 0 0 0 0 0 0 0 0 0 0 0 0 0 0 0 0 0 0 0 0 0 0 0 0 0 0 0 0 0 0 0 0 0 0 0 0 0 0 0 0 0 0 0 0 0 0 0 0 0 0 0 0 0 0 0 0 0 0 0 0 0 0 0 0 0 0 0 0 0 0 0 0 0 0 0
