0 0 0 0 0 0 0 0 0 0 0 0 0 0 0 0 0 0 0 0 0 0 0 0 0 0 0 0 0 0 0 0 0 0 0 0 0 0 0 0 0 0 0 0 0 0 0 0 0 0 0 0 0 0 0 0 0 0 0 0 0 0 0 0 0 0 0 0 0 0 0 0 0 0 0 0 0 0 0 0 0 0 0 0 0 0 0 0 0 0 0 0 0 0 0 0 0 0 0 0 0 0 0 0 0 0 0 0 0 0 0 0 0 0 0 0 0 0 0 0 0 0 0 0 0 0 0 0 0 0 0 0 0 0 0 0 0 0 0 0 0 0 0 0 0 0 0 0 0 0
0 0 0 0 0 0 0 0 0 0 0 0 0 0 0 0 0 0 0 0 0 0 0 0 0 0 0 0 0 0 0 0 0 0 0 0 0 0 0 0 0 0 0 0 0 0 0 0 0 0 0 0 0 0 0 0 0 0 0 0 0 0 0 0 0 0 0 0 0 0 0 0 0 0 0 0 0 0 0 0 0 0 0 0 0 0 0 0 0 0 0 0 0 0 0 0 0 0 0 0 0 0 0 0 0 0 0 0 0 0 0 0 0 0 0 0 0 0 0 0 0 0 0 0 0 0 0 0 0 0 0 0 0 0 0 0 0 0 0 0 0 0 0 0 0 0 0 0 0 0
0 0 0 0 0 0 0 0 0 0 0 0 0 0 0 0 0 0 0 0 0 0 0 0 0 0 0 0 0 0 0 0 0 0 0 0 0 0 0 0 0 0 0 0 0 0 0 0 0 0 0 0 0 0 0 0 0 0 0 0 0 0 0 0 0 0 0 0 0 0 0 0 0 0 0 0 0 0 0 0 0 0 0 0 0 0 0 0 0 0 0 0 0 0 0 0 0 0 0 0 0 0 0 0 0 0 0 0 0 0 0 0 0 0 0 0 0 0 0 0 0 0 0 0 0 0 0 0 0 0 0 0 0 0 0 0 0 0 0 0 0 0 0 0 0 0 0 0 0 0
0 0 0 0 0 0 0 0 0 0 0 0 0 0 0 0 0 0 0 0 0 0 0 0 0 0 0 0 0 0 0 0 0 0 0 0 0 0 0 0 0 0 0 0 0 0 0 0 0 0 0 0 0 0 0 0 0 0 0 0 0 0 0 0 0 0 0 0 0 0 0 0 0 0 0 0 0 0 0 0 0 0 0 0 0 0 0 0 0 0 0 0 0 0 0 0 0 0 0 0 0 0 0 0 0 0 0 0 0 0 0 0 0 0 0 0 0 0 0 0 0 0 0 0 0 0 0 0 0 0 0 0 0 0 0 0 0 0 0 0 0 0 0 0 0 0 0 0 0 0
0 0 0 0 0 0 0 0 0 0 0 0 0 0 0 0 0 0 0 0 0 0 0 0 0 0 0 0 0 0 0 0 0 0 0 0 0 0 0 0 0 0 0 0 0 0 0 0 0 0 0 0 0 0 0 0 0 0 0 0 0 0 0 0 0 0 0 0 0 0 0 0 0 0 0 0 0 0 0 0 0 0 0 0 0 0 0 0 0 0 0 0 0 0 0 0 0 0 0 0 0 0 0 0 0 0 0 0 0 0 0 0 0 0 0 0 0 0 0 0 0 0 0 0 0 0 0 0 0 0 0 0 0 0 0 0 0 0 0 0 0 0 0 0 0 0 0 0 0 0
0 0 0 0 0 0 0 0 0 0 0 0 0 0 0 0 0 0 0 0 0 0 0 0 0 0 0 0 0 0 0 0 0 0 0 0 0 0 0 0 0 0 0 0 0 0 0 0 0 0 0 0 0 0 0 0 0 0 0 0 0 0 0 0 0 0 0 0 0 0 0 0 0 0 0 0 0 0 0 0 0 0 0 0 0 0 0 0 0 0 0 0 0 0 0 0 0 0 0 0 0 0 0 0 0 0 0 0 0 0 0 0 0 0 0 0 0 0 0 0 0 0 0 0 0 0 0 0 0 0 0 0 0 0 0 0 0 0 0 0 0 0 0 0 0 0 0 0 0 0
0 0 0 0 0 0 0 0 0 0 0 0 0 0 0 0 0 0 0 0 0 0 0 0 0 0 0 0 0 0 0 0 0 0 0 0 0 0 0 0 0 0 0 0 0 0 0 0 0 0 0 0 0 0 0 0 0 0 0 0 0 0 0 0 0 0 0 0 0 0 0 0 0 0 0 0 0 0 0 0 0 0 0 0 0 0 0 0 0 0 0 0 0 0 0 0 0 0 0 0 0 0 0 0 0 0 0 0 0 0 0 0 0 0 0 0 0 0 0 0 0 0 0 0 0 0 0 0 0 0 0 0 0 0 0 0 0 0 0 0 0 0 0 0 0 0 0 0 0 0
0 0 0 0 0 0 0 0 0 0 0 0 0 0 0 0 0 0 0 0 0 0 0 0 0 0 0 0 0 0 0 0 0 0 0 0 0 0 0 0 0 0 0 0 0 0 0 0 0 0 0 0 0 0 0 0 0 0 0 0 0 0 0 0 0 0 0 0 0 0 0 0 0 0 0 0 0 0 0 0 0 0 0 0 0 0 0 0 0 0 0 0 0 0 0 0 0 0 0 0 0 0 0 0 0 0 0 0 0 0 0 0 0 0 0 0 0 0 0 0 0 0 0 0 0 0 0 0 0 0 0 0 0 0 0 0 0 0 0 0 0 0 0 0 0 0 0 0 0 0
0 0 0 0 0 0 0 0 0 0 0 0 0 0 0 0 0 0 0 0 0 0 0 0 0 0 0 0 0 0 0 0 0 0 0 0 0 0 0 0 0 0 0 0 0 0 0 0 0 0 0 0 0 0 0 0 0 0 0 0 0 0 0 0 0 0 0 0 0 0 0 0 0 0 0 0 0 0 0 0 0 0 0 0 0 0 0 0 0 0 0 0 0 0 0 0 0 0 0 0 0 0 0 0 0 0 0 0 0 0 0 0 0 0 0 0 0 0 0 0 0 0 0 0 0 0 0 0 0 0 0 0 0 0 0 0 0 0 0 0 0 0 0 0 0 0 0 0 0 0
0 0 0 0 0 0 0 0 0 0 0 0 0 0 0 0 0 0 0 0 0 0 0 0 0 0 0 0 0 0 0 0 0 0 0 0 0 0 0 0 0 0 0 0 0 0 0 0 0 0 0 0 0 0 0 0 0 0 0 0 0 0 0 0 0 0 0 0 0 0 0 0 0 0 0 0 0 0 0 0 0 0 0 0 0 0 0 0 0 0 0 0 0 0 0 0 0 0 0 0 0 0 0 0 0 0 0 0 0 0 0 0 0 0 0 0 0 0 0 0 0 0 0 0 0 0 0 0 0 0 0 0 0 0 0 0 0 0 0 0 0 0 0 0 0 0 0 0 0 0
0 0 0 0 0 0 0 0 0 0 0 0 0 0 0 0 0 0 0 0 0 0 0 0 0 0 0 0 0 0 0 0 0 0 0 0 0 0 0 0 0 0 0 0 0 0 0 0 0 0 0 0 0 0 0 0 0 0 0 0 0 0 0 0 0 0 0 0 0 0 0 0 0 0 0 0 0 0 0 0 0 0 0 0 0 0 0 0 0 0 0 0 0 0 0 0 0 0 0 0 0 0 0 0 0 0 0 0 0 0 0 0 0 0 0 0 0 0 0 0 0 0 0 0 0 0 0 0 0 0 0 0 0 0 0 0 0 0 0 0 0 0 0 0 0 0 0 0 0 0
0 0 0 0 0 0 0 0 0 0 0 0 0 0 0 0 0 0 0 0 0 0 0 0 0 0 0 0 0 0 0 0 0 0 0 0 0 0 0 0 0 0 0 0 0 0 0 0 0 0 0 0 0 0 0 0 0 0 0 0 0 0 0 0 0 0 0 0 0 0 0 0 0 0 0 0 0 0 0 0 0 0 0 0 0 0 0 0 0 0 0 0 0 0 0 0 0 0 0 0 0 0 0 0 0 0 0 0 0 0 0 0 0 0 0 0 0 0 0 0 0 0 0 0 0 0 0 0 0 0 0 0 0 0 0 0 0 0 0 0 0 0 0 0 0 0 0 0 0 0
0 0 0 0 0 0 0 0 0 0 0 0 0 0 0 0 0 0 0 0 0 0 0 0 0 0 0 0 0 0 0 0 0 0 0 0 0 0 0 0 0 0 0 0 0 0 0 0 0 0 0 0 0 0 0 0 0 0 0 0 0 0 0 0 0 0 0 0 0 0 0 0 0 0 0 0 0 0 0 0 0 0 0 0 0 0 0 0 0 0 0 0 0 0 0 0 0 0 0 0 0 0 0 0 0 0 0 0 0 0 0 0 0 0 0 0 0 0 0 0 0 0 0 0 0 0 0 0 0 0 0 0 0 0 0 0 0 0 0 0 0 0 0 0 0 0 0 0 0 0
0 0 0 0 0 0 0 0 0 0 0 0 0 0 0 0 0 0 0 0 0 0 0 0 0 0 0 0 0 0 0 0 0 0 0 0 0 0 0 0 0 0 0 0 0 0 0 0 0 0 0 0 0 0 0 0 0 0 0 0 0 0 0 0 0 0 0 0 0 0 0 0 0 0 0 0 0 0 0 0 0 0 0 0 0 0 0 0 0 0 0 0 0 0 0 0 0 0 0 0 0 0 0 0 0 0 0 0 0 0 0 0 0 0 0 0 0 0 0 0 0 0 0 0 0 0 0 0 0 0 0 0 0 0 0 0 0 0 0 0 0 0 0 0 0 0 0 0 0 0
0 0 0 0 0 0 0 0 0 0 0 0 0 0 0 0 0 0 0 0 0 0 0 0 0 0 0 0 0 0 0 0 0 0 0 0 0 0 0 0 0 0 0 0 0 0 0 0 0 0 0 0 0 0 0 0 0 0 0 0 0 0 0 0 0 0 0 0 0 0 0 0 0 0 0 0 0 0 0 0 0 0 0 0 0 0 0 0 0 0 0 0 0 0 0 0 0 0 0 0 0 0 0 0 0 0 0 0 0 0 0 0 0 0 0 0 0 0 0 0 0 0 0 0 0 0 0 0 0 0 0 0 0 0 0 0 0 0 0 0 0 0 0 0 0 0 0 0 0 0
0 0 0 0 0 0 0 0 0 0 0 0 0 0 0 0 0 0 0 0 0 0 0 0 0 0 0 0 0 0 0 0 0 0 0 0 0 0 0 0 0 0 0 0 0 0 0 0 0 0 0 0 0 0 0 0 0 0 0 0 0 0 0 0 0 0 0 0 0 0 0 0 0 0 0 0 0 0 0 0 0 0 0 0 0 0 0 0 0 0 0 0 0 0 0 0 0 0 0 0 0 0 0 0 0 0 0 0 0 0 0 0 0 0 0 0 0 0 0 0 0 0 0 0 0 0 0 0 0 0 0 0 0 0 0 0 0 0 0 0 0 0 0 0 0 0 0 0 0 0
0 0 0 0 0 0 0 0 0 0 0 0 0 0 0 0 0 0 0 0 0 0 0 0 0 0 0 0 0 0 0 0 0 0 0 0 0 0 0 0 0 0 0 0 0 0 0 0 0 0 0 0 0 0 0 0 0 0 0 0 0 0 0 0 0 0 0 0 0 0 0 0 0 0 0 0 0 0 0 0 0 0 0 0 0 0 0 0 0 0 0 0 0 0 0 0 0 0 0 0 0 0 0 0 0 0 0 0 0 0 0 0 0 0 0 0 0 0 0 0 0 0 0 0 0 0 0 0 0 0 0 0 0 0 0 0 0 0 0 0 0 0 0 0 0 0 0 0 0 0
0 0 0 0 0 0 0 0 0 0 0 0 0 0 0 0 0 0 0 0 0 0 0 0 0 0 0 0 0 0 0 0 0 0 0 0 0 0 0 0 0 0 0 0 0 0 0 0 0 0 0 0 0 0 0 0 0 0 0 0 0 0 0 0 0 0 0 0 0 0 0 0 0 0 0 0 0 0 0 0 0 0 0 0 0 0 0 0 0 0 0 0 0 0 0 0 0 0 0 0 0 0 0 0 0 0 0 0 0 0 0 0 0 0 0 0 0 0 0 0 0 0 0 0 0 0 0 0 0 0 0 0 0 0 0 0 0 0 0 0 0 0 0 0 0 0 0 0 0 0
0 0 0 0 0 0 0 0 0 0 0 0 0 0 0 0 0 0 0 0 0 0 0 0 0 0 0 0 0 0 0 0 0 0 0 0 0 0 0 0 0 0 0 0 0 0 0 0 0 0 0 0 0 0 0 0 0 0 0 0 0 0 0 0 0 0 0 0 0 0 0 0 0 0 0 0 0 0 0 0 0 0 0 0 0 0 0 0 0 0 0 0 0 0 0 0 0 0 0 0 0 0 0 0 0 0 0 0 0 0 0 0 0 0 0 0 0 0 0 0 0 0 0 0 0 0 0 0 0 0 0 0 0 0 0 0 0 0 0 0 0 0 0 0 0 0 0 0 0 0
0 0 0 0 0 0 0 0 0 0 0 0 0 0 0 0 0 0 0 0 0 0 0 0 0 0 0 0 0 0 0 0 0 0 0 0 0 0 0 0 0 0 0 0 0 0 0 0 0 0 0 0 0 0 0 0 0 0 0 0 0 0 0 0 0 0 0 0 0 0 0 0 0 0 0 0 0 0 0 0 0 0 0 0 0 0 0 0 0 0 0 0 0 0 0 0 0 0 0 0 0 0 0 0 0 0 0 0 0 0 0 0 0 0 0 0 0 0 0 0 0 0 0 0 0 0 0 0 0 0 0 0 0 0 0 0 0 0 0 0 0 0 0 0 0 0 0 0 0 0
0 0 0 0 0 0 0 0 0 0 0 0 0 0 0 0 0 0 0 0 0 0 0 0 0 0 0 0 0 0 0 0 0 0 0 0 0 0 0 0 0 0 0 0 0 0 0 0 0 0 0 0 0 0 0 0 0 0 0 0 0 0 0 0 0 0 0 0 0 0 0 0 0 0 0 0 0 0 0 0 0 0 0 0 0 0 0 0 0 0 0 0 0 0 0 0 0 0 0 0 0 0 0 0 0 0 0 0 0 0 0 0 0 0 0 0 0 0 0 0 0 0 0 0 0 0 0 0 0 0 0 0 0 0 0 0 0 0 0 0 0 0 0 0 0 0 0 0 0 0
0 0 0 0 0 0 0 0 0 0 0 0 0 0 0 0 0 0 0 0 0 0 0 0 0 0 0 0 0 0 0 0 0 0 0 0 0 0 0 0 0 0 0 0 0 0 0 0 0 0 0 0 0 0 0 0 0 0 0 0 0 0 0 0 0 0 0 0 0 0 0 0 0 0 0 0 0 0 0 0 0 0 0 0 0 0 0 0 0 0 0 0 0 0 0 0 0 0 0 0 0 0 0 0 0 0 0 0 0 0 0 0 0 0 0 0 0 0 0 0 0 0 0 0 0 0 0 0 0 0 0 0 0 0 0 0 0 0 0 0 0 0 0 0 0 0 0 0 0 0
0 0 0 0 0 0 0 0 0 0 0 0 0 0 0 0 0 0 0 0 0 0 0 0 0 0 0 0 0 0 0 0 0 0 0 0 0 0 0 0 0 0 0 0 0 0 0 0 0 0 0 0 0 0 0 0 0 0 0 0 0 0 0 0 0 0 0 0 0 0 0 0 0 0 0 0 0 0 0 0 0 0 0 0 0 0 0 0 0 0 0 0 0 0 0 0 0 0 0 0 0 0 0 0 0 0 0 0 0 0 0 0 0 0 0 0 0 0 0 0 0 0 0 0 0 0 0 0 0 0 0 0 0 0 0 0 0 0 0 0 0 0 0 0 0 0 0 0 0 0
0 0 0 0 0 0 0 0 0 0 0 0 0 0 0 0 0 0 0 0 0 0 0 0 0 0 0 0 0 0 0 0 0 0 0 0 0 0 0 0 0 0 0 0 0 0 0 0 0 0 0 0 0 0 0 0 0 0 0 0 0 0 0 0 0 0 0 0 0 0 0 0 0 0 0 0 0 0 0 0 0 0 0 0 0 0 0 0 0 0 0 0 0 0 0 0 0 0 0 0 0 0 0 0 0 0 0 0 0 0 0 0 0 0 0 0 0 0 0 0 0 0 0 0 0 0 0 0 0 0 0 0 0 0 0 0 0 0 0 0 0 0 0 0 0 0 0 0 0 0
0 0 0 0 0 0 0 0 0 0 0 0 0 0 0 0 0 0 0 0 0 0 0 0 0 0 0 0 0 0 0 0 0 0 0 0 0 0 0 0 0 0 0 0 0 0 0 0 0 0 0 0 0 0 0 0 0 0 0 0 0 0 0 0 0 0 0 0 0 0 0 0 0 0 0 0 0 0 0 0 0 0 0 0 0 0 0 0 0 0 0 0 0 0 0 0 0 0 0 0 0 0 0 0 0 0 0 0 0 0 0 0 0 0 0 0 0 0 0 0 0 0 0 0 0 0 0 0 0 0 0 0 0 0 0 0 0 0 0 0 0 0 0 0 0 0 0 0 0 0
0 0 0 0 0 0 0 0 0 0 0 0 0 0 0 0 0 0 0 0 0 0 0 0 0 0 0 0 0 0 0 0 0 0 0 0 0 0 0 0 0 0 0 0 0 0 0 0 0 0 0 0 0 0 0 0 0 0 0 0 0 0 0 0 0 0 0 0 0 0 0 0 0 0 0 0 0 0 0 0 0 0 0 0 0 0 0 0 0 0 0 0 0 0 0 0 0 0 0 0 0 0 0 0 0 0 0 0 0 0 0 0 0 0 0 0 0 0 0 0 0 0 0 0 0 0 0 0 0 0 0 0 0 0 0 0 0 0 0 0 0 0 0 0 0 0 0 0 0 0
0 0 0 0 0 0 0 0 0 0 0 0 0 0 0 0 0 0 0 0 0 0 0 0 0 0 0 0 0 0 0 0 0 0 0 0 0 0 0 0 0 0 0 0 0 0 0 0 0 0 0 0 0 0 0 0 0 0 0 0 0 0 0 0 0 0 0 0 0 0 0 0 0 0 0 0 0 0 0 0 0 0 0 0 0 0 0 0 0 0 0 0 0 0 0 0 0 0 0 0 0 0 0 0 0 0 0 0 0 0 0 0 0 0 0 0 0 0 0 0 0 0 0 0 0 0 0 0 0 0 0 0 0 0 0 0 0 0 0 0 0 0 0 0 0 0 0 0 0 0
0 0 0 0 0 0 0 0 0 0 0 0 0 0 0 0 0 0 0 0 0 0 0 0 0 0 0 0 0 0 0 0 0 0 0 0 0 0 0 0 0 0 0 0 0 0 0 0 0 0 0 0 0 0 0 0 0 0 0 0 0 0 0 0 0 0 0 0 0 0 0 0 0 0 0 0 0 0 0 0 0 0 0 0 0 0 0 0 0 0 0 0 0 0 0 0 0 0 0 0 0 0 0 0 0 0 0 0 0 0 0 0 0 0 0 0 0 0 0 0 0 0 0 0 0 0 0 0 0 0 0 0 0 0 0 0 0 0 0 0 0 0 0 0 0 0 0 0 0 0
0 0 0 0 0 0 0 0 0 0 0 0 0 0 0 0 0 0 0 0 0 0 0 0 0 0 0 0 0 0 0 0 0 0 0 0 0 0 0 0 0 0 0 0 0 0 0 0 0 0 0 0 0 0 0 0 0 0 0 0 0 0 0 0 0 0 0 0 0 0 0 0 0 0 0 0 0 0 0 0 0 0 0 0 0 0 0 0 0 0 0 0 0 0 0 0 0 0 0 0 0 0 0 0 0 0 0 0 0 0 0 0 0 0 0 0 0 0 0 0 0 0 0 0 0 0 0 0 0 0 0 0 0 0 0 0 0 0 0 0 0 0 0 0 0 0 0 0 0 0
0 0 0 0 0 0 0 0 0 0 0 0 0 0 0 0 0 0 0 0 0 0 0 0 0 0 0 0 0 0 0 0 0 0 0 0 0 0 0 0 0 0 0 0 0 0 0 0 0 0 0 0 0 0 0 0 0 0 0 0 0 0 0 0 0 0 0 0 0 0 0 0 0 0 0 0 0 0 0 0 0 0 0 0 0 0 0 0 0 0 0 0 0 0 0 0 0 0 0 0 0 0 0 0 0 0 0 0 0 0 0 0 0 0 0 0 0 0 0 0 0 0 0 0 0 0 0 0 0 0 0 0 0 0 0 0 0 0 0 0 0 0 0 0 0 0 0 0 0 0
0 0 0 0 0 0 0 0 0 0 0 0 0 0 0 0 0 0 0 0 0 0 0 0 0 0 0 0 0 0 0 0 0 0 0 0 0 0 0 0 0 0 0 0 0 0 0 0 0 0 0 0 0 0 0 0 0 0 0 0 0 0 0 0 0 0 0 0 0 0 0 0 0 0 0 0 0 0 0 0 0 0 0 0 0 0 0 0 0 0 0 0 0 0 0 0 0 0 0 0 0 0 0 0 0 0 0 0 0 0 0 0 0 0 0 0 0 0 0 0 0 0 0 0 0 0 0 0 0 0 0 0 0 0 0 0 0 0 0 0 0 0 0 0 0 0 0 0 0 0
0 0 0 0 0 0 0 0 0 0 0 0 0 0 0 0 0 0 0 0 0 0 0 0 0 0 0 0 0 0 0 0 0 0 0 0 0 0 0 0 0 0 0 0 0 0 0 0 0 0 0 0 0 0 0 0 0 0 0 0 0 0 0 0 0 0 0 0 0 0 0 0 0 0 0 0 0 0 0 0 0 0 0 0 0 0 0 0 0 0 0 0 0 0 0 0 0 0 0 0 0 0 0 0 0 0 0 0 0 0 0 0 0 0 0 0 0 0 0 0 0 0 0 0 0 0 0 0 0 0 0 0 0 0 0 0 0 0 0 0 0 0 0 0 0 0 0 0 0 0
0 0 0 0 0 0 0 0 0 0 0 0 0 0 0 0 0 0 0 0 0 0 0 0 0 0 0 0 0 0 0 0 0 0 0 0 0 0 0 0 0 0 0 0 0 0 0 0 0 0 0 0 0 0 0 0 0 0 0 0 0 0 0 0 0 0 0 0 0 0 0 0 0 0 0 0 0 0 0 0 0 0 0 0 0 0 0 0 0 0 0 0 0 0 0 0 0 0 0 0 0 0 0 0 0 0 0 0 0 0 0 0 0 0 0 0 0 0 0 0 0 0 0 0 0 0 0 0 0 0 0 0 0 0 0 0 0 0 0 0 0 0 0 0 0 0 0 0 0 0
0 0 0 0 0 0 0 0 0 0 0 0 0 0 0 0 0 0 0 0 0 0 0 0 0 0 0 0 0 0 0 0 0 0 0 0 0 0 0 0 0 0 0 0 0 0 0 0 0 0 0 0 0 0 0 0 0 0 0 0 0 0 0 0 0 0 0 0 0 0 0 0 0 0 0 0 0 0 0 0 0 0 0 0 0 0 0 0 0 0 0 0 0 0 0 0 0 0 0 0 0 0 0 0 0 0 0 0 0 0 0 0 0 0 0 0 0 0 0 0 0 0 0 0 0 0 0 0 0 0 0 0 0 0 0 0 0 0 0 0 0 0 0 0 0 0 0 0 0 0
0 0 0 0 0 0 0 0 0 0 0 0 0 0 0 0 0 0 0 0 0 0 0 0 0 0 0 0 0 0 0 0 0 0 0 0 0 0 0 0 0 0 0 0 0 0 0 0 0 0 0 0 0 0 0 0 0 0 0 0 0 0 0 0 0 0 0 0 0 0 0 0 0 0 0 0 0 0 0 0 0 0 0 0 0 0 0 0 0 0 0 0 0 0 0 0 0 0 0 0 0 0 0 0 0 0 0 0 0 0 0 0 0 0 0 0 0 0 0 0 0 0 0 0 0 0 0 0 0 0 0 0 0 0 0 0 0 0 0 0 0 0 0 0 0 0 0 0 0 0
0 0 0 0 0 0 0 0 0 0 0 0 0 0 0 0 0 0 0 0 0 0 0 0 0 0 0 0 0 0 0 0 0 0 0 0 0 0 0 0 0 0 0 0 0 0 0 0 0 0 0 0 0 0 0 0 0 0 0 0 0 0 0 0 0 0 0 0 0 0 0 0 0 0 0 0 0 0 0 0 0 0 0 0 0 0 0 0 0 0 0 0 0 0 0 0 0 0 0 0 0 0 0 0 0 0 0 0 0 0 0 0 0 0 0 0 0 0 0 0 0 0 0 0 0 0 0 0 0 0 0 0 0 0 0 0 0 0 0 0 0 0 0 0 0 0 0 0 0 0
0 0 0 0 0 0 0 0 0 0 0 0 0 0 0 0 0 0 0 0 0 0 0 0 0 0 0 0 0 0 0 0 0 0 0 0 0 0 0 0 0 0 0 0 0 0 0 0 0 0 0 0 0 0 0 0 0 0 0 0 0 0 0 0 0 0 0 0 0 0 0 0 0 0 0 0 0 0 0 0 0 0 0 0 0 0 0 0 0 0 0 0 0 0 0 0 0 0 0 0 0 0 0 0 0 0 0 0 0 0 0 0 0 0 0 0 0 0 0 0 0 0 0 0 0 0 0 0 0 0 0 0 0 0 0 0 0 0 0 0 0 0 0 0 0 0 0 0 0 0
0 0 0 0 0 0 0 0 0 0 0 0 0 0 0 0 0 0 0 0 0 0 0 0 0 0 0 0 0 0 0 0 0 0 0 0 0 0 0 0 0 0 0 0 0 0 0 0 0 0 0 0 0 0 0 0 0 0 0 0 0 0 0 0 0 0 0 0 0 0 0 0 0 0 0 0 0 0 1.04239e-06 9.40943e-07 7.82783e-07 0 0 0 0 0 0 0 0 0 0 0 0 0 0 0 0 0 0 0 0 0 0 0 0 0 0 0 0 0 0 0 0 0 0 0 0 0 0 0 0 0 0 0 0 0 0 0 0 0 0 0 0 0 0 0 0 0 0 0 0 0 0 0 0 0 0 0 0 0
0 0 0 0 0 0 0 0 0 0 0 0 0 0 0 0 0 0 0 0 0 0 0 0 0 0 0 0 0 0 0 0 0 0 0 0 0 0 0 0 0 0 0 0 0 0 0 0 0 0 0 0 0 0 0 0 0 0 0 0 0 0 0 0 0 0 0 0 0 0 0 0 0 0 0 5.19277e-06 5.09095e-06 4.85585e-06 4.39688e-06 3.42103e-06 2.84602e-06 2.18205e-06 0 0 0 0 0 0 0 0 0 0 0 0 0 0 0 0 0 0 0 0 0 0 0 0 0 0 0 0 0 0 0 0 0 0 0 0 0 0 0 0 0 0 0 0 0 0 0 0 0 0 0 0 0 0 0 0 0 0 0 0 0 0 0 0 0 0 0 0
0 0 0 0 0 0 0 0 0 0 0 0 0 0 0 0 0 0 0 0 0 0 0 0 0 0 0 0 0 0 0 0 0 0 0 0 0 0 0 0 0 0 0 0 0 0 0 0 0 0 0 0 0 0 0 0 0 0 0 0 0 0 0 0 0 0 0 0 0 0 0 0 0 1.39097e-05 1.56858e-05 1.90723e-05 1.88706e-05 2.0988e-05 1.81027e-05 1.51795e-05 1.13639e-05 8.58635e-06 5.96568e-06 3.82905e-06 0 0 0 0 0 0 0 0 0 0 0 0 0 0 0 0 0 0 0 0 0 0 0 0 0 0 0 0 0 0 0 0 0 0 0 0 0 0 0 0 0 0 0 0 0 0 0 0 0 0 0 0 0 0 0 0 0 0 0 0 0 0 0 0 0 0
0 0 0 0 0 0 0 0 0 0 0 0 0 0 0 0 0 0 0 0 0 0 0 0 0 0 0 0 0 0 0 0 0 0 0 0 0 0 0 0 0 0 0 0 0 0 0 0 0 0 0 0 0 0 0 0 0 0 0 0 0 0 0 0 0 0 0 0 0 0 0 0 4.38472e-05 5.05386e-05 6.92642e-05 7.15025e-05 7.03183e-05 6.58246e-05 5.86321e-05 4.91429e-05 3.61842e-05 2.71485e-05 1.88244e-05 1.20608e-05 7.1394e-06 0 0 0 0 0 0 0 0 0 0 0 0 0 0 0 0 0 0 0 0 0 0 0 0 0 0 0 0 0 0 0 0 0 0 0 0 0 0 0 0 0 0 0 0 0 0 0 0 0 0 0 0 0 0 0 0 0 0 0 0 0 0 0 0 0
0 0 0 0 0 0 0 0 0 0 0 0 0 0 0 0 0 0 0 0 0 0 0 0 0 0 0 0 0 0 0 0 0 0 0 0 0 0 0 0 0 0 0 0 0 0 0 0 0 0 0 0 0 0 0 0 0 0 0 0 0 0 0 0 0 0 0 0 0 0 5.61349e-05 9.93081e-05 0.000158318 0.000182268 0.000198819 0.000209068 0.000206375 0.000193585 0.000172088 0.000144187 0.000112961 7.93691e-05 5.49242e-05 3.51303e-05 2.07665e-05 1.13441e-05 0 0 0 0 0 0 0 0 0 0 0 0 0 0 0 0 0 0 0 0 0 0 0 0 0 0 0 0 0 0 0 0 0 0 0 0 0 0 0 0 0 0 0 0 0 0 0 0 0 0 0 0 0 0 0 0 0 0 0 0 0 0 0 0
0 0 0 0 0 0 0 0 0 0 0 0 0 0 0 0 0 0 0 0 0 0 0 0 0 0 0 0 0 0 0 0 0 0 0 0 0 0 0 0 0 0 0 0 0 0 0 0 0 0 0 0 0 0 0 0 0 0 0 0 0 0 0 0 0 0 0 0 0 0.000111951 0.000261157 0.000383729 0.000453827 0.00051159 0.000551877 0.000569004 0.000559896 0.000525643 0.000467449 0.00039098 0.000306879 0.000224728 0.000148314 9.46253e-05 5.57724e-05 3.04244e-05 1.53417e-05 0 0 0 0 0 0 0 0 0 0 0 0 0 0 0 0 0 0 0 0 0 0 0 0 0 0 0 0 0 0 0 0 0 0 0 0 0 0 0 0 0 0 0 0 0 0 0 0 0 0 0 0 0 0 0 0 0 0 0 0 0 0 0
0 0 0 0 0 0 0 0 0 0 0 0 0 0 0 0 0 0 0 0 0 0 0 0 0 0 0 0 0 0 0 0 0 0 0 0 0 0 0 0 0 0 0 0 0 0 0 0 0 0 0 0 0 0 0 0 0 0 0 0 0 0 0 0 0 0 0 0 0.000322673 0.00060472 0.000782807 0.000965642 0.00113698 0.00128147 0.0013824 0.00142804 0.00141036 0.00132397 0.00117763 0.000985431 0.000770399 0.00056277 0.000378485 0.000235422 0.000138611 7.54756e-05 3.79871e-05 1.76944e-05 0 0 0 0 0 0 0 0 0 0 0 0 0 0 0 0 0 0 0 0 0 0 0 0 0 0 0 0 0 0 0 0 0 0 0 0 0 0 0 0 0 0 0 0 0 0 0 0 0 0 0 0 0 0 0 0 0 0 0 0 0 0
0 0 0 0 0 0 0 0 0 0 0 0 0 0 0 0 0 0 0 0 0 0 0 0 0 0 0 0 0 0 0 0 0 0 0 0 0 0 0 0 0 0 0 0 0 0 0 0 0 0 0 0 0 0 0 0 0 0 0 0 0 0 0 0 0 0 0.000383422 0.000691046 0.00107925 0.00145001 0.00185671 0.0022716 0.00266289 0.00299284 0.00322842 0.00333911 0.00329906 0.00309992 0.00275194 0.00229907 0.00179765 0.00131107 0.000889741 0.000553384 0.000318243 0.00017301 8.70177e-05 4.04951e-05 0 0 0 0 0 0 0 0 0 0 0 0 0 0 0 0 0 0 0 0 0 0 0 0 0 0 0 0 0 0 0 0 0 0 0 0 0 0 0 0 0 0 0 0 0 0 0 0 0 0 0 0 0 0 0 0 0 0 0 0 0 0
0 0 0 0 0 0 0 0 0 0 0 0 0 0 0 0 0 0 0 0 0 0 0 0 0 0 0 0 0 0 0 0 0 0 0 0 0 0 0 0 0 0 0 0 0 0 0 0 0 0 0 0 0 0 0 0 0 0 0 0 0 0 0 0 0 0.000624882 0.00112747 0.00175711 0.00245311 0.00325569 0.00412392 0.00500483 0.00583087 0.00653294 0.00703876 0.00727554 0.00718526 0.00674116 0.00597677 0.00497844 0.00388306 0.00282535 0.00191349 0.00119942 0.000702295 0.000366943 0.000184361 8.57631e-05 3.69438e-05 0 0 0 0 0 0 0 0 0 0 0 0 0 0 0 0 0 0 0 0 0 0 0 0 0 0 0 0 0 0 0 0 0 0 0 0 0 0 0 0 0 0 0 0 0 0 0 0 0 0 0 0 0 0 0 0 0 0 0 0 0
0 0 0 0 0 0 0 0 0 0 0 0 0 0 0 0 0 0 0 0 0 0 0 0 0 0 0 0 0 0 0 0 0 0 0 0 0 0 0 0 0 0 0 0 0 0 0 0 0 0 0 0 0 0 0 0 0 0 0 0.000295714 0.000406738 0.000519726 0.000616638 0.000854679 0.00112648 0.00175918 0.00248544 0.00378627 0.00522336 0.00685231 0.00859096 0.0103328 0.0119612 0.0133448 0.0143375 0.0147889 0.0145742 0.0136439 0.012063 0.0100175 0.00779342 0.00565841 0.0038264 0.00240688 0.00140409 0.000750837 0.000361342 0.000167996 7.23938e-05 0 0 0 0 0 0 0 0 0 0 0 0 0 0 0 0 0 0 0 0 0 0 0 0 0 0 0 0 0 0 0 0 0 0 0 0 0 0 0 0 0 0 0 0 0 0 0 0 0 0 0 0 0 0 0 0 0 0 0 0 0
0 0 0 0 0 0 0 0 0 0 0 0 0 0 0 0 0 0 0 0 0 0 0 0 0 0 0 0 0 0 0 0 0 0 0 0 0 0 0 0 0 0 0 0 0 0 0 0 0 0 0 0 0 0 0 0 0.000201691 0.000337237 0.00052843 0.000772735 0.00105194 0.00133135 0.0016784 0.00203629 0.00269488 0.00376208 0.00549399 0.00773371 0.0104668 0.0135327 0.0167949 0.0200236 0.0230156 0.0255363 0.0273196 0.0280737 0.0275657 0.0257134 0.0226578 0.0187668 0.0145595 0.0105549 0.00713401 0.00448946 0.00262536 0.00143223 0.000716989 0.000304768 0.000131432 5.26014e-05 0 0 0 0 0 0 0 0 0 0 0 0 0 0 0 0 0 0 0 0 0 0 0 0 0 0 0 0 0 0 0 0 0 0 0 0 0 0 0 0 0 0 0 0 0 0 0 0 0 0 0 0 0 0 0 0 0 0 0 0
0 0 0 0 0 0 0 0 0 0 0 0 0 0 0 0 0 0 0 0 0 0 0 0 0 0 0 0 0 0 0 0 0 0 0 0 0 0 0 0 0 0 0 0 0 0 0 0 0 0 0 0 0 0 0.000163491 0.000297017 0.000515274 0.000846659 0.00130811 0.00189033 0.00254642 0.00325218 0.00391304 0.00467653 0.00577473 0.00769663 0.0106764 0.014724 0.0196486 0.0251458 0.0308669 0.03646 0.041596 0.045841 0.0487461 0.0498232 0.0486849 0.0452177 0.0396962 0.0327963 0.0253982 0.0184097 0.0124594 0.00786605 0.00462157 0.00253812 0.00128146 0.000614677 0.000221248 8.87941e-05 0 0 0 0 0 0 0 0 0 0 0 0 0 0 0 0 0 0 0 0 0 0 0 0 0 0 0 0 0 0 0 0 0 0 0 0 0 0 0 0 0 0 0 0 0 0 0 0 0 0 0 0 0 0 0 0 0 0 0 0
0 0 0 0 0 0 0 0 0 0 0 0 0 0 0 0 0 0 0 0 0 0 0 0 0 0 0 0 0 0 0 0 0 0 0 0 0 0 0 0 0 0 0 0 0 0 0 0 0 0 0 0 0.00011724 0.000224607 0.000413138 0.000730578 0.00123757 0.00199426 0.00303371 0.0043291 0.00576935 0.0072594 0.00858202 0.0099202 0.0116544 0.0146899 0.0195811 0.0263784 0.034678 0.0438974 0.0533575 0.0624788 0.0706536 0.0772527 0.0815507 0.0828013 0.0804474 0.0743725 0.065087 0.0536886 0.041595 0.0301995 0.0205251 0.0130405 0.00773449 0.00429377 0.00222524 0.00106933 0.000487219 0.000139406 0 0 0 0 0 0 0 0 0 0 0 0 0 0 0 0 0 0 0 0 0 0 0 0 0 0 0 0 0 0 0 0 0 0 0 0 0 0 0 0 0 0 0 0 0 0 0 0 0 0 0 0 0 0 0 0 0 0 0 0
0 0 0 0 0 0 0 0 0 0 0 0 0 0 0 0 0 0 0 0 0 0 0 0 0 0 0 0 0 0 0 0 0 0 0 0 0 0 0 0 0 0 0 0 0 0 0 0 0 0 0 0.000148454 0.000292651 0.000548832 0.000984324 0.0016944 0.00279814 0.0044121 0.0065959 0.00928311 0.0122761 0.0151874 0.0177407 0.0199067 0.02238 0.026689 0.0339931 0.044555 0.0576585 0.0721198 0.0868239 0.100734 0.112918 0.122406 0.128162 0.129183 0.124765 0.114871 0.100336 0.0828032 0.0643528 0.0469599 0.0321719 0.0206521 0.0124066 0.0069881 0.00368648 0.00180286 0.000838029 0.000365311 0 0 0 0 0 0 0 0 0 0 0 0 0 0 0 0 0 0 0 0 0 0 0 0 0 0 0 0 0 0 0 0 0 0 0 0 0 0 0 0 0 0 0 0 0 0 0 0 0 0 0 0 0 0 0 0 0 0 0 0
0 0 0 0 0 0 0 0 0 0 0 0 0 0 0 0 0 0 0 0 0 0 0 0 0 0 0 0 0 0 0 0 0 0 0 0 0 0 0 0 0 0 0 0 0 0 0 0 0 0 0.000171052 0.000351782 0.000683689 0.00125941 0.00220895 0.00370665 0.00596378 0.00918356 0.0134612 0.018653 0.024343 0.0297771 0.0343004 0.0376734 0.040868 0.0461402 0.0560432 0.0711963 0.090379 0.11166 0.133094 0.153026 0.170007 0.18267 0.189684 0.189844 0.182422 0.167538 0.146409 0.121254 0.0948525 0.0698917 0.0484112 0.0315084 0.019232 0.0110204 0.00592766 0.00297681 0.00142056 0.000649626 0.00027019 8.38213e-05 5.17476e-05 0 0 0 0 0 0 0 0 0 0 0 0 0 0 0 0 0 0 0 0 0 0 0 0 0 0 0 0 0 0 0 0 0 0 0 0 0 0 0 0 0 0 0 0 0 0 0 0 0 0 0 0 0 0 0 0 0
0 0 0 0 0 0 0 0 0 0 0 0 0 0 0 0 0 0 0 0 0 0 0 0 0 0 0 0 0 0 0 0 0 0 0 0 0 0 0 0 0 0 0 0 0 0 0 0 0 0.000177475 0.00038213 0.000777198 0.00149227 0.00270839 0.00466178 0.00764526 0.0119935 0.0180154 0.0258356 0.0352012 0.0452551 0.0547147 0.0622102 0.0671402 0.0707005 0.0761961 0.0878811 0.107612 0.133756 0.163079 0.192459 0.219315 0.241556 0.257412 0.265329 0.264066 0.252989 0.232414 0.203873 0.170052 0.134367 0.100241 0.0704434 0.046524 0.0288635 0.0168303 0.00922947 0.00475454 0.00234421 0.00111803 0.000521081 0.000207472 0.000130677 7.72127e-05 4.27099e-05 0 0 0 0 0 0 0 0 0 0 0 0 0 0 0 0 0 0 0 0 0 0 0 0 0 0 0 0 0 0 0 0 0 0 0 0 0 0 0 0 0 0 0 0 0 0 0 0 0 0 0 0 0 0 0
0 0 0 0 0 0 0 0 0 0 0 0 0 0 0 0 0 0 0 0 0 0 0 0 0 0 0 0 0 0 0 0 0 0 0 0 0 0 0 0 0 0 0 0 0 0 0 0 0.000166093 0.000373354 0.000794811 0.00159969 0.00303889 0.00544772 0.00923246 0.0148475 0.0227585 0.0333533 0.0467373 0.0624072 0.078957 0.0942322 0.105923 0.112713 0.11583 0.119825 0.131386 0.154482 0.187369 0.225193 0.263097 0.297271 0.324899 0.343858 0.352551 0.349846 0.335238 0.309111 0.273067 0.230027 0.183946 0.139072 0.0991405 0.066485 0.041906 0.0248693 0.0139044 0.00735342 0.00377583 0.00191845 0.000999935 0.000569245 0.000314324 0.000189454 0.000106708 5.60208e-05 2.73463e-05 0 0 0 0 0 0 0 0 0 0 0 0 0 0 0 0 0 0 0 0 0 0 0 0 0 0 0 0 0 0 0 0 0 0 0 0 0 0 0 0 0 0 0 0 0 0 0 0 0 0 0 0 0
0 0 0 0 0 0 0 0 0 0 0 0 0 0 0 0 0 0 0 0 0 0 0 0 0 0 0 0 0 0 0 0 0 0 0 0 0 0 0 0 0 0 0 0 0 0 0 0 0.00032904 0.000730946 0.00153873 0.00306534 0.00576682 0.0102308 0.0171216 0.027095 0.0407132 0.0583168 0.0798207 0.104294 0.129604 0.152517 0.169399 0.178034 0.179499 0.179606 0.187854 0.211432 0.249379 0.295028 0.341234 0.382623 0.415606 0.437862 0.447888 0.444678 0.427649 0.396907 0.353762 0.301164 0.243615 0.186436 0.134565 0.0914552 0.0585317 0.0353495 0.0202685 0.0111607 0.00601114 0.00331403 0.00193088 0.00119509 0.000719552 0.000441334 0.000252312 0.00013413 6.61568e-05 3.02085e-05 0 0 0 0 0 0 0 0 0 0 0 0 0 0 0 0 0 0 0 0 0 0 0 0 0 0 0 0 0 0 0 0 0 0 0 0 0 0 0 0 0 0 0 0 0 0 0 0 0 0 0 0
0 0 0 0 0 0 0 0 0 0 0 0 0 0 0 0 0 0 0 0 0 0 0 0 0 0 0 0 0 0 0 0 0 0 0 0 0 0 0 0 0 0 0 0 0 0 0 0.00026135 0.000606153 0.00133119 0.00277172 0.00546664 0.0101905 0.0179149 0.0296743 0.0463629 0.0685225 0.0962035 0.128786 0.164629 0.200685 0.232436 0.254975 0.264953 0.26321 0.256643 0.257633 0.277395 0.317141 0.368728 0.422301 0.470535 0.509001 0.535304 0.548035 0.546046 0.528218 0.493923 0.443951 0.381312 0.311296 0.240549 0.175484 0.120762 0.0785112 0.0484141 0.0286058 0.0164923 0.00958398 0.00580097 0.0037152 0.00245855 0.00156159 0.000971206 0.000561611 0.000301291 0.00014972 6.88255e-05 2.92099e-05 1.14859e-05 0 0 0 0 0 0 0 0 0 0 0 0 0 0 0 0 0 0 0 0 0 0 0 0 0 0 0 0 0 0 0 0 0 0 0 0 0 0 0 0 0 0 0 0 0 0 0 0 0 0
0 0 0 0 0 0 0 0 0 0 0 0 0 0 0 0 0 0 0 0 0 0 0 0 0 0 0 0 0 0 0 0 0 0 0 0 0 0 0 0 0 0 0 0 0 0 0 0.000451538 0.0010373 0.00225425 0.00464449 0.00907105 0.0167612 0.029224 0.0479943 0.0742153 0.10826 0.149495 0.196256 0.245719 0.293662 0.334471 0.362104 0.372318 0.365664 0.349924 0.339951 0.351222 0.388488 0.443213 0.502756 0.557445 0.601808 0.633229 0.650184 0.650945 0.633363 0.595844 0.538768 0.465544 0.382577 0.297974 0.219594 0.153188 0.10148 0.064297 0.0395093 0.0241755 0.0153035 0.0102371 0.00709716 0.00485979 0.00322894 0.00200781 0.00117051 0.00063202 0.000315712 0.000145778 6.2135e-05 2.45192e-05 8.94228e-06 0 0 0 0 0 0 0 0 0 0 0 0 0 0 0 0 0 0 0 0 0 0 0 0 0 0 0 0 0 0 0 0 0 0 0 0 0 0 0 0 0 0 0 0 0 0 0 0 0
0 0 0 0 0 0 0 0 0 0 0 0 0 0 0 0 0 0 0 0 0 0 0 0 0 0 0 0 0 0 0 0 0 0 0 0 0 0 0 0 0 0 0 0 0 0 0.000298568 0.000723279 0.001648 0.00354795 0.00723855 0.0140052 0.0256588 0.0443941 0.0723631 0.110968 0.160215 0.218353 0.282033 0.346655 0.406607 0.455416 0.486494 0.495283 0.482357 0.456106 0.433118 0.432466 0.463178 0.517903 0.581753 0.642401 0.69283 0.72983 0.751399 0.754924 0.737135 0.69568 0.630971 0.547213 0.452046 0.354876 0.264636 0.187791 0.127488 0.0836539 0.0541223 0.0356405 0.0245666 0.0177564 0.012966 0.00920066 0.00616821 0.00388044 0.00227487 0.0012338 0.000618597 0.000286579 0.000122645 4.85525e-05 1.78117e-05 6.0936e-06 0 0 0 0 0 0 0 0 0 0 0 0 0 0 0 0 0 0 0 0 0 0 0 0 0 0 0 0 0 0 0 0 0 0 0 0 0 0 0 0 0 0 0 0 0 0 0 0
0 0 0 0 0 0 0 0 0 0 0 0 0 0 0 0 0 0 0 0 0 0 0 0 0 0 0 0 0 0 0 0 0 0 0 0 0 0 0 0 0 0 0 0 0 0 0.000445428 0.00107339 0.00242925 0.00518784 0.0104918 0.0201229 0.0365696 0.0628192 0.101695 0.15486 0.221767 0.299155 0.381436 0.461685 0.532688 0.58743 0.61965 0.625422 0.605861 0.569821 0.5347 0.521714 0.543657 0.595666 0.661784 0.727071 0.78247 0.823665 0.847997 0.852163 0.832256 0.785714 0.713447 0.620576 0.515721 0.408994 0.309778 0.224826 0.157514 0.108033 0.0742977 0.0528185 0.0393292 0.0300291 0.0226348 0.0162954 0.0110512 0.0069882 0.00411064 0.00223644 0.0011244 0.000522363 0.000224335 8.92433e-05 3.30239e-05 1.14462e-05 0 0 0 0 0 0 0 0 0 0 0 0 0 0 0 0 0 0 0 0 0 0 0 0 0 0 0 0 0 0 0 0 0 0 0 0 0 0 0 0 0 0 0 0 0 0 0 0
0 0 0 0 0 0 0 0 0 0 0 0 0 0 0 0 0 0 0 0 0 0 0 0 0 0 0 0 0 0 0 0 0 0 0 0 0 0 0 0 0 0 0 0 0 0 0.000614534 0.0014751 0.00332092 0.00704609 0.0141448 0.0269212 0.0485687 0.0828627 0.133313 0.201769 0.287012 0.384046 0.484746 0.579605 0.659727 0.717958 0.749262 0.751379 0.726625 0.684289 0.641619 0.620077 0.634402 0.682273 0.74807 0.815004 0.871974 0.91346 0.936395 0.937491 0.913036 0.860861 0.782473 0.683619 0.573186 0.461198 0.356764 0.266528 0.19409 0.140076 0.10268 0.0780492 0.0613705 0.0484705 0.0372066 0.0271119 0.0185062 0.0117057 0.00689576 0.00375991 0.00189484 0.00088282 0.000380742 0.000152488 5.70965e-05 2.01991e-05 6.85927e-06 0 0 0 0 0 0 0 0 0 0 0 0 0 0 0 0 0 0 0 0 0 0 0 0 0 0 0 0 0 0 0 0 0 0 0 0 0 0 0 0 0 0 0 0 0 0 0
0 0 0 0 0 0 0 0 0 0 0 0 0 0 0 0 0 0 0 0 0 0 0 0 0 0 0 0 0 0 0 0 0 0 0 0 0 0 0 0 0 0 0 0 0 0.000305451 0.000783873 0.00187666 0.00420972 0.00889002 0.0177468 0.0335702 0.0601925 0.10209 0.163339 0.245876 0.347751 0.462251 0.578812 0.685488 0.771969 0.831431 0.860794 0.860338 0.834172 0.79192 0.74983 0.727714 0.739553 0.784087 0.846798 0.910571 0.96332 0.999038 1.01508 1.00909 0.978337 0.921353 0.839927 0.739615 0.628641 0.516049 0.410097 0.317114 0.241013 0.183051 0.1418 0.113211 0.0920361 0.0740472 0.0573558 0.0419864 0.028736 0.0182783 0.0107667 0.00586272 0.00296186 0.00138482 0.000600747 0.00024305 9.26127e-05 3.37164e-05 1.19287e-05 0 0 0 0 0 0 0 0 0 0 0 0 0 0 0 0 0 0 0 0 0 0 0 0 0 0 0 0 0 0 0 0 0 0 0 0 0 0 0 0 0 0 0 0 0 0 0
0 0 0 0 0 0 0 0 0 0 0 0 0 0 0 0 0 0 0 0 0 0 0 0 0 0 0 0 0 0 0 0 0 0 0 0 0 0 0 0 0 0 0 0 0 0.000360489 0.000924445 0.00221058 0.00495002 0.0104273 0.0207479 0.0390956 0.0698049 0.117871 0.187744 0.281315 0.395894 0.523284 0.650907 0.764976 0.854368 0.913188 0.940858 0.940654 0.918754 0.885033 0.853962 0.841951 0.859491 0.903966 0.961697 1.01685 1.05842 1.0816 1.08545 1.06952 1.03246 0.973268 0.893212 0.796609 0.689987 0.580747 0.475921 0.381508 0.30194 0.239344 0.1929 0.158654 0.131229 0.106432 0.0827151 0.0606333 0.0415323 0.0264418 0.0156008 0.00852425 0.00430117 0.00202101 0.000884263 0.000363156 0.000141895 5.35923e-05 1.98356e-05 7.19485e-06 0 0 0 0 0 0 0 0 0 0 0 0 0 0 0 0 0 0 0 0 0 0 0 0 0 0 0 0 0 0 0 0 0 0 0 0 0 0 0 0 0 0 0 0 0 0
0 0 0 0 0 0 0 0 0 0 0 0 0 0 0 0 0 0 0 0 0 0 0 0 0 0 0 0 0 0 0 0 0 0 0 0 0 0 0 0 0 0 0 0 0 0.000393057 0.00100844 0.00241265 0.00540495 0.0113883 0.0226568 0.0426698 0.0760761 0.128202 0.203647 0.304116 0.426241 0.56064 0.693354 0.809546 0.898113 0.954676 0.981532 0.98512 0.97369 0.957109 0.947386 0.956097 0.988006 1.03694 1.08928 1.13163 1.1562 1.16166 1.15031 1.12427 1.08345 1.02649 0.952955 0.864781 0.766052 0.662136 0.558946 0.462453 0.377905 0.308647 0.254738 0.212617 0.176989 0.143747 0.111655 0.0817727 0.0559796 0.0356415 0.0210531 0.0115187 0.00585188 0.00275425 0.00122035 0.000511937 0.000206672 8.13935e-05 3.14853e-05 1.18365e-05 0 0 0 0 0 0 0 0 0 0 0 0 0 0 0 0 0 0 0 0 0 0 0 0 0 0 0 0 0 0 0 0 0 0 0 0 0 0 0 0 0 0 0 0 0 0
0 0 0 0 0 0 0 0 0 0 0 0 0 0 0 0 0 0 0 0 0 0 0 0 0 0 0 0 0 0 0 0 0 0 0 0 0 0 0 0 0 0 0 0 0 0.000396211 0.0010186 0.00244353 0.00549245 0.0116174 0.023204 0.0438585 0.0784032 0.132311 0.21017 0.313423 0.438085 0.573928 0.706165 0.819675 0.904052 0.956949 0.98372 0.993895 0.997632 1.00454 1.02351 1.0601 1.11213 1.16887 1.21635 1.24425 1.24963 1.23639 1.21125 1.17902 1.13999 1.09102 1.0287 0.951742 0.861651 0.762171 0.658696 0.5577 0.465651 0.387234 0.323507 0.271411 0.225853 0.182892 0.141568 0.10339 0.0706478 0.0449491 0.0265651 0.0145733 0.00743753 0.00354906 0.00158927 0.000685364 0.000287359 0.000118066 4.73933e-05 1.8306e-05 6.69276e-06 0 0 0 0 0 0 0 0 0 0 0 0 0 0 0 0 0 0 0 0 0 0 0 0 0 0 0 0 0 0 0 0 0 0 0 0 0 0 0 0 0 0 0 0 0
0 0 0 0 0 0 0 0 0 0 0 0 0 0 0 0 0 0 0 0 0 0 0 0 0 0 0 0 0 0 0 0 0 0 0 0 0 0 0 0 0 0 0 0 0 0.00036974 0.000954593 0.00230316 0.00521455 0.0111238 0.0224214 0.0427542 0.0770022 0.130667 0.20826 0.310934 0.434262 0.567463 0.69539 0.803093 0.881265 0.929724 0.956756 0.97479 0.995668 1.02837 1.07801 1.14362 1.21608 1.28068 1.32361 1.33816 1.32702 1.29992 1.26793 1.23751 1.20769 1.17207 1.12348 1.05753 0.973849 0.875529 0.768436 0.660159 0.558507 0.469273 0.394218 0.330706 0.274007 0.220535 0.169702 0.123353 0.0840181 0.0533733 0.0315548 0.0173603 0.00891975 0.00431114 0.00198329 0.000875705 0.000381571 0.000162723 6.71982e-05 2.64272e-05 9.76456e-06 0 0 0 0 0 0 0 0 0 0 0 0 0 0 0 0 0 0 0 0 0 0 0 0 0 0 0 0 0 0 0 0 0 0 0 0 0 0 0 0 0 0 0 0 0
0 0 0 0 0 0 0 0 0 0 0 0 0 0 0 0 0 0 0 0 0 0 0 0 0 0 0 0 0 0 0 0 0 0 0 0 0 0 0 0 0 0 0 0 0 0.000320224 0.000832942 0.00202966 0.00465261 0.010067 0.0205945 0.0398319 0.0726085 0.124358 0.199483 0.298946 0.418099 0.546013 0.667617 0.768491 0.840503 0.885306 0.913587 0.940084 0.977818 1.03458 1.11127 1.20064 1.28815 1.35688 1.39458 1.39889 1.37809 1.34681 1.31867 1.29951 1.28536 1.26602 1.23102 1.1738 1.09308 0.992397 0.878868 0.761658 0.649759 0.549524 0.462841 0.387321 0.318807 0.254437 0.194179 0.140176 0.095006 0.0601903 0.0355805 0.0196456 0.0101744 0.00499439 0.00235442 0.00106881 0.000482132 0.000211649 8.91266e-05 3.54592e-05 1.31837e-05 0 0 0 0 0 0 0 0 0 0 0 0 0 0 0 0 0 0 0 0 0 0 0 0 0 0 0 0 0 0 0 0 0 0 0 0 0 0 0 0 0 0 0 0 0
0 0 0 0 0 0 0 0 0 0 0 0 0 0 0 0 0 0 0 0 0 0 0 0 0 0 0 0 0 0 0 0 0 0 0 0 0 0 0 0 0 0 0 0 0 0.000258429 0.000680397 0.0016839 0.00393198 0.00868047 0.0181214 0.0356729 0.0660004 0.114336 0.184909 0.278612 0.390917 0.51129 0.625366 0.719728 0.787438 0.831504 0.864 0.90077 0.954896 1.03213 1.12894 1.23301 1.32666 1.39329 1.42411 1.42188 1.39965 1.37471 1.36021 1.35897 1.36349 1.36082 1.33848 1.28853 1.20921 1.10475 0.984008 0.857939 0.736547 0.626168 0.528285 0.440612 0.359843 0.284259 0.214673 0.153539 0.103322 0.0651646 0.038473 0.0213068 0.0111355 0.00555401 0.00268113 0.00126571 0.000576229 0.000257972 0.000110035 4.40876e-05 1.64018e-05 0 0 0 0 0 0 0 0 0 0 0 0 0 0 0 0 0 0 0 0 0 0 0 0 0 0 0 0 0 0 0 0 0 0 0 0 0 0 0 0 0 0 0 0 0
0 0 0 0 0 0 0 0 0 0 0 0 0 0 0 0 0 0 0 0 0 0 0 0 0 0 0 0 0 0 0 0 0 0 0 0 0 0 0 0 0 0 0 0 0 0.000195595 0.000524457 0.00132686 0.00317446 0.00718116 0.0153323 0.0307582 0.0577663 0.101202 0.165025 0.250126 0.352485 0.462608 0.567674 0.655925 0.721882 0.769458 0.81095 0.861731 0.933316 1.02828 1.13878 1.24884 1.33995 1.39819 1.41992 1.41346 1.39541 1.38304 1.38631 1.40431 1.42728 1.44127 1.43277 1.39221 1.31667 1.21068 1.0847 0.95147 0.821884 0.702054 0.592992 0.492657 0.39892 0.311526 0.232364 0.164268 0.109478 0.0685724 0.0403534 0.0223797 0.0117815 0.00595799 0.00293115 0.00141182 0.000647358 0.000293668 0.000126051 5.07059e-05 1.89107e-05 0 0 0 0 0 0 0 0 0 0 0 0 0 0 0 0 0 0 0 0 0 0 0 0 0 0 0 0 0 0 0 0 0 0 0 0 0 0 0 0 0 0 0 0 0
0 0 0 0 0 0 0 0 0 0 0 0 0 0 0 0 0 0 0 0 0 0 0 0 0 0 0 0 0 0 0 0 0 0 0 0 0 0 0 0 0 0 0 0 0 0 0.000385309 0.00100214 0.00246491 0.00571868 0.0124751 0.0254504 0.0484143 0.0856284 0.140642 0.214389 0.303656 0.40061 0.494736 0.576683 0.642769 0.69753 0.752539 0.821233 0.912057 1.02363 1.14406 1.2549 1.33826 1.38411 1.39474 1.38385 1.37036 1.36979 1.38842 1.42283 1.46301 1.49525 1.50474 1.47938 1.41405 1.31262 1.18639 1.04931 0.912889 0.783305 0.661774 0.547227 0.439095 0.33879 0.249335 0.173941 0.114549 0.0710728 0.0415707 0.0230145 0.012155 0.00619563 0.00308049 0.00149822 0.000707697 0.000311035 0.000133974 5.39008e-05 2.0137e-05 0 0 0 0 0 0 0 0 0 0 0 0 0 0 0 0 0 0 0 0 0 0 0 0 0 0 0 0 0 0 0 0 0 0 0 0 0 0 0 0 0 0 0 0 0
0 0 0 0 0 0 0 0 0 0 0 0 0 0 0 0 0 0 0 0 0 0 0 0 0 0 0 0 0 0 0 0 0 0 0 0 0 0 0 0 0 0 0 0 0 0 0.000272661 0.000730753 0.00184639 0.0043799 0.00971282 0.0200968 0.0386022 0.0687811 0.113644 0.174183 0.248155 0.32977 0.41131 0.486297 0.553022 0.616422 0.686683 0.774409 0.884325 1.01101 1.13918 1.24881 1.32315 1.35603 1.35496 1.33801 1.32549 1.33131 1.35953 1.4065 1.46331 1.51636 1.54889 1.54564 1.49879 1.41074 1.29214 1.15657 1.01541 0.875371 0.739217 0.608061 0.483533 0.368796 0.26793 0.184442 0.119926 0.0735756 0.0426533 0.0234727 0.0123596 0.00629356 0.00312659 0.00151745 0.000714006 0.000306466 0.000131929 5.29393e-05 1.97863e-05 0 0 0 0 0 0 0 0 0 0 0 0 0 0 0 0 0 0 0 0 0 0 0 0 0 0 0 0 0 0 0 0 0 0 0 0 0 0 0 0 0 0 0 0 0
0 0 0 0 0 0 0 0 0 0 0 0 0 0 0 0 0 0 0 0 0 0 0 0 0 0 0 0 0 0 0 0 0 0 0 0 0 0 0 0 0 0 0 0 0 0 0.000187579 0.000516683 0.00133441 0.00321796 0.00722204 0.0150815 0.0291653 0.0522479 0.0867796 0.133761 0.191953 0.257662 0.326046 0.39348 0.460078 0.530841 0.614211 0.717746 0.842643 0.980181 1.11274 1.2197 1.2857 1.3076 1.29648 1.27305 1.25826 1.2654 1.29856 1.35547 1.42843 1.50328 1.56107 1.58425 1.563 1.49767 1.39629 1.26971 1.12783 0.978251 0.826519 0.677151 0.534657 0.404093 0.290555 0.197821 0.127178 0.0771588 0.0442568 0.0241087 0.0125639 0.00632347 0.00309831 0.00148035 0.000685691 0.000281659 0.000120622 4.82858e-05 1.79739e-05 0 0 0 0 0 0 0 0 0 0 0 0 0 0 0 0 0 0 0 0 0 0 0 0 0 0 0 0 0 0 0 0 0 0 0 0 0 0 0 0 0 0 0 0 0
0 0 0 0 0 0 0 0 0 0 0 0 0 0 0 0 0 0 0 0 0 0 0 0 0 0 0 0 0 0 0 0 0 0 0 0 0 0 0 0 0 0 0 0 0 0 0 0.000355497 0.000931425 0.00226806 0.00512426 0.0107596 0.0209091 0.0375983 0.0627602 0.0973863 0.14113 0.192169 0.248203 0.308001 0.373 0.447895 0.539221 0.651828 0.784102 0.925153 1.05642 1.15782 1.21578 1.22947 1.21183 1.18423 1.16737 1.17458 1.21129 1.27696 1.36425 1.45793 1.53813 1.58714 1.59478 1.55911 1.48364 1.3743 1.23822 1.08362 0.919212 0.753251 0.593345 0.446634 0.319425 0.216061 0.137839 0.0828755 0.0470324 0.0252877 0.0129604 0.00638303 0.00304524 0.00141224 0.000635319 0.000275012 0.000102752 4.08567e-05 1.51126e-05 0 0 0 0 0 0 0 0 0 0 0 0 0 0 0 0 0 0 0 0 0 0 0 0 0 0 0 0 0 0 0 0 0 0 0 0 0 0 0 0 0 0 0 0 0
0 0 0 0 0 0 0 0 0 0 0 0 0 0 0 0 0 0 0 0 0 0 0 0 0 0 0 0 0 0 0 0 0 0 0 0 0 0 0 0 0 0 0 0 0 0 0 0 0.000631546 0.00154242 0.00349077 0.00734522 0.0143249 0.0258422 0.0433609 0.0679566 0.0998954 0.138886 0.184554 0.237334 0.299325 0.374531 0.467754 0.581666 0.712679 0.848884 0.972078 1.06388 1.11305 1.12072 1.10043 1.07266 1.05685 1.06627 1.10762 1.18113 1.27874 1.38444 1.47942 1.54854 1.58301 1.57884 1.53416 1.44897 1.32693 1.17603 1.00701 0.83081 0.657489 0.496283 0.355254 0.240047 0.152648 0.0912447 0.0513082 0.0272109 0.0136699 0.0065508 0.00301581 0.00134183 0.000578443 0.000240784 8.23943e-05 3.22753e-05 1.1839e-05 0 0 0 0 0 0 0 0 0 0 0 0 0 0 0 0 0 0 0 0 0 0 0 0 0 0 0 0 0 0 0 0 0 0 0 0 0 0 0 0 0 0 0 0 0
0 0 0 0 0 0 0 0 0 0 0 0 0 0 0 0 0 0 0 0 0 0 0 0 0 0 0 0 0 0 0 0 0 0 0 0 0 0 0 0 0 0 0 0 0 0 0 0 0.000420289 0.00102322 0.00230978 0.00485626 0.00952056 0.0172547 0.0292017 0.0464575 0.0698079 0.100063 0.138016 0.184992 0.243128 0.315601 0.40582 0.514773 0.637649 0.762384 0.872084 0.950857 0.990236 0.993106 0.972883 0.948235 0.936635 0.950757 0.997623 1.0769 1.17903 1.28797 1.38776 1.46762 1.52156 1.54451 1.5301 1.4731 1.37347 1.23763 1.07596 0.899781 0.720258 0.548541 0.395105 0.267874 0.170411 0.101567 0.0567158 0.0297178 0.014652 0.00683267 0.00303104 0.00128795 0.000527351 0.000208444 6.2858e-05 2.40279e-05 0 0 0 0 0 0 0 0 0 0 0 0 0 0 0 0 0 0 0 0 0 0 0 0 0 0 0 0 0 0 0 0 0 0 0 0 0 0 0 0 0 0 0 0 0 0
0 0 0 0 0 0 0 0 0 0 0 0 0 0 0 0 0 0 0 0 0 0 0 0 0 0 0 0 0 0 0 0 0 0 0 0 0 0 0 0 0 0 0 0 0 0 0 0 0 0.000668619 0.00150196 0.00317346 0.00625879 0.0115054 0.0198088 0.0323412 0.0502749 0.0750059 0.107908 0.150484 0.204614 0.272727 0.35714 0.457679 0.568829 0.678946 0.772936 0.837664 0.867387 0.866451 0.847654 0.827395 0.82084 0.839571 0.890045 0.970585 1.07031 1.17387 1.26872 1.3488 1.41163 1.45266 1.4633 1.43491 1.3641 1.254 1.11194 0.947025 0.77002 0.593716 0.431469 0.294176 0.187596 0.111712 0.0620958 0.0322401 0.0156641 0.00714369 0.00307137 0.00125166 0.000486769 0.000181875 4.63586e-05 1.71051e-05 0 0 0 0 0 0 0 0 0 0 0 0 0 0 0 0 0 0 0 0 0 0 0 0 0 0 0 0 0 0 0 0 0 0 0 0 0 0 0 0 0 0 0 0 0 0
0 0 0 0 0 0 0 0 0 0 0 0 0 0 0 0 0 0 0 0 0 0 0 0 0 0 0 0 0 0 0 0 0 0 0 0 0 0 0 0 0 0 0 0 0 0 0 0 0 0 0.00096351 0.00211735 0.00425769 0.00803177 0.0142795 0.0242103 0.0393375 0.0610618 0.0909681 0.130339 0.180702 0.243928 0.321525 0.41257 0.511311 0.606933 0.68634 0.739036 0.761573 0.759111 0.743255 0.727737 0.725068 0.74524 0.793792 0.868297 0.957817 1.04845 1.13062 1.20187 1.26305 1.31165 1.33943 1.33657 1.29675 1.21866 1.10452 0.959553 0.793196 0.619443 0.454321 0.311622 0.199354 0.118766 0.0658518 0.0339899 0.016348 0.00733942 0.00308424 0.00121708 0.000454048 0.000160977 3.35249e-05 1.18443e-05 0 0 0 0 0 0 0 0 0 0 0 0 0 0 0 0 0 0 0 0 0 0 0 0 0 0 0 0 0 0 0 0 0 0 0 0 0 0 0 0 0 0 0 0 0 0
0 0 0 0 0 0 0 0 0 0 0 0 0 0 0 0 0 0 0 0 0 0 0 0 0 0 0 0 0 0 0 0 0 0 0 0 0 0 0 0 0 0 0 0 0 0 0 0 0 0 0.00029869 0.0015483 0.00318258 0.0063376 0.0117271 0.0206352 0.0345447 0.0548605 0.0829246 0.119805 0.166668 0.224887 0.29538 0.376802 0.463685 0.546463 0.614213 0.658901 0.678816 0.679212 0.669786 0.660996 0.661918 0.680002 0.719739 0.779497 0.850584 0.921798 0.985832 1.04221 1.09396 1.14109 1.17748 1.19372 1.18135 1.13449 1.05002 0.929054 0.779383 0.615482 0.455063 0.313846 0.201428 0.120142 0.0665542 0.0342369 0.0163664 0.00727519 0.00301186 0.00116403 0.0004211 0.000143524 2.38802e-05 0 0 0 0 0 0 0 0 0 0 0 0 0 0 0 0 0 0 0 0 0 0 0 0 0 0 0 0 0 0 0 0 0 0 0 0 0 0 0 0 0 0 0 0 0 0 0
0 0 0 0 0 0 0 0 0 0 0 0 0 0 0 0 0 0 0 0 0 0 0 0 0 0 0 0 0 0 0 0 0 0 0 0 0 0 0 0 0 0 0 0 0 0 0 0 0 0 0.000415147 0.00120826 0.00297525 0.00597649 0.0113143 0.0200706 0.0336202 0.0533302 0.080132 0.11488 0.158308 0.211309 0.274328 0.345914 0.421289 0.492645 0.551478 0.592136 0.61428 0.622718 0.624752 0.627008 0.634258 0.650139 0.677412 0.71616 0.762221 0.808876 0.851324 0.889772 0.927751 0.966982 1.00375 1.02997 1.03607 1.01288 0.953365 0.855668 0.72597 0.578229 0.430218 0.298037 0.191843 0.114602 0.0634893 0.0326152 0.0155362 0.00686623 0.00281721 0.00107446 0.000381076 0.000126465 1.66528e-05 0 0 0 0 0 0 0 0 0 0 0 0 0 0 0 0 0 0 0 0 0 0 0 0 0 0 0 0 0 0 0 0 0 0 0 0 0 0 0 0 0 0 0 0 0 0 0
0 0 0 0 0 0 0 0 0 0 0 0 0 0 0 0 0 0 0 0 0 0 0 0 0 0 0 0 0 0 0 0 0 0 0 0 0 0 0 0 0 0 0 0 0 0 0 0 0 0.000254205 0.000604281 0.00151986 0.00326417 0.00662852 0.0123492 0.0214999 0.035268 0.0547781 0.0806747 0.113417 0.153364 0.200845 0.255901 0.317174 0.380966 0.441534 0.493036 0.532149 0.55966 0.579658 0.596931 0.614263 0.631921 0.649242 0.666426 0.684626 0.704432 0.724844 0.744546 0.764224 0.786684 0.81385 0.843609 0.869426 0.881957 0.870952 0.827832 0.749277 0.640044 0.512507 0.382897 0.266091 0.171665 0.102694 0.0569202 0.0292272 0.0138964 0.006122 0.00249884 0.000945579 0.000331047 0.000108111 0 0 0 0 0 0 0 0 0 0 0 0 0 0 0 0 0 0 0 0 0 0 0 0 0 0 0 0 0 0 0 0 0 0 0 0 0 0 0 0 0 0 0 0 0 0 0 0
0 0 0 0 0 0 0 0 0 0 0 0 0 0 0 0 0 0 0 0 0 0 0 0 0 0 0 0 0 0 0 0 0 0 0 0 0 0 0 0 0 0 0 0 0 0 0 0 0 0.000348331 0.000826886 0.00194347 0.00406288 0.00787793 0.0142762 0.0243474 0.0388892 0.0586876 0.0841192 0.115168 0.151702 0.193549 0.240374 0.291066 0.343201 0.393271 0.438078 0.476447 0.509971 0.541937 0.574795 0.608025 0.638106 0.660764 0.67373 0.678138 0.67761 0.675883 0.675418 0.677879 0.685002 0.697822 0.714807 0.730988 0.738536 0.728287 0.69229 0.627126 0.536321 0.430022 0.321695 0.223825 0.14454 0.0865161 0.0479692 0.0246224 0.0116971 0.00514044 0.00209163 0.000787805 0.000273123 0 0 0 0 0 0 0 0 0 0 0 0 0 0 0 0 0 0 0 0 0 0 0 0 0 0 0 0 0 0 0 0 0 0 0 0 0 0 0 0 0 0 0 0 0 0 0 0 0
0 0 0 0 0 0 0 0 0 0 0 0 0 0 0 0 0 0 0 0 0 0 0 0 0 0 0 0 0 0 0 0 0 0 0 0 0 0 0 0 0 0 0 0 0 0 0 0 0.000173728 0.000446505 0.00106009 0.0024047 0.00496303 0.00949313 0.016916 0.0281665 0.0440746 0.0649439 0.0907012 0.120797 0.154482 0.19106 0.229927 0.27033 0.31119 0.351219 0.389615 0.426932 0.465239 0.506903 0.552463 0.598972 0.640388 0.670109 0.684165 0.683226 0.672043 0.656909 0.642809 0.632329 0.626344 0.624692 0.625915 0.626567 0.621207 0.603191 0.566581 0.508784 0.432445 0.345251 0.257542 0.178842 0.115327 0.0689535 0.0381869 0.0195781 0.00928677 0.00407087 0.00165239 0.000620226 0.000211118 0 0 0 0 0 0 0 0 0 0 0 0 0 0 0 0 0 0 0 0 0 0 0 0 0 0 0 0 0 0 0 0 0 0 0 0 0 0 0 0 0 0 0 0 0 0 0 0 0
0 0 0 0 0 0 0 0 0 0 0 0 0 0 0 0 0 0 0 0 0 0 0 0 0 0 0 0 0 0 0 0 0 0 0 0 0 0 0 0 0 0 0 0 0 0 0 0 0.000208328 0.000535832 0.00127381 0.00284758 0.00584176 0.0111185 0.0196823 0.0325094 0.050286 0.0730822 0.100269 0.130638 0.162697 0.195076 0.226914 0.25796 0.288498 0.319293 0.351612 0.387298 0.428521 0.476731 0.531067 0.587155 0.637659 0.674823 0.693704 0.694297 0.681339 0.661793 0.641575 0.623576 0.607958 0.593581 0.578918 0.562005 0.540012 0.509315 0.466582 0.410552 0.343444 0.270881 0.200171 0.138008 0.0884949 0.0526675 0.029051 0.0148422 0.00701686 0.00306142 0.00123882 0.000460619 0.000158917 0 0 0 0 0 0 0 0 0 0 0 0 0 0 0 0 0 0 0 0 0 0 0 0 0 0 0 0 0 0 0 0 0 0 0 0 0 0 0 0 0 0 0 0 0 0 0 0 0
0 0 0 0 0 0 0 0 0 0 0 0 0 0 0 0 0 0 0 0 0 0 0 0 0 0 0 0 0 0 0 0 0 0 0 0 0 0 0 0 0 0 0 0 0 0 0 0 0.000234695 0.000604322 0.0014396 0.00317497 0.00656143 0.0125107 0.0221674 0.0366204 0.0565729 0.0819336 0.111633 0.143731 0.175802 0.205673 0.232101 0.255284 0.276846 0.299442 0.326149 0.359849 0.402713 0.455471 0.516378 0.580379 0.639607 0.685639 0.712633 0.719613 0.710572 0.692212 0.670558 0.648498 0.625758 0.600606 0.57151 0.537652 0.498432 0.453002 0.400588 0.341512 0.278073 0.214449 0.155585 0.105646 0.0669122 0.0394112 0.0215431 0.0109222 0.00512855 0.00222869 0.000890066 0.000330957 3.13466e-05 0 0 0 0 0 0 0 0 0 0 0 0 0 0 0 0 0 0 0 0 0 0 0 0 0 0 0 0 0 0 0 0 0 0 0 0 0 0 0 0 0 0 0 0 0 0 0 0 0
0 0 0 0 0 0 0 0 0 0 0 0 0 0 0 0 0 0 0 0 0 0 0 0 0 0 0 0 0 0 0 0 0 0 0 0 0 0 0 0 0 0 0 0 0 0 0 8.98691e-05 0.000250171 0.00064466 0.00153893 0.00340606 0.00703511 0.0134642 0.0239841 0.0398458 0.0618792 0.0899769 0.122779 0.157687 0.19133 0.22057 0.243602 0.260833 0.274972 0.29039 0.311874 0.343448 0.387621 0.44492 0.513234 0.587121 0.658087 0.716604 0.755289 0.77164 0.76862 0.752617 0.729914 0.703808 0.674148 0.639066 0.597084 0.548002 0.492646 0.432236 0.368159 0.30237 0.237685 0.17754 0.12524 0.0829599 0.051455 0.0297625 0.0160186 0.00800644 0.00371428 0.001595 0.000628919 0.000232141 1.93621e-05 0 0 0 0 0 0 0 0 0 0 0 0 0 0 0 0 0 0 0 0 0 0 0 0 0 0 0 0 0 0 0 0 0 0 0 0 0 0 0 0 0 0 0 0 0 0 0 0 0
0 0 0 0 0 0 0 0 0 0 0 0 0 0 0 0 0 0 0 0 0 0 0 0 0 0 0 0 0 0 0 0 0 0 0 0 0 0 0 0 0 0 0 0 0 0 0 9.16357e-05 0.000254531 0.000655532 0.00156668 0.00347797 0.00719926 0.0138551 0.0248584 0.0416446 0.0652359 0.0956439 0.131397 0.169424 0.205553 0.23566 0.257208 0.270453 0.27879 0.287946 0.304371 0.333597 0.379168 0.442129 0.520441 0.60812 0.695364 0.770593 0.824084 0.851365 0.854362 0.839539 0.81405 0.782239 0.744679 0.699745 0.645943 0.583259 0.513204 0.43832 0.361763 0.287004 0.217647 0.156906 0.107 0.0687173 0.0413799 0.023338 0.0122749 0.00600844 0.00273767 0.00115794 0.000445345 8.03866e-05 0 0 0 0 0 0 0 0 0 0 0 0 0 0 0 0 0 0 0 0 0 0 0 0 0 0 0 0 0 0 0 0 0 0 0 0 0 0 0 0 0 0 0 0 0 0 0 0 0 0
0 0 0 0 0 0 0 0 0 0 0 0 0 0 0 0 0 0 0 0 0 0 0 0 0 0 0 0 0 0 0 0 0 0 0 0 0 0 0 0 0 0 0 0 0 0 0 9.01021e-05 0.000249104 0.000639738 0.00152776 0.00339644 0.00703789 0.0136354 0.0246509 0.0416732 0.065938 0.0976616 0.135439 0.175983 0.214545 0.246192 0.267576 0.278512 0.282597 0.286466 0.298081 0.324755 0.3717 0.441109 0.531193 0.635175 0.741412 0.835802 0.905949 0.945263 0.95465 0.940815 0.912038 0.874035 0.828362 0.773746 0.708634 0.633003 0.548847 0.459806 0.370512 0.285867 0.210215 0.146714 0.0968142 0.0601919 0.0351023 0.0192322 0.00985283 0.00470056 0.00209522 0.000868626 0.000204502 7.12683e-05 0 0 0 0 0 0 0 0 0 0 0 0 0 0 0 0 0 0 0 0 0 0 0 0 0 0 0 0 0 0 0 0 0 0 0 0 0 0 0 0 0 0 0 0 0 0 0 0 0 0
0 0 0 0 0 0 0 0 0 0 0 0 0 0 0 0 0 0 0 0 0 0 0 0 0 0 0 0 0 0 0 0 0 0 0 0 0 0 0 0 0 0 0 0 0 0 0 8.56979e-05 0.000235289 0.000601108 0.00143091 0.00317864 0.00659879 0.0128311 0.0233525 0.0398304 0.0636657 0.0953191 0.133593 0.175228 0.215215 0.24808 0.269768 0.279541 0.280845 0.280803 0.288532 0.313046 0.361367 0.43699 0.538454 0.658245 0.783134 0.896866 0.984629 1.03766 1.05551 1.04471 1.01444 0.971701 0.918878 0.854888 0.778097 0.688742 0.589702 0.486057 0.383979 0.289517 0.207565 0.140982 0.0904395 0.0546369 0.031028 0.0164821 0.00822684 0.00382143 0.00166531 0.000547046 0.000178051 6.18822e-05 0 0 0 0 0 0 0 0 0 0 0 0 0 0 0 0 0 0 0 0 0 0 0 0 0 0 0 0 0 0 0 0 0 0 0 0 0 0 0 0 0 0 0 0 0 0 0 0 0 0
0 0 0 0 0 0 0 0 0 0 0 0 0 0 0 0 0 0 0 0 0 0 0 0 0 0 0 0 0 0 0 0 0 0 0 0 0 0 0 0 0 0 0 0 0 0 0 7.85426e-05 0.000213897 0.000542685 0.00128521 0.00284702 0.0059104 0.0115163 0.0210923 0.0362711 0.0585561 0.0886177 0.125543 0.166309 0.20598 0.238877 0.260551 0.269801 0.26981 0.267852 0.273719 0.297555 0.347689 0.428715 0.539703 0.673085 0.814987 0.94777 1.05452 1.12392 1.15333 1.14841 1.1188 1.07269 1.01319 0.939241 0.849191 0.74403 0.628311 0.509133 0.394375 0.290996 0.203887 0.135227 0.084655 0.0499098 0.0276521 0.0143064 0.0069825 0.00316432 0.00122607 0.000479469 0.000149746 5.20003e-05 0 0 0 0 0 0 0 0 0 0 0 0 0 0 0 0 0 0 0 0 0 0 0 0 0 0 0 0 0 0 0 0 0 0 0 0 0 0 0 0 0 0 0 0 0 0 0 0 0 0
0 0 0 0 0 0 0 0 0 0 0 0 0 0 0 0 0 0 0 0 0 0 0 0 0 0 0 0 0 0 0 0 0 0 0 0 0 0 0 0 0 0 0 0 0 0 0 6.8759e-05 0.000185767 0.000467861 0.00110144 0.0024305 0.00504029 0.00984153 0.0181142 0.031394 0.0511652 0.0782469 0.112008 0.149805 0.18707 0.21835 0.239208 0.24828 0.248562 0.24726 0.254233 0.279823 0.332889 0.41902 0.538477 0.684592 0.843696 0.997176 1.12566 1.21435 1.25735 1.25873 1.22876 1.17738 1.10891 1.02249 0.916544 0.793183 0.659141 0.523963 0.397256 0.286538 0.196126 0.127081 0.0777698 0.0448294 0.0243129 0.0122529 0.00587211 0.00250044 0.00104095 0.000403748 0.000120091 0 0 0 0 0 0 0 0 0 0 0 0 0 0 0 0 0 0 0 0 0 0 0 0 0 0 0 0 0 0 0 0 0 0 0 0 0 0 0 0 0 0 0 0 0 0 0 0 0 0 0
0 0 0 0 0 0 0 0 0 0 0 0 0 0 0 0 0 0 0 0 0 0 0 0 0 0 0 0 0 0 0 0 0 0 0 0 0 0 0 0 0 0 0 0 0 0 0 5.69383e-05 0.000152782 0.000382271 0.000894906 0.00196734 0.00407528 0.00797352 0.0147471 0.0257604 0.0423736 0.0654396 0.094571 0.127585 0.160528 0.188557 0.207719 0.216873 0.218996 0.221023 0.232215 0.26225 0.320197 0.413113 0.543159 0.704967 0.884985 1.06299 1.21613 1.32504 1.37988 1.38313 1.3466 1.28329 1.20008 1.09693 0.972482 0.829751 0.677479 0.527452 0.390736 0.274987 0.18356 0.116056 0.0693637 0.0390866 0.0207595 0.0101664 0.00472881 0.00204237 0.000842431 0.000242232 9.09622e-05 0 0 0 0 0 0 0 0 0 0 0 0 0 0 0 0 0 0 0 0 0 0 0 0 0 0 0 0 0 0 0 0 0 0 0 0 0 0 0 0 0 0 0 0 0 0 0 0 0 0 0
0 0 0 0 0 0 0 0 0 0 0 0 0 0 0 0 0 0 0 0 0 0 0 0 0 0 0 0 0 0 0 0 0 0 0 0 0 0 0 0 0 0 0 0 0 0 0 0 0.000118085 0.000293942 0.00068517 0.00150227 0.00311135 0.0061048 0.011355 0.0199868 0.0331723 0.0516909 0.0753318 0.102398 0.129709 0.153337 0.170177 0.179656 0.184873 0.192238 0.209889 0.246694 0.312561 0.416641 0.562787 0.746079 0.951828 1.15699 1.33444 1.45998 1.5202 1.51678 1.46407 1.37965 1.27452 1.15052 1.00657 0.84598 0.678542 0.517392 0.374357 0.256816 0.166921 0.102793 0.0598726 0.032931 0.0170504 0.00804749 0.00373612 0.0015837 0.000647069 0.000172275 4.3433e-05 0 0 0 0 0 0 0 0 0 0 0 0 0 0 0 0 0 0 0 0 0 0 0 0 0 0 0 0 0 0 0 0 0 0 0 0 0 0 0 0 0 0 0 0 0 0 0 0 0 0 0
0 0 0 0 0 0 0 0 0 0 0 0 0 0 0 0 0 0 0 0 0 0 0 0 0 0 0 0 0 0 0 0 0 0 0 0 0 0 0 0 0 0 0 0 0 0 0 0 8.52909e-05 0.000211591 0.000491963 0.00107775 0.0022356 0.00440509 0.00824745 0.0146332 0.0244892 0.0384649 0.0564653 0.0772575 0.0984665 0.117243 0.131529 0.141489 0.150331 0.163711 0.18865 0.234094 0.311734 0.432437 0.600284 0.809084 1.04164 1.27138 1.46712 1.60098 1.65725 1.63792 1.56042 1.44758 1.31552 1.16906 1.00764 0.834085 0.657846 0.492003 0.348173 0.233009 0.147486 0.0882814 0.0500138 0.0267758 0.0135628 0.00613367 0.00280234 0.00116299 0.000470546 0.000114764 0 0 0 0 0 0 0 0 0 0 0 0 0 0 0 0 0 0 0 0 0 0 0 0 0 0 0 0 0 0 0 0 0 0 0 0 0 0 0 0 0 0 0 0 0 0 0 0 0 0 0 0
0 0 0 0 0 0 0 0 0 0 0 0 0 0 0 0 0 0 0 0 0 0 0 0 0 0 0 0 0 0 0 0 0 0 0 0 0 0 0 0 0 0 0 0 0 0 0 0 5.73553e-05 0.000142074 0.000330219 0.000724472 0.0015085 0.0029904 0.00564209 0.0100926 0.0170229 0.0269238 0.0397616 0.0547155 0.0701768 0.0843323 0.0961628 0.106525 0.118584 0.13725 0.169192 0.224656 0.317035 0.457309 0.648078 0.880692 1.13485 1.3806 1.58394 1.71523 1.75841 1.71662 1.6103 1.46695 1.30778 1.14127 0.967786 0.789051 0.612799 0.450573 0.31269 0.204625 0.126297 0.0735837 0.0405469 0.0211069 0.0103982 0.0044327 0.00198842 0.000807307 0.000177169 0 0 0 0 0 0 0 0 0 0 0 0 0 0 0 0 0 0 0 0 0 0 0 0 0 0 0 0 0 0 0 0 0 0 0 0 0 0 0 0 0 0 0 0 0 0 0 0 0 0 0 0 0
0 0 0 0 0 0 0 0 0 0 0 0 0 0 0 0 0 0 0 0 0 0 0 0 0 0 0 0 0 0 0 0 0 0 0 0 0 0 0 0 0 0 0 0 0 0 0 0 0 8.88112e-05 0.000206862 0.000455755 0.000955109 0.00190885 0.00363327 0.00655366 0.0111339 0.0177158 0.0262953 0.0363796 0.0470106 0.0572352 0.0668712 0.0772582 0.0914005 0.11387 0.15204 0.217703 0.324581 0.482198 0.691001 0.939716 1.20508 1.45469 1.65333 1.77169 1.79514 1.72875 1.59528 1.42531 1.24419 1.06395 0.886237 0.711457 0.544663 0.394606 0.269377 0.172966 0.104458 0.0593398 0.0318076 0.0160951 0.00770276 0.00304057 0.00133663 0.000528701 6.9371e-05 0 0 0 0 0 0 0 0 0 0 0 0 0 0 0 0 0 0 0 0 0 0 0 0 0 0 0 0 0 0 0 0 0 0 0 0 0 0 0 0 0 0 0 0 0 0 0 0 0 0 0 0 0
0 0 0 0 0 0 0 0 0 0 0 0 0 0 0 0 0 0 0 0 0 0 0 0 0 0 0 0 0 0 0 0 0 0 0 0 0 0 0 0 0 0 0 0 0 0 0 0 0 5.16553e-05 0.000120922 0.000268402 0.000567803 0.00114659 0.00220407 0.0040091 0.00685594 0.0109664 0.0163528 0.022753 0.0296894 0.0368432 0.0445813 0.0544743 0.0694274 0.0942825 0.137503 0.21136 0.328392 0.496251 0.713447 0.966606 1.23043 1.47133 1.65449 1.75262 1.75377 1.66522 1.51108 1.32325 1.12933 0.944164 0.77083 0.608563 0.459326 0.328403 0.221112 0.139782 0.0828991 0.0460811 0.024117 0.0118678 0.00551827 0.00198027 0.000775578 8.78612e-05 0 0 0 0 0 0 0 0 0 0 0 0 0 0 0 0 0 0 0 0 0 0 0 0 0 0 0 0 0 0 0 0 0 0 0 0 0 0 0 0 0 0 0 0 0 0 0 0 0 0 0 0 0 0
0 0 0 0 0 0 0 0 0 0 0 0 0 0 0 0 0 0 0 0 0 0 0 0 0 0 0 0 0 0 0 0 0 0 0 0 0 0 0 0 0 0 0 0 0 0 0 0 0 0 6.60577e-05 0.000148262 0.000317641 0.000649428 0.00126189 0.00231424 0.00398239 0.00639876 0.0095858 0.0134356 0.0177716 0.0226739 0.0288055 0.0378081 0.052695 0.0788437 0.125113 0.202901 0.322968 0.491352 0.705174 0.949955 1.19975 1.42137 1.5818 1.65673 1.63735 1.53292 1.36784 1.17355 0.977902 0.797304 0.636087 0.492687 0.366239 0.258501 0.171947 0.107317 0.0627217 0.0342449 0.0175698 0.00840252 0.00381655 0.00122674 0.000440046 0 0 0 0 0 0 0 0 0 0 0 0 0 0 0 0 0 0 0 0 0 0 0 0 0 0 0 0 0 0 0 0 0 0 0 0 0 0 0 0 0 0 0 0 0 0 0 0 0 0 0 0 0 0 0
0 0 0 0 0 0 0 0 0 0 0 0 0 0 0 0 0 0 0 0 0 0 0 0 0 0 0 0 0 0 0 0 0 0 0 0 0 0 0 0 0 0 0 0 0 0 0 0 0 0 3.38176e-05 7.70649e-05 0.000167722 0.000347783 0.000683395 0.00126313 0.0021862 0.00352839 0.00531459 0.00751523 0.0101656 0.0135009 0.018327 0.0263513 0.0407462 0.0670582 0.113513 0.189951 0.305379 0.464464 0.663605 0.888383 1.11383 1.30879 1.44318 1.49605 1.46141 1.34975 1.18474 0.995819 0.809406 0.641983 0.49868 0.377595 0.275744 0.191949 0.126193 0.0778859 0.0449801 0.0241872 0.0122209 0.00575406 0.0025367 0.000610317 0 0 0 0 0 0 0 0 0 0 0 0 0 0 0 0 0 0 0 0 0 0 0 0 0 0 0 0 0 0 0 0 0 0 0 0 0 0 0 0 0 0 0 0 0 0 0 0 0 0 0 0 0 0 0 0
0 0 0 0 0 0 0 0 0 0 0 0 0 0 0 0 0 0 0 0 0 0 0 0 0 0 0 0 0 0 0 0 0 0 0 0 0 0 0 0 0 0 0 0 0 0 0 0 0 0 0 3.78666e-05 8.39089e-05 0.000176574 0.000350694 0.000652766 0.00113667 0.00184391 0.00279939 0.00402079 0.00562561 0.00793985 0.0117924 0.0189252 0.0324786 0.0575229 0.101118 0.171409 0.27572 0.417524 0.593092 0.789085 0.983069 1.1473 1.25553 1.29016 1.24733 1.13774 0.983195 0.810123 0.642156 0.494582 0.372688 0.274627 0.196254 0.1344 0.0872497 0.0532728 0.0304328 0.0161695 0.00806597 0.00373823 0.00160526 0 0 0 0 0 0 0 0 0 0 0 0 0 0 0 0 0 0 0 0 0 0 0 0 0 0 0 0 0 0 0 0 0 0 0 0 0 0 0 0 0 0 0 0 0 0 0 0 0 0 0 0 0 0 0 0 0
0 0 0 0 0 0 0 0 0 0 0 0 0 0 0 0 0 0 0 0 0 0 0 0 0 0 0 0 0 0 0 0 0 0 0 0 0 0 0 0 0 0 0 0 0 0 0 0 0 0 0 0 3.98491e-05 8.50468e-05 0.00017057 0.000319371 0.000560643 0.000916545 0.00141111 0.00208363 0.00308209 0.00476113 0.00792131 0.0141854 0.0263521 0.0487296 0.0870284 0.147756 0.236601 0.356018 0.502512 0.664699 0.823621 0.956009 1.03998 1.06119 1.01715 0.917742 0.782007 0.632549 0.489437 0.365871 0.266715 0.190377 0.132469 0.088899 0.0568504 0.0343081 0.0194035 0.0101889 0.00502909 0.00230024 0.000351176 0 0 0 0 0 0 0 0 0 0 0 0 0 0 0 0 0 0 0 0 0 0 0 0 0 0 0 0 0 0 0 0 0 0 0 0 0 0 0 0 0 0 0 0 0 0 0 0 0 0 0 0 0 0 0 0 0
0 0 0 0 0 0 0 0 0 0 0 0 0 0 0 0 0 0 0 0 0 0 0 0 0 0 0 0 0 0 0 0 0 0 0 0 0 0 0 0 0 0 0 0 0 0 0 0 0 0 0 0 0 3.88115e-05 7.84067e-05 0.000147617 0.000263035 0.000436499 0.000691284 0.00107476 0.00173417 0.00300746 0.0055944 0.0108769 0.0211552 0.0398483 0.0714172 0.120794 0.192162 0.287137 0.402739 0.529872 0.653553 0.755391 0.818075 0.830366 0.790572 0.706992 0.595283 0.473765 0.35863 0.260543 0.183576 0.126456 0.085221 0.0557574 0.0349928 0.0208202 0.0116489 0.00604586 0.00295767 0.00128165 0.000221704 0 0 0 0 0 0 0 0 0 0 0 0 0 0 0 0 0 0 0 0 0 0 0 0 0 0 0 0 0 0 0 0 0 0 0 0 0 0 0 0 0 0 0 0 0 0 0 0 0 0 0 0 0 0 0 0 0
0 0 0 0 0 0 0 0 0 0 0 0 0 0 0 0 0 0 0 0 0 0 0 0 0 0 0 0 0 0 0 0 0 0 0 0 0 0 0 0 0 0 0 0 0 0 0 0 0 0 0 0 0 0 3.39858e-05 6.42228e-05 0.0001184 0.000202887 0.00033954 0.000574529 0.00101838 0.00199904 0.00403024 0.00821472 0.016325 0.0309396 0.0553443 0.093087 0.147075 0.218299 0.304388 0.39855 0.489679 0.56414 0.609016 0.61589 0.58353 0.518346 0.432342 0.339539 0.252273 0.178665 0.121852 0.0808798 0.0525536 0.0333349 0.0204274 0.0119477 0.00649907 0.00337864 0.00158964 0.000305188 0.000129627 0 0 0 0 0 0 0 0 0 0 0 0 0 0 0 0 0 0 0 0 0 0 0 0 0 0 0 0 0 0 0 0 0 0 0 0 0 0 0 0 0 0 0 0 0 0 0 0 0 0 0 0 0 0 0 0 0
0 0 0 0 0 0 0 0 0 0 0 0 0 0 0 0 0 0 0 0 0 0 0 0 0 0 0 0 0 0 0 0 0 0 0 0 0 0 0 0 0 0 0 0 0 0 0 0 0 0 0 0 0 0 0 2.61805e-05 5.22877e-05 9.5336e-05 0.000174034 0.000325916 0.000636825 0.00134458 0.00284054 0.00592997 0.0118927 0.0225597 0.0402187 0.0672765 0.105649 0.155875 0.216197 0.28188 0.345222 0.396742 0.427393 0.43121 0.407278 0.360121 0.298322 0.231926 0.169787 0.117727 0.0780085 0.0499557 0.0312237 0.0191023 0.0113712 0.00650461 0.0034656 0.00176468 0.000836415 0.000165539 0 0 0 0 0 0 0 0 0 0 0 0 0 0 0 0 0 0 0 0 0 0 0 0 0 0 0 0 0 0 0 0 0 0 0 0 0 0 0 0 0 0 0 0 0 0 0 0 0 0 0 0 0 0 0 0 0 0
0 0 0 0 0 0 0 0 0 0 0 0 0 0 0 0 0 0 0 0 0 0 0 0 0 0 0 0 0 0 0 0 0 0 0 0 0 0 0 0 0 0 0 0 0 0 0 0 0 0 0 0 0 0 0 0 1.57532e-05 4.69948e-05 9.41506e-05 0.000191379 0.000398995 0.000868004 0.00190299 0.00402198 0.0080979 0.0153492 0.0272739 0.0454137 0.0709486 0.104149 0.143808 0.186816 0.228201 0.261791 0.281657 0.283832 0.267636 0.236009 0.194641 0.150257 0.108807 0.0742177 0.0480261 0.0297878 0.0179218 0.0105425 0.00606281 0.00337526 0.00175241 0.000877215 0.000291637 8.30335e-05 0 0 0 0 0 0 0 0 0 0 0 0 0 0 0 0 0 0 0 0 0 0 0 0 0 0 0 0 0 0 0 0 0 0 0 0 0 0 0 0 0 0 0 0 0 0 0 0 0 0 0 0 0 0 0 0 0 0
0 0 0 0 0 0 0 0 0 0 0 0 0 0 0 0 0 0 0 0 0 0 0 0 0 0 0 0 0 0 0 0 0 0 0 0 0 0 0 0 0 0 0 0 0 0 0 0 0 0 0 0 0 0 0 0 0 2.19268e-05 4.93144e-05 0.000108126 0.000240494 0.000529101 0.00119335 0.0025413 0.00512661 0.00970749 0.0172031 0.0285401 0.0444032 0.0649151 0.089301 0.115666 0.140994 0.161552 0.173712 0.175001 0.164936 0.145279 0.119527 0.0918661 0.0660333 0.044512 0.0282843 0.0170896 0.00993325 0.00561909 0.00311095 0.00162469 0.000841466 0.000327174 0.000150178 0 0 0 0 0 0 0 0 0 0 0 0 0 0 0 0 0 0 0 0 0 0 0 0 0 0 0 0 0 0 0 0 0 0 0 0 0 0 0 0 0 0 0 0 0 0 0 0 0 0 0 0 0 0 0 0 0 0 0
0 0 0 0 0 0 0 0 0 0 0 0 0 0 0 0 0 0 0 0 0 0 0 0 0 0 0 0 0 0 0 0 0 0 0 0 0 0 0 0 0 0 0 0 0 0 0 0 0 0 0 0 0 0 0 0 0 1.20266e-05 2.72882e-05 6.07011e-05 0.000135779 0.000305535 0.000691207 0.0014885 0.00300843 0.00569292 0.0100692 0.0166596 0.0258379 0.0376501 0.0516417 0.0667295 0.0812129 0.0929863 0.0999829 0.100763 0.0950082 0.0836902 0.0687993 0.0527566 0.0377506 0.0252458 0.015835 0.00937689 0.00529558 0.00288664 0.00153525 0.000774305 0.000333131 0.000159699 0 0 0 0 0 0 0 0 0 0 0 0 0 0 0 0 0 0 0 0 0 0 0 0 0 0 0 0 0 0 0 0 0 0 0 0 0 0 0 0 0 0 0 0 0 0 0 0 0 0 0 0 0 0 0 0 0 0 0 0
0 0 0 0 0 0 0 0 0 0 0 0 0 0 0 0 0 0 0 0 0 0 0 0 0 0 0 0 0 0 0 0 0 0 0 0 0 0 0 0 0 0 0 0 0 0 0 0 0 0 0 0 0 0 0 0 0 6.10791e-06 1.39966e-05 3.16106e-05 7.19542e-05 0.000164356 0.000374652 0.000804206 0.00163436 0.00309221 0.00546168 0.00901842 0.0139544 0.0202837 0.0277566 0.0358019 0.043523 0.0498143 0.0535837 0.0540491 0.0510169 0.0449797 0.0369886 0.028344 0.0202337 0.0134654 0.00837091 0.0048848 0.00269708 0.00142417 0.000702151 0.000319839 0.000155722 7.30373e-05 0 0 0 0 0 0 0 0 0 0 0 0 0 0 0 0 0 0 0 0 0 0 0 0 0 0 0 0 0 0 0 0 0 0 0 0 0 0 0 0 0 0 0 0 0 0 0 0 0 0 0 0 0 0 0 0 0 0 0 0
0 0 0 0 0 0 0 0 0 0 0 0 0 0 0 0 0 0 0 0 0 0 0 0 0 0 0 0 0 0 0 0 0 0 0 0 0 0 0 0 0 0 0 0 0 0 0 0 0 0 0 0 0 0 0 0 0 0 6.5776e-06 1.51679e-05 3.53269e-05 8.17599e-05 0.000184076 0.000404231 0.000818 0.0015533 0.00274234 0.0045226 0.00698647 0.0101372 0.0138483 0.0178374 0.0216693 0.0248009 0.0266938 0.0269586 0.0254839 0.0225 0.0185224 0.0141983 0.0101269 0.00672084 0.00415531 0.00240073 0.00130379 0.000652218 0.000301916 0.000145728 6.86356e-05 0 0 0 0 0 0 0 0 0 0 0 0 0 0 0 0 0 0 0 0 0 0 0 0 0 0 0 0 0 0 0 0 0 0 0 0 0 0 0 0 0 0 0 0 0 0 0 0 0 0 0 0 0 0 0 0 0 0 0 0 0
0 0 0 0 0 0 0 0 0 0 0 0 0 0 0 0 0 0 0 0 0 0 0 0 0 0 0 0 0 0 0 0 0 0 0 0 0 0 0 0 0 0 0 0 0 0 0 0 0 0 0 0 0 0 0 0 0 0 2.71174e-06 6.7336e-06 1.6021e-05 3.75783e-05 8.52421e-05 0.000187803 0.000380577 0.000719548 0.00127359 0.00209864 0.00324 0.00469553 0.00640703 0.00824502 0.0100114 0.0114613 0.0123463 0.0124847 0.011822 0.0104556 0.00862044 0.00661441 0.00471837 0.00312758 0.00192733 0.00110619 0.000560362 0.000278021 0.000134576 6.27044e-05 2.72545e-05 0 0 0 0 0 0 0 0 0 0 0 0 0 0 0 0 0 0 0 0 0 0 0 0 0 0 0 0 0 0 0 0 0 0 0 0 0 0 0 0 0 0 0 0 0 0 0 0 0 0 0 0 0 0 0 0 0 0 0 0 0
0 0 0 0 0 0 0 0 0 0 0 0 0 0 0 0 0 0 0 0 0 0 0 0 0 0 0 0 0 0 0 0 0 0 0 0 0 0 0 0 0 0 0 0 0 0 0 0 0 0 0 0 0 0 0 0 0 0 0 2.46204e-06 6.74329e-06 1.59933e-05 3.65141e-05 7.86015e-05 0.000163473 0.000309455 0.000545795 0.000898652 0.0013905 0.00201353 0.00274499 0.00353303 0.00428924 0.00491176 0.0052958 0.00536319 0.00508654 0.00450634 0.00372228 0.00285972 0.00204149 0.00134049 0.000822959 0.000452003 0.000237109 0.000119057 5.4957e-05 2.47858e-05 0 0 0 0 0 0 0 0 0 0 0 0 0 0 0 0 0 0 0 0 0 0 0 0 0 0 0 0 0 0 0 0 0 0 0 0 0 0 0 0 0 0 0 0 0 0 0 0 0 0 0 0 0 0 0 0 0 0 0 0 0 0
0 0 0 0 0 0 0 0 0 0 0 0 0 0 0 0 0 0 0 0 0 0 0 0 0 0 0 0 0 0 0 0 0 0 0 0 0 0 0 0 0 0 0 0 0 0 0 0 0 0 0 0 0 0 0 0 0 0 0 6.88788e-07 2.14823e-06 6.28957e-06 1.44461e-05 3.12065e-05 6.27914e-05 0.000122896 0.000216886 0.000357464 0.000551176 0.000797644 0.00109037 0.00140184 0.00170156 0.00194888 0.00210256 0.00213113 0.00202357 0.00179533 0.00148402 0.00114065 0.000814746 0.000538201 0.00031897 0.000178772 9.52625e-05 4.66164e-05 2.16371e-05 0 0 0 0 0 0 0 0 0 0 0 0 0 0 0 0 0 0 0 0 0 0 0 0 0 0 0 0 0 0 0 0 0 0 0 0 0 0 0 0 0 0 0 0 0 0 0 0 0 0 0 0 0 0 0 0 0 0 0 0 0 0 0
0 0 0 0 0 0 0 0 0 0 0 0 0 0 0 0 0 0 0 0 0 0 0 0 0 0 0 0 0 0 0 0 0 0 0 0 0 0 0 0 0 0 0 0 0 0 0 0 0 0 0 0 0 0 0 0 0 0 0 0 4.19001e-07 1.78516e-06 4.30639e-06 1.14418e-05 2.30802e-05 4.31728e-05 7.97108e-05 0.000131368 0.000202645 0.000293369 0.000400136 0.000514326 0.000625977 0.000717339 0.00077462 0.000786203 0.000747767 0.000664496 0.000550179 0.000422939 0.00030163 0.00019293 0.000115381 6.6033e-05 3.52804e-05 1.73199e-05 0 0 0 0 0 0 0 0 0 0 0 0 0 0 0 0 0 0 0 0 0 0 0 0 0 0 0 0 0 0 0 0 0 0 0 0 0 0 0 0 0 0 0 0 0 0 0 0 0 0 0 0 0 0 0 0 0 0 0 0 0 0 0 0
0 0 0 0 0 0 0 0 0 0 0 0 0 0 0 0 0 0 0 0 0 0 0 0 0 0 0 0 0 0 0 0 0 0 0 0 0 0 0 0 0 0 0 0 0 0 0 0 0 0 0 0 0 0 0 0 0 0 0 0 0 2.16491e-07 1.28633e-06 3.19556e-06 7.81208e-06 1.46751e-05 2.55088e-05 4.46812e-05 6.89883e-05 9.99333e-05 0.000136209 0.0001751 0.000212556 0.00024361 0.0002634 0.000267618 0.000254883 0.000226862 0.000187796 0.000138656 9.98788e-05 6.47578e-05 4.01344e-05 2.29518e-05 1.21068e-05 0 0 0 0 0 0 0 0 0 0 0 0 0 0 0 0 0 0 0 0 0 0 0 0 0 0 0 0 0 0 0 0 0 0 0 0 0 0 0 0 0 0 0 0 0 0 0 0 0 0 0 0 0 0 0 0 0 0 0 0 0 0 0 0 0
0 0 0 0 0 0 0 0 0 0 0 0 0 0 0 0 0 0 0 0 0 0 0 0 0 0 0 0 0 0 0 0 0 0 0 0 0 0 0 0 0 0 0 0 0 0 0 0 0 0 0 0 0 0 0 0 0 0 0 0 0 0 0 0 1.98826e-06 3.89075e-06 6.82807e-06 1.29838e-05 2.17213e-05 3.14942e-05 4.29549e-05 5.52422e-05 6.70796e-05 7.6907e-05 8.31339e-05 8.45166e-05 7.58169e-05 6.81807e-05 5.70739e-05 4.26748e-05 3.09854e-05 2.07911e-05 1.28815e-05 7.36519e-06 0 0 0 0 0 0 0 0 0 0 0 0 0 0 0 0 0 0 0 0 0 0 0 0 0 0 0 0 0 0 0 0 0 0 0 0 0 0 0 0 0 0 0 0 0 0 0 0 0 0 0 0 0 0 0 0 0 0 0 0 0 0 0 0 0 0
0 0 0 0 0 0 0 0 0 0 0 0 0 0 0 0 0 0 0 0 0 0 0 0 0 0 0 0 0 0 0 0 0 0 0 0 0 0 0 0 0 0 0 0 0 0 0 0 0 0 0 0 0 0 0 0 0 0 0 0 0 0 0 0 0 0 1.2688e-06 3.23569e-06 4.91708e-06 6.93153e-06 1.11084e-05 1.44844e-05 1.78216e-05 2.06883e-05 2.2625e-05 2.32511e-05 2.09293e-05 1.9061e-05 1.61239e-05 1.26424e-05 9.17341e-06 6.15235e-06 0 0 0 0 0 0 0 0 0 0 0 0 0 0 0 0 0 0 0 0 0 0 0 0 0 0 0 0 0 0 0 0 0 0 0 0 0 0 0 0 0 0 0 0 0 0 0 0 0 0 0 0 0 0 0 0 0 0 0 0 0 0 0 0 0 0 0 0
0 0 0 0 0 0 0 0 0 0 0 0 0 0 0 0 0 0 0 0 0 0 0 0 0 0 0 0 0 0 0 0 0 0 0 0 0 0 0 0 0 0 0 0 0 0 0 0 0 0 0 0 0 0 0 0 0 0 0 0 0 0 0 0 0 0 0 0 1.00991e-06 1.49821e-06 2.0484e-06 2.58107e-06 4.24279e-06 5.04599e-06 5.6297e-06 5.88145e-06 5.73934e-06 5.2175e-06 4.40742e-06 3.45228e-06 0 0 0 0 0 0 0 0 0 0 0 0 0 0 0 0 0 0 0 0 0 0 0 0 0 0 0 0 0 0 0 0 0 0 0 0 0 0 0 0 0 0 0 0 0 0 0 0 0 0 0 0 0 0 0 0 0 0 0 0 0 0 0 0 0 0 0 0 0 0
0 0 0 0 0 0 0 0 0 0 0 0 0 0 0 0 0 0 0 0 0 0 0 0 0 0 0 0 0 0 0 0 0 0 0 0 0 0 0 0 0 0 0 0 0 0 0 0 0 0 0 0 0 0 0 0 0 0 0 0 0 0 0 0 0 0 0 0 0 0 0 0 0 0 0 0 0 0 0 0 0 0 0 0 0 0 0 0 0 0 0 0 0 0 0 0 0 0 0 0 0 0 0 0 0 0 0 0 0 0 0 0 0 0 0 0 0 0 0 0 0 0 0 0 0 0 0 0 0 0 0 0 0 0 0 0 0 0 0 0 0 0 0 0 0 0 0 0 0 0
0 0 0 0 0 0 0 0 0 0 0 0 0 0 0 0 0 0 0 0 0 0 0 0 0 0 0 0 0 0 0 0 0 0 0 0 0 0 0 0 0 0 0 0 0 0 0 0 0 0 0 0 0 0 0 0 0 0 0 0 0 0 0 0 0 0 0 0 0 0 0 0 0 0 0 0 0 0 0 0 0 0 0 0 0 0 0 0 0 0 0 0 0 0 0 0 0 0 0 0 0 0 0 0 0 0 0 0 0 0 0 0 0 0 0 0 0 0 0 0 0 0 0 0 0 0 0 0 0 0 0 0 0 0 0 0 0 0 0 0 0 0 0 0 0 0 0 0 0 0
0 0 0 0 0 0 0 0 0 0 0 0 0 0 0 0 0 0 0 0 0 0 0 0 0 0 0 0 0 0 0 0 0 0 0 0 0 0 0 0 0 0 0 0 0 0 0 0 0 0 0 0 0 0 0 0 0 0 0 0 0 0 0 0 0 0 0 0 0 0 0 0 0 0 0 0 0 0 0 0 0 0 0 0 0 0 0 0 0 0 0 0 0 0 0 0 0 0 0 0 0 0 0 0 0 0 0 0 0 0 0 0 0 0 0 0 0 0 0 0 0 0 0 0 0 0 0 0 0 0 0 0 0 0 0 0 0 0 0 0 0 0 0 0 0 0 0 0 0 0
0 0 0 0 0 0 0 0 0 0 0 0 0 0 0 0 0 0 0 0 0 0 0 0 0 0 0 0 0 0 0 0 0 0 0 0 0 0 0 0 0 0 0 0 0 0 0 0 0 0 0 0 0 0 0 0 0 0 0 0 0 0 0 0 0 0 0 0 0 0 0 0 0 0 0 0 0 0 0 0 0 0 0 0 0 0 0 0 0 0 0 0 0 0 0 0 0 0 0 0 0 0 0 0 0 0 0 0 0 0 0 0 0 0 0 0 0 0 0 0 0 0 0 0 0 0 0 0 0 0 0 0 0 0 0 0 0 0 0 0 0 0 0 0 0 0 0 0 0 0
0 0 0 0 0 0 0 0 0 0 0 0 0 0 0 0 0 0 0 0 0 0 0 0 0 0 0 0 0 0 0 0 0 0 0 0 0 0 0 0 0 0 0 0 0 0 0 0 0 0 0 0 0 0 0 0 0 0 0 0 0 0 0 0 0 0 0 0 0 0 0 0 0 0 0 0 0 0 0 0 0 0 0 0 0 0 0 0 0 0 0 0 0 0 0 0 0 0 0 0 0 0 0 0 0 0 0 0 0 0 0 0 0 0 0 0 0 0 0 0 0 0 0 0 0 0 0 0 0 0 0 0 0 0 0 0 0 0 0 0 0 0 0 0 0 0 0 0 0 0
0 0 0 0 0 0 0 0 0 0 0 0 0 0 0 0 0 0 0 0 0 0 0 0 0 0 0 0 0 0 0 0 0 0 0 0 0 0 0 0 0 0 0 0 0 0 0 0 0 0 0 0 0 0 0 0 0 0 0 0 0 0 0 0 0 0 0 0 0 0 0 0 0 0 0 0 0 0 0 0 0 0 0 0 0 0 0 0 0 0 0 0 0 0 0 0 0 0 0 0 0 0 0 0 0 0 0 0 0 0 0 0 0 0 0 0 0 0 0 0 0 0 0 0 0 0 0 0 0 0 0 0 0 0 0 0 0 0 0 0 0 0 0 0 0 0 0 0 0 0
0 0 0 0 0 0 0 0 0 0 0 0 0 0 0 0 0 0 0 0 0 0 0 0 0 0 0 0 0 0 0 0 0 0 0 0 0 0 0 0 0 0 0 0 0 0 0 0 0 0 0 0 0 0 0 0 0 0 0 0 0 0 0 0 0 0 0 0 0 0 0 0 0 0 0 0 0 0 0 0 0 0 0 0 0 0 0 0 0 0 0 0 0 0 0 0 0 0 0 0 0 0 0 0 0 0 0 0 0 0 0 0 0 0 0 0 0 0 0 0 0 0 0 0 0 0 0 0 0 0 0 0 0 0 0 0 0 0 0 0 0 0 0 0 0 0 0 0 0 0
0 0 0 0 0 0 0 0 0 0 0 0 0 0 0 0 0 0 0 0 0 0 0 0 0 0 0 0 0 0 0 0 0 0 0 0 0 0 0 0 0 0 0 0 0 0 0 0 0 0 0 0 0 0 0 0 0 0 0 0 0 0 0 0 0 0 0 0 0 0 0 0 0 0 0 0 0 0 0 0 0 0 0 0 0 0 0 0 0 0 0 0 0 0 0 0 0 0 0 0 0 0 0 0 0 0 0 0 0 0 0 0 0 0 0 0 0 0 0 0 0 0 0 0 0 0 0 0 0 0 0 0 0 0 0 0 0 0 0 0 0 0 0 0 0 0 0 0 0 0
0 0 0 0 0 0 0 0 0 0 0 0 0 0 0 0 0 0 0 0 0 0 0 0 0 0 0 0 0 0 0 0 0 0 0 0 0 0 0 0 0 0 0 0 0 0 0 0 0 0 0 0 0 0 0 0 0 0 0 0 0 0 0 0 0 0 0 0 0 0 0 0 0 0 0 0 0 0 0 0 0 0 0 0 0 0 0 0 0 0 0 0 0 0 0 0 0 0 0 0 0 0 0 0 0 0 0 0 0 0 0 0 0 0 0 0 0 0 0 0 0 0 0 0 0 0 0 0 0 0 0 0 0 0 0 0 0 0 0 0 0 0 0 0 0 0 0 0 0 0
0 0 0 0 0 0 0 0 0 0 0 0 0 0 0 0 0 0 0 0 0 0 0 0 0 0 0 0 0 0 0 0 0 0 0 0 0 0 0 0 0 0 0 0 0 0 0 0 0 0 0 0 0 0 0 0 0 0 0 0 0 0 0 0 0 0 0 0 0 0 0 0 0 0 0 0 0 0 0 0 0 0 0 0 0 0 0 0 0 0 0 0 0 0 0 0 0 0 0 0 0 0 0 0 0 0 0 0 0 0 0 0 0 0 0 0 0 0 0 0 0 0 0 0 0 0 0 0 0 0 0 0 0 0 0 0 0 0 0 0 0 0 0 0 0 0 0 0 0 0
0 0 0 0 0 0 0 0 0 0 0 0 0 0 0 0 0 0 0 0 0 0 0 0 0 0 0 0 0 0 0 0 0 0 0 0 0 0 0 0 0 0 0 0 0 0 0 0 0 0 0 0 0 0 0 0 0 0 0 0 0 0 0 0 0 0 0 0 0 0 0 0 0 0 0 0 0 0 0 0 0 0 0 0 0 0 0 0 0 0 0 0 0 0 0 0 0 0 0 0 0 0 0 0 0 0 0 0 0 0 0 0 0 0 0 0 0 0 0 0 0 0 0 0 0 0 0 0 0 0 0 0 0 0 0 0 0 0 0 0 0 0 0 0 0 0 0 0 0 0
0 0 0 0 0 0 0 0 0 0 0 0 0 0 0 0 0 0 0 0 0 0 0 0 0 0 0 0 0 0 0 0 0 0 0 0 0 0 0 0 0 0 0 0 0 0 0 0 0 0 0 0 0 0 0 0 0 0 0 0 0 0 0 0 0 0 0 0 0 0 0 0 0 0 0 0 0 0 0 0 0 0 0 0 0 0 0 0 0 0 0 0 0 0 0 0 0 0 0 0 0 0 0 0 0 0 0 0 0 0 0 0 0 0 0 0 0 0 0 0 0 0 0 0 0 0 0 0 0 0 0 0 0 0 0 0 0 0 0 0 0 0 0 0 0 0 0 0 0 0
0 0 0 0 0 0 0 0 0 0 0 0 0 0 0 0 0 0 0 0 0 0 0 0 0 0 0 0 0 0 0 0 0 0 0 0 0 0 0 0 0 0 0 0 0 0 0 0 0 0 0 0 0 0 0 0 0 0 0 0 0 0 0 0 0 0 0 0 0 0 0 0 0 0 0 0 0 0 0 0 0 0 0 0 0 0 0 0 0 0 0 0 0 0 0 0 0 0 0 0 0 0 0 0 0 0 0 0 0 0 0 0 0 0 0 0 0 0 0 0 0 0 0 0 0 0 0 0 0 0 0 0 0 0 0 0 0 0 0 0 0 0 0 0 0 0 0 0 0 0
0 0 0 0 0 0 0 0 0 0 0 0 0 0 0 0 0 0 0 0 0 0 0 0 0 0 0 0 0 0 0 0 0 0 0 0 0 0 0 0 0 0 0 0 0 0 0 0 0 0 0 0 0 0 0 0 0 0 0 0 0 0 0 0 0 0 0 0 0 0 0 0 0 0 0 0 0 0 0 0 0 0 0 0 0 0 0 0 0 0 0 0 0 0 0 0 0 0 0 0 0 0 0 0 0 0 0 0 0 0 0 0 0 0 0 0 0 0 0 0 0 0 0 0 0 0 0 0 0 0 0 0 0 0 0 0 0 0 0 0 0 0 0 0 0 0 0 0 0 0
0 0 0 0 0 0 0 0 0 0 0 0 0 0 0 0 0 0 0 0 0 0 0 0 0 0 0 0 0 0 0 0 0 0 0 0 0 0 0 0 0 0 0 0 0 0 0 0 0 0 0 0 0 0 0 0 0 0 0 0 0 0 0 0 0 0 0 0 0 0 0 0 0 0 0 0 0 0 0 0 0 0 0 0 0 0 0 0 0 0 0 0 0 0 0 0 0 0 0 0 0 0 0 0 0 0 0 0 0 0 0 0 0 0 0 0 0 0 0 0 0 0 0 0 0 0 0 0 0 0 0 0 0 0 0 0 0 0 0 0 0 0 0 0 0 0 0 0 0 0
0 0 0 0 0 0 0 0 0 0 0 0 0 0 0 0 0 0 0 0 0 0 0 0 0 0 0 0 0 0 0 0 0 0 0 0 0 0 0 0 0 0 0 0 0 0 0 0 0 0 0 0 0 0 0 0 0 0 0 0 0 0 0 0 0 0 0 0 0 0 0 0 0 0 0 0 0 0 0 0 0 0 0 0 0 0 0 0 0 0 0 0 0 0 0 0 0 0 0 0 0 0 0 0 0 0 0 0 0 0 0 0 0 0 0 0 0 0 0 0 0 0 0 0 0 0 0 0 0 0 0 0 0 0 0 0 0 0 0 0 0 0 0 0 0 0 0 0 0 0
0 0 0 0 0 0 0 0 0 0 0 0 0 0 0 0 0 0 0 0 0 0 0 0 0 0 0 0 0 0 0 0 0 0 0 0 0 0 0 0 0 0 0 0 0 0 0 0 0 0 0 0 0 0 0 0 0 0 0 0 0 0 0 0 0 0 0 0 0 0 0 0 0 0 0 0 0 0 0 0 0 0 0 0 0 0 0 0 0 0 0 0 0 0 0 0 0 0 0 0 0 0 0 0 0 0 0 0 0 0 0 0 0 0 0 0 0 0 0 0 0 0 0 0 0 0 0 0 0 0 0 0 0 0 0 0 0 0 0 0 0 0 0 0 0 0 0 0 0 0
0 0 0 0 0 0 0 0 0 0 0 0 0 0 0 0 0 0 0 0 0 0 0 0 0 0 0 0 0 0 0 0 0 0 0 0 0 0 0 0 0 0 0 0 0 0 0 0 0 0 0 0 0 0 0 0 0 0 0 0 0 0 0 0 0 0 0 0 0 0 0 0 0 0 0 0 0 0 0 0 0 0 0 0 0 0 0 0 0 0 0 0 0 0 0 0 0 0 0 0 0 0 0 0 0 0 0 0 0 0 0 0 0 0 0 0 0 0 0 0 0 0 0 0 0 0 0 0 0 0 0 0 0 0 0 0 0 0 0 0 0 0 0 0 0 0 0 0 0 0
0 0 0 0 0 0 0 0 0 0 0 0 0 0 0 0 0 0 0 0 0 0 0 0 0 0 0 0 0 0 0 0 0 0 0 0 0 0 0 0 0 0 0 0 0 0 0 0 0 0 0 0 0 0 0 0 0 0 0 0 0 0 0 0 0 0 0 0 0 0 0 0 0 0 0 0 0 0 0 0 0 0 0 0 0 0 0 0 0 0 0 0 0 0 0 0 0 0 0 0 0 0 0 0 0 0 0 0 0 0 0 0 0 0 0 0 0 0 0 0 0 0 0 0 0 0 0 0 0 0 0 0 0 0 0 0 0 0 0 0 0 0 0 0 0 0 0 0 0 0
0 0 0 0 0 0 0 0 0 0 0 0 0 0 0 0 0 0 0 0 0 0 0 0 0 0 0 0 0 0 0 0 0 0 0 0 0 0 0 0 0 0 0 0 0 0 0 0 0 0 0 0 0 0 0 0 0 0 0 0 0 0 0 0 0 0 0 0 0 0 0 0 0 0 0 0 0 0 0 0 0 0 0 0 0 0 0 0 0 0 0 0 0 0 0 0 0 0 0 0 0 0 0 0 0 0 0 0 0 0 0 0 0 0 0 0 0 0 0 0 0 0 0 0 0 0 0 0 0 0 0 0 0 0 0 0 0 0 0 0 0 0 0 0 0 0 0 0 0 0
0 0 0 0 0 0 0 0 0 0 0 0 0 0 0 0 0 0 0 0 0 0 0 0 0 0 0 0 0 0 0 0 0 0 0 0 0 0 0 0 0 0 0 0 0 0 0 0 0 0 0 0 0 0 0 0 0 0 0 0 0 0 0 0 0 0 0 0 0 0 0 0 0 0 0 0 0 0 0 0 0 0 0 0 0 0 0 0 0 0 0 0 0 0 0 0 0 0 0 0 0 0 0 0 0 0 0 0 0 0 0 0 0 0 0 0 0 0 0 0 0 0 0 0 0 0 0 0 0 0 0 0 0 0 0 0 0 0 0 0 0 0 0 0 0 0 0 0 0 0
0 0 0 0 0 0 0 0 0 0 0 0 0 0 0 0 0 0 0 0 0 0 0 0 0 0 0 0 0 0 0 0 0 0 0 0 0 0 0 0 0 0 0 0 0 0 0 0 0 0 0 0 0 0 0 0 0 0 0 0 0 0 0 0 0 0 0 0 0 0 0 0 0 0 0 0 0 0 0 0 0 0 0 0 0 0 0 0 0 0 0 0 0 0 0 0 0 0 0 0 0 0 0 0 0 0 0 0 0 0 0 0 0 0 0 0 0 0 0 0 0 0 0 0 0 0 0 0 0 0 0 0 0 0 0 0 0 0 0 0 0 0 0 0 0 0 0 0 0 0
0 0 0 0 0 0 0 0 0 0 0 0 0 0 0 0 0 0 0 0 0 0 0 0 0 0 0 0 0 0 0 0 0 0 0 0 0 0 0 0 0 0 0 0 0 0 0 0 0 0 0 0 0 0 0 0 0 0 0 0 0 0 0 0 0 0 0 0 0 0 0 0 0 0 0 0 0 0 0 0 0 0 0 0 0 0 0 0 0 0 0 0 0 0 0 0 0 0 0 0 0 0 0 0 0 0 0 0 0 0 0 0 0 0 0 0 0 0 0 0 0 0 0 0 0 0 0 0 0 0 0 0 0 0 0 0 0 0 0 0 0 0 0 0 0 0 0 0 0 0
0 0 0 0 0 0 0 0 0 0 0 0 0 0 0 0 0 0 0 0 0 0 0 0 0 0 0 0 0 0 0 0 0 0 0 0 0 0 0 0 0 0 0 0 0 0 0 0 0 0 0 0 0 0 0 0 0 0 0 0 0 0 0 0 0 0 0 0 0 0 0 0 0 0 0 0 0 0 0 0 0 0 0 0 0 0 0 0 0 0 0 0 0 0 0 0 0 0 0 0 0 0 0 0 0 0 0 0 0 0 0 0 0 0 0 0 0 0 0 0 0 0 0 0 0 0 0 0 0 0 0 0 0 0 0 0 0 0 0 0 0 0 0 0 0 0 0 0 0 0
0 0 0 0 0 0 0 0 0 0 0 0 0 0 0 0 0 0 0 0 0 0 0 0 0 0 0 0 0 0 0 0 0 0 0 0 0 0 0 0 0 0 0 0 0 0 0 0 0 0 0 0 0 0 0 0 0 0 0 0 0 0 0 0 0 0 0 0 0 0 0 0 0 0 0 0 0 0 0 0 0 0 0 0 0 0 0 0 0 0 0 0 0 0 0 0 0 0 0 0 0 0 0 0 0 0 0 0 0 0 0 0 0 0 0 0 0 0 0 0 0 0 0 0 0 0 0 0 0 0 0 0 0 0 0 0 0 0 0 0 0 0 0 0 0 0 0 0 0 0
0 0 0 0 0 0 0 0 0 0 0 0 0 0 0 0 0 0 0 0 0 0 0 0 0 0 0 0 0 0 0 0 0 0 0 0 0 0 0 0 0 0 0 0 0 0 0 0 0 0 0 0 0 0 0 0 0 0 0 0 0 0 0 0 0 0 0 0 0 0 0 0 0 0 0 0 0 0 0 0 0 0 0 0 0 0 0 0 0 0 0 0 0 0 0 0 0 0 0 0 0 0 0 0 0 0 0 0 0 0 0 0 0 0 0 0 0 0 0 0 0 0 0 0 0 0 0 0 0 0 0 0 0 0 0 0 0 0 0 0 0 0 0 0 0 0 0 0 0 0
0 0 0 0 0 0 0 0 0 0 0 0 0 0 0 0 0 0 0 0 0 0 0 0 0 0 0 0 0 0 0 0 0 0 0 0 0 0 0 0 0 0 0 0 0 0 0 0 0 0 0 0 0 0 0 0 0 0 0 0 0 0 0 0 0 0 0 0 0 0 0 0 0 0 0 0 0 0 0 0 0 0 0 0 0 0 0 0 0 0 0 0 0 0 0 0 0 0 0 0 0 0 0 0 0 0 0 0 0 0 0 0 0 0 0 0 0 0 0 0 0 0 0 0 0 0 0 0 0 0 0 0 0 0 0 0 0 0 0 0 0 0 0 0 0 0 0 0 0 0
0 0 0 0 0 0 0 0 0 0 0 0 0 0 0 0 0 0 0 0 0 0 0 0 0 0 0 0 0 0 0 0 0 0 0 0 0 0 0 0 0 0 0 0 0 0 0 0 0 0 0 0 0 0 0 0 0 0 0 0 0 0 0 0 0 0 0 0 0 0 0 0 0 0 0 0 0 0 0 0 0 0 0 0 0 0 0 0 0 0 0 0 0 0 0 0 0 0 0 0 0 0 0 0 0 0 0 0 0 0 0 0 0 0 0 0 0 0 0 0 0 0 0 0 0 0 0 0 0 0 0 0 0 0 0 0 0 0 0 0 0 0 0 0 0 0 0 0 0 0
0 0 0 0 0 0 0 0 0 0 0 0 0 0 0 0 0 0 0 0 0 0 0 0 0 0 0 0 0 0 0 0 0 0 0 0 0 0 0 0 0 0 0 0 0 0 0 0 0 0 0 0 0 0 0 0 0 0 0 0 0 0 0 0 0 0 0 0 0 0 0 0 0 0 0 0 0 0 0 0 0 0 0 0 0 0 0 0 0 0 0 0 0 0 0 0 0 0 0 0 0 0 0 0 0 0 0 0 0 0 0 0 0 0 0 0 0 0 0 0 0 0 0 0 0 0 0 0 0 0 0 0 0 0 0 0 0 0 0 0 0 0 0 0 0 0 0 0 0 0
0 0 0 0 0 0 0 0 0 0 0 0 0 0 0 0 0 0 0 0 0 0 0 0 0 0 0 0 0 0 0 0 0 0 0 0 0 0 0 0 0 0 0 0 0 0 0 0 0 0 0 0 0 0 0 0 0 0 0 0 0 0 0 0 0 0 0 0 0 0 0 0 0 0 0 0 0 0 0 0 0 0 0 0 0 0 0 0 0 0 0 0 0 0 0 0 0 0 0 0 0 0 0 0 0 0 0 0 0 0 0 0 0 0 0 0 0 0 0 0 0 0 0 0 0 0 0 0 0 0 0 0 0 0 0 0 0 0 0 0 0 0 0 0 0 0 0 0 0 0
0 0 0 0 0 0 0 0 0 0 0 0 0 0 0 0 0 0 0 0 0 0 0 0 0 0 0 0 0 0 0 0 0 0 0 0 0 0 0 0 0 0 0 0 0 0 0 0 0 0 0 0 0 0 0 0 0 0 0 0 0 0 0 0 0 0 0 0 0 0 0 0 0 0 0 0 0 0 0 0 0 0 0 0 0 0 0 0 0 0 0 0 0 0 0 0 0 0 0 0 0 0 0 0 0 0 0 0 0 0 0 0 0 0 0 0 0 0 0 0 0 0 0 0 0 0 0 0 0 0 0 0 0 0 0 0 0 0 0 0 0 0 0 0 0 0 0 0 0 0
0 0 0 0 0 0 0 0 0 0 0 0 0 0 0 0 0 0 0 0 0 0 0 0 0 0 0 0 0 0 0 0 0 0 0 0 0 0 0 0 0 0 0 0 0 0 0 0 0 0 0 0 0 0 0 0 0 0 0 0 0 0 0 0 0 0 0 0 0 0 0 0 0 0 0 0 0 0 0 0 0 0 0 0 0 0 0 0 0 0 0 0 0 0 0 0 0 0 0 0 0 0 0 0 0 0 0 0 0 0 0 0 0 0 0 0 0 0 0 0 0 0 0 0 0 0 0 0 0 0 0 0 0 0 0 0 0 0 0 0 0 0 0 0 0 0 0 0 0 0
0 0 0 0 0 0 0 0 0 0 0 0 0 0 0 0 0 0 0 0 0 0 0 0 0 0 0 0 0 0 0 0 0 0 0 0 0 0 0 0 0 0 0 0 0 0 0 0 0 0 0 0 0 0 0 0 0 0 0 0 0 0 0 0 0 0 0 0 0 0 0 0 0 0 0 0 0 0 0 0 0 0 0 0 0 0 0 0 0 0 0 0 0 0 0 0 0 0 0 0 0 0 0 0 0 0 0 0 0 0 0 0 0 0 0 0 0 0 0 0 0 0 0 0 0 0 0 0 0 0 0 0 0 0 0 0 0 0 0 0 0 0 0 0 0 0 0 0 0 0
0 0 0 0 0 0 0 0 0 0 0 0 0 0 0 0 0 0 0 0 0 0 0 0 0 0 0 0 0 0 0 0 0 0 0 0 0 0 0 0 0 0 0 0 0 0 0 0 0 0 0 0 0 0 0 0 0 0 0 0 0 0 0 0 0 0 0 0 0 0 0 0 0 0 0 0 0 0 0 0 0 0 0 0 0 0 0 0 0 0 0 0 0 0 0 0 0 0 0 0 0 0 0 0 0 0 0 0 0 0 0 0 0 0 0 0 0 0 0 0 0 0 0 0 0 0 0 0 0 0 0 0 0 0 0 0 0 0 0 0 0 0 0 0 0 0 0 0 0 0
0 0 0 0 0 0 0 0 0 0 0 0 0 0 0 0 0 0 0 0 0 0 0 0 0 0 0 0 0 0 0 0 0 0 0 0 0 0 0 0 0 0 0 0 0 0 0 0 0 0 0 0 0 0 0 0 0 0 0 0 0 0 0 0 0 0 0 0 0 0 0 0 0 0 0 0 0 0 0 0 0 0 0 0 0 0 0 0 0 0 0 0 0 0 0 0 0 0 0 0 0 0 0 0 0 0 0 0 0 0 0 0 0 0 0 0 0 0 0 0 0 0 0 0 0 0 0 0 0 0 0 0 0 0 0 0 0 0 0 0 0 0 0 0 0 0 0 0 0 0
