0 0 0 0 0 0 0 0 0 0 0 0 0 0 0 0 0 0 0 0 0 0 0 0 0 0 0 0 0 0 0 0 0 0 0 0 0 0 0 0 0 0 0 0 0 0 0 0 0 0 0 0 0 0 0 0 0 0 0 0 0 0 0 0 0 0 0 0 0 0 0 0 0 0 0 0 0 0 0 0 0 0 0 0 0 0 0 0 0 0 0 0 0 0 0 0 0 0 0 0 0 0 0 0 0 0 0 0 0 0 0 0 0 0 0 0 0 0 0 0 0 0 0 0 0 0 0 0 0 0 0 0 0 0 0 0 0 0 0 0 0 0 0 0 0 0 0 0 0 0
0 0 0 0 0 0 0 0 0 0 0 0 0 0 0 0 0 0 0 0 0 0 0 0 0 0 0 0 0 0 0 0 0 0 0 0 0 0 0 0 0 0 0 0 0 0 0 0 0 0 0 0 0 0 0 0 0 0 0 0 0 0 0 0 0 0 0 0 0 0 0 0 0 0 0 0 0 0 0 0 0 0 0 0 0 0 0 0 0 0 0 0 0 0 0 0 0 0 0 0 0 0 0 0 0 0 0 0 0 0 0 0 0 0 0 0 0 0 0 0 0 0 0 0 0 0 0 0 0 0 0 0 0 0 0 0 0 0 0 0 0 0 0 0 0 0 0 0 0 0
0 0 0 0 0 0 0 0 0 0 0 0 0 0 0 0 0 0 0 0 0 0 0 0 0 0 0 0 0 0 0 0 0 0 0 0 0 0 0 0 0 0 0 0 0 0 0 0 0 0 0 0 0 0 0 0 0 0 0 0 0 0 0 0 0 0 0 0 0 0 0 0 0 0 0 0 0 0 0 0 0 0 0 0 0 0 0 0 0 0 0 0 0 0 0 0 0 0 0 0 0 0 0 0 0 0 0 0 0 0 0 0 0 0 0 0 0 0 0 0 0 0 0 0 0 0 0 0 0 0 0 0 0 0 0 0 0 0 0 0 0 0 0 0 0 0 0 0 0 0
0 0 0 0 0 0 0 0 0 0 0 0 0 0 0 0 0 0 0 0 0 0 0 0 0 0 0 0 0 0 0 0 0 0 0 0 0 0 0 0 0 0 0 0 0 0 0 0 0 0 0 0 0 0 0 0 0 0 0 0 0 0 0 0 0 0 0 0 0 0 0 0 0 0 0 0 0 0 0 0 0 0 0 0 0 0 0 0 0 0 0 0 0 0 0 0 0 0 0 0 0 0 0 0 0 0 0 0 0 0 0 0 0 0 0 0 0 0 0 0 0 0 0 0 0 0 0 0 0 0 0 0 0 0 0 0 0 0 0 0 0 0 0 0 0 0 0 0 0 0
0 0 0 0 0 0 0 0 0 0 0 0 0 0 0 0 0 0 0 0 0 0 0 0 0 0 0 0 0 0 0 0 0 0 0 0 0 0 0 0 0 0 0 0 0 0 0 0 0 0 0 0 0 0 0 0 0 0 0 0 0 0 0 0 0 0 0 0 0 0 0 0 0 0 0 0 0 0 0 0 0 0 0 0 0 0 0 0 0 0 0 0 0 0 0 0 0 0 0 0 0 0 0 0 0 0 0 0 0 0 0 0 0 0 0 0 0 0 0 0 0 0 0 0 0 0 0 0 0 0 0 0 0 0 0 0 0 0 0 0 0 0 0 0 0 0 0 0 0 0
0 0 0 0 0 0 0 0 0 0 0 0 0 0 0 0 0 0 0 0 0 0 0 0 0 0 0 0 0 0 0 0 0 0 0 0 0 0 0 0 0 0 0 0 0 0 0 0 0 0 0 0 0 0 0 0 0 0 0 0 0 0 0 0 0 0 0 0 0 0 0 0 0 0 0 0 0 0 0 0 0 0 0 0 0 0 0 0 0 0 0 0 0 0 0 0 0 0 0 0 0 0 0 0 0 0 0 0 0 0 0 0 0 0 0 0 0 0 0 0 0 0 0 0 0 0 0 0 0 0 0 0 0 0 0 0 0 0 0 0 0 0 0 0 0 0 0 0 0 0
0 0 0 0 0 0 0 0 0 0 0 0 0 0 0 0 0 0 0 0 0 0 0 0 0 0 0 0 0 0 0 0 0 0 0 0 0 0 0 0 0 0 0 0 0 0 0 0 0 0 0 0 0 0 0 0 0 0 0 0 0 0 0 0 0 0 0 0 0 0 0 0 0 0 0 0 0 0 0 0 0 0 0 0 0 0 0 0 0 0 0 0 0 0 0 0 0 0 0 0 0 0 0 0 0 0 0 0 0 0 0 0 0 0 0 0 0 0 0 0 0 0 0 0 0 0 0 0 0 0 0 0 0 0 0 0 0 0 0 0 0 0 0 0 0 0 0 0 0 0
0 0 0 0 0 0 0 0 0 0 0 0 0 0 0 0 0 0 0 0 0 0 0 0 0 0 0 0 0 0 0 0 0 0 0 0 0 0 0 0 0 0 0 0 0 0 0 0 0 0 0 0 0 0 0 0 0 0 0 0 0 0 0 0 0 0 0 0 0 0 0 0 0 0 0 0 0 0 0 0 0 0 0 0 0 0 0 0 0 0 0 0 0 0 0 0 0 0 0 0 0 0 0 0 0 0 0 0 0 0 0 0 0 0 0 0 0 0 0 0 0 0 0 0 0 0 0 0 0 0 0 0 0 0 0 0 0 0 0 0 0 0 0 0 0 0 0 0 0 0
0 0 0 0 0 0 0 0 0 0 0 0 0 0 0 0 0 0 0 0 0 0 0 0 0 0 0 0 0 0 0 0 0 0 0 0 0 0 0 0 0 0 0 0 0 0 0 0 0 0 0 0 0 0 0 0 0 0 0 0 0 0 0 0 0 0 0 0 0 0 0 0 0 0 0 0 0 0 0 0 0 0 0 0 0 0 0 0 0 0 0 0 0 0 0 0 0 0 0 0 0 0 0 0 0 0 0 0 0 0 0 0 0 0 0 0 0 0 0 0 0 0 0 0 0 0 0 0 0 0 0 0 0 0 0 0 0 0 0 0 0 0 0 0 0 0 0 0 0 0
0 0 0 0 0 0 0 0 0 0 0 0 0 0 0 0 0 0 0 0 0 0 0 0 0 0 0 0 0 0 0 0 0 0 0 0 0 0 0 0 0 0 0 0 0 0 0 0 0 0 0 0 0 0 0 0 0 0 0 0 0 0 0 0 0 0 0 0 0 0 0 0 0 0 0 0 0 0 0 0 0 0 0 0 0 0 0 0 0 0 0 0 0 0 0 0 0 0 0 0 0 0 0 0 0 0 0 0 0 0 0 0 0 0 0 0 0 0 0 0 0 0 0 0 0 0 0 0 0 0 0 0 0 0 0 0 0 0 0 0 0 0 0 0 0 0 0 0 0 0
0 0 0 0 0 0 0 0 0 0 0 0 0 0 0 0 0 0 0 0 0 0 0 0 0 0 0 0 0 0 0 0 0 0 0 0 0 0 0 0 0 0 0 0 0 0 0 0 0 0 0 0 0 0 0 0 0 0 0 0 0 0 0 0 0 0 0 0 0 0 0 0 0 0 0 0 0 0 0 0 0 0 0 0 0 0 0 0 0 0 0 0 0 0 0 0 0 0 0 0 0 0 0 0 0 0 0 0 0 0 0 0 0 0 0 0 0 0 0 0 0 0 0 0 0 0 0 0 0 0 0 0 0 0 0 0 0 0 0 0 0 0 0 0 0 0 0 0 0 0
0 0 0 0 0 0 0 0 0 0 0 0 0 0 0 0 0 0 0 0 0 0 0 0 0 0 0 0 0 0 0 0 0 0 0 0 0 0 0 0 0 0 0 0 0 0 0 0 0 0 0 0 0 0 0 0 0 0 0 0 0 0 0 0 0 0 0 0 0 0 0 0 0 0 0 0 0 0 0 0 0 0 0 0 0 0 0 0 0 0 0 0 0 0 0 0 0 0 0 0 0 0 0 0 0 0 0 0 0 0 0 0 0 0 0 0 0 0 0 0 0 0 0 0 0 0 0 0 0 0 0 0 0 0 0 0 0 0 0 0 0 0 0 0 0 0 0 0 0 0
0 0 0 0 0 0 0 0 0 0 0 0 0 0 0 0 0 0 0 0 0 0 0 0 0 0 0 0 0 0 0 0 0 0 0 0 0 0 0 0 0 0 0 0 0 0 0 0 0 0 0 0 0 0 0 0 0 0 0 0 0 0 0 0 0 0 0 0 0 0 0 0 0 0 0 0 0 0 0 0 0 0 0 0 0 0 0 0 0 0 0 0 0 0 0 0 0 0 0 0 0 0 0 0 0 0 0 0 0 0 0 0 0 0 0 0 0 0 0 0 0 0 0 0 0 0 0 0 0 0 0 0 0 0 0 0 0 0 0 0 0 0 0 0 0 0 0 0 0 0
0 0 0 0 0 0 0 0 0 0 0 0 0 0 0 0 0 0 0 0 0 0 0 0 0 0 0 0 0 0 0 0 0 0 0 0 0 0 0 0 0 0 0 0 0 0 0 0 0 0 0 0 0 0 0 0 0 0 0 0 0 0 0 0 0 0 0 0 0 0 0 0 0 0 0 0 0 0 0 0 0 0 0 0 0 0 0 0 0 0 0 0 0 0 0 0 0 0 0 0 0 0 0 0 0 0 0 0 0 0 0 0 0 0 0 0 0 0 0 0 0 0 0 0 0 0 0 0 0 0 0 0 0 0 0 0 0 0 0 0 0 0 0 0 0 0 0 0 0 0
0 0 0 0 0 0 0 0 0 0 0 0 0 0 0 0 0 0 0 0 0 0 0 0 0 0 0 0 0 0 0 0 0 0 0 0 0 0 0 0 0 0 0 0 0 0 0 0 0 0 0 0 0 0 0 0 0 0 0 0 0 0 0 0 0 0 0 0 0 0 0 0 0 0 0 0 0 0 0 0 0 0 0 0 0 0 0 0 0 0 0 0 0 0 0 0 0 0 0 0 0 0 0 0 0 0 0 0 0 0 0 0 0 0 0 0 0 0 0 0 0 0 0 0 0 0 0 0 0 0 0 0 0 0 0 0 0 0 0 0 0 0 0 0 0 0 0 0 0 0
0 0 0 0 0 0 0 0 0 0 0 0 0 0 0 0 0 0 0 0 0 0 0 0 0 0 0 0 0 0 0 0 0 0 0 0 0 0 0 0 0 0 0 0 0 0 0 0 0 0 0 0 0 0 0 0 0 0 0 0 0 0 0 0 0 0 0 0 0 0 0 0 0 0 0 0 0 0 0 0 0 0 0 0 0 0 0 0 0 0 0 0 0 0 0 0 0 0 0 0 0 0 0 0 0 0 0 0 0 0 0 0 0 0 0 0 0 0 0 0 0 0 0 0 0 0 0 0 0 0 0 0 0 0 0 0 0 0 0 0 0 0 0 0 0 0 0 0 0 0
0 0 0 0 0 0 0 0 0 0 0 0 0 0 0 0 0 0 0 0 0 0 0 0 0 0 0 0 0 0 0 0 0 0 0 0 0 0 0 0 0 0 0 0 0 0 0 0 0 0 0 0 0 0 0 0 0 0 0 0 0 0 0 0 0 0 0 0 0 0 0 0 0 0 0 0 0 0 0 0 0 0 0 0 0 0 0 0 0 0 0 0 0 0 0 0 0 0 0 0 0 0 0 0 0 0 0 0 0 0 0 0 0 0 0 0 0 0 0 0 0 0 0 0 0 0 0 0 0 0 0 0 0 0 0 0 0 0 0 0 0 0 0 0 0 0 0 0 0 0
0 0 0 0 0 0 0 0 0 0 0 0 0 0 0 0 0 0 0 0 0 0 0 0 0 0 0 0 0 0 0 0 0 0 0 0 0 0 0 0 0 0 0 0 0 0 0 0 0 0 0 0 0 0 0 0 0 0 0 0 0 0 0 0 0 0 0 0 0 0 0 0 0 0 0 0 0 0 0 0 0 0 0 0 0 0 0 0 0 0 0 0 0 0 0 0 0 0 0 0 0 0 0 0 0 0 0 0 0 0 0 0 0 0 0 0 0 0 0 0 0 0 0 0 0 0 0 0 0 0 0 0 0 0 0 0 0 0 0 0 0 0 0 0 0 0 0 0 0 0
0 0 0 0 0 0 0 0 0 0 0 0 0 0 0 0 0 0 0 0 0 0 0 0 0 0 0 0 0 0 0 0 0 0 0 0 0 0 0 0 0 0 0 0 0 0 0 0 0 0 0 0 0 0 0 0 0 0 0 0 0 0 0 0 0 0 0 0 0 0 0 0 0 0 0 0 0 0 0 0 0 0 0 0 0 0 0 0 0 0 0 0 0 0 0 0 0 0 0 0 0 0 0 0 0 0 0 0 0 0 0 0 0 0 0 0 0 0 0 0 0 0 0 0 0 0 0 0 0 0 0 0 0 0 0 0 0 0 0 0 0 0 0 0 0 0 0 0 0 0
0 0 0 0 0 0 0 0 0 0 0 0 0 0 0 0 0 0 0 0 0 0 0 0 0 0 0 0 0 0 0 0 0 0 0 0 0 0 0 0 0 0 0 0 0 0 0 0 0 0 0 0 0 0 0 0 0 0 0 0 0 0 0 0 0 0 0 0 0 0 0 0 0 0 0 0 0 0 0 0 0 0 0 0 0 0 0 0 0 0 0 0 0 0 0 0 0 0 0 0 0 0 0 0 0 0 0 0 0 0 0 0 0 0 0 0 0 0 0 0 0 0 0 0 0 0 0 0 0 0 0 0 0 0 0 0 0 0 0 0 0 0 0 0 0 0 0 0 0 0
0 0 0 0 0 0 0 0 0 0 0 0 0 0 0 0 0 0 0 0 0 0 0 0 0 0 0 0 0 0 0 0 0 0 0 0 0 0 0 0 0 0 0 0 0 0 0 0 0 0 0 0 0 0 0 0 0 0 0 0 0 0 0 0 0 0 0 0 0 0 0 0 0 0 0 0 0 0 0 0 0 0 0 0 0 0 0 0 0 0 0 0 0 0 0 0 0 0 0 0 0 0 0 0 0 0 0 0 0 0 0 0 0 0 0 0 0 0 0 0 0 0 0 0 0 0 0 0 0 0 0 0 0 0 0 0 0 0 0 0 0 0 0 0 0 0 0 0 0 0
0 0 0 0 0 0 0 0 0 0 0 0 0 0 0 0 0 0 0 0 0 0 0 0 0 0 0 0 0 0 0 0 0 0 0 0 0 0 0 0 0 0 0 0 0 0 0 0 0 0 0 0 0 0 0 0 0 0 0 0 0 0 0 0 0 0 0 0 0 0 0 0 0 0 0 0 0 0 0 0 0 0 0 0 0 0 0 0 0 0 0 0 0 0 0 0 0 0 0 0 0 0 0 0 0 0 0 0 0 0 0 0 0 0 0 0 0 0 0 0 0 0 0 0 0 0 0 0 0 0 0 0 0 0 0 0 0 0 0 0 0 0 0 0 0 0 0 0 0 0
0 0 0 0 0 0 0 0 0 0 0 0 0 0 0 0 0 0 0 0 0 0 0 0 0 0 0 0 0 0 0 0 0 0 0 0 0 0 0 0 0 0 0 0 0 0 0 0 0 0 0 0 0 0 0 0 0 0 0 0 0 0 0 0 0 0 0 0 0 0 0 0 0 0 0 0 0 0 0 0 0 0 0 0 0 0 0 0 0 0 0 0 0 0 0 0 0 0 0 0 0 0 0 0 0 0 0 0 0 0 0 0 0 0 0 0 0 0 0 0 0 0 0 0 0 0 0 0 0 0 0 0 0 0 0 0 0 0 0 0 0 0 0 0 0 0 0 0 0 0
0 0 0 0 0 0 0 0 0 0 0 0 0 0 0 0 0 0 0 0 0 0 0 0 0 0 0 0 0 0 0 0 0 0 0 0 0 0 0 0 0 0 0 0 0 0 0 0 0 0 0 0 0 0 0 0 0 0 0 0 0 0 0 0 0 0 0 0 0 0 0 0 0 0 0 0 0 0 0 0 0 0 0 0 0 0 0 0 0 0 0 0 0 0 0 0 0 0 0 0 0 0 0 0 0 0 0 0 0 0 0 0 0 0 0 0 0 0 0 0 0 0 0 0 0 0 0 0 0 0 0 0 0 0 0 0 0 0 0 0 0 0 0 0 0 0 0 0 0 0
0 0 0 0 0 0 0 0 0 0 0 0 0 0 0 0 0 0 0 0 0 0 0 0 0 0 0 0 0 0 0 0 0 0 0 0 0 0 0 0 0 0 0 0 0 0 0 0 0 0 0 0 0 0 0 0 0 0 0 0 0 0 0 0 0 0 0 0 0 0 0 0 0 0 0 0 0 0 0 0 0 0 0 0 0 0 0 0 0 0 0 0 0 0 0 0 0 0 0 0 0 0 0 0 0 0 0 0 0 0 0 0 0 0 0 0 0 0 0 0 0 0 0 0 0 0 0 0 0 0 0 0 0 0 0 0 0 0 0 0 0 0 0 0 0 0 0 0 0 0
0 0 0 0 0 0 0 0 0 0 0 0 0 0 0 0 0 0 0 0 0 0 0 0 0 0 0 0 0 0 0 0 0 0 0 0 0 0 0 0 0 0 0 0 0 0 0 0 0 0 0 0 0 0 0 0 0 0 0 0 0 0 0 0 0 0 0 0 0 0 0 0 0 0 0 0 0 0 0 0 0 0 0 0 0 0 0 0 0 0 0 0 0 0 0 0 0 0 0 0 0 0 0 0 0 0 0 0 0 0 0 0 0 0 0 0 0 0 0 0 0 0 0 0 0 0 0 0 0 0 0 0 0 0 0 0 0 0 0 0 0 0 0 0 0 0 0 0 0 0
0 0 0 0 0 0 0 0 0 0 0 0 0 0 0 0 0 0 0 0 0 0 0 0 0 0 0 0 0 0 0 0 0 0 0 0 0 0 0 0 0 0 0 0 0 0 0 0 0 0 0 0 0 0 0 0 0 0 0 0 0 0 0 0 0 0 0 0 0 0 0 0 0 0 0 0 0 0 0 0 0 0 0 0 0 0 0 0 0 0 0 0 0 0 0 0 0 0 0 0 0 0 0 0 0 0 0 0 0 0 0 0 0 0 0 0 0 0 0 0 0 0 0 0 0 0 0 0 0 0 0 0 0 0 0 0 0 0 0 0 0 0 0 0 0 0 0 0 0 0
0 0 0 0 0 0 0 0 0 0 0 0 0 0 0 0 0 0 0 0 0 0 0 0 0 0 0 0 0 0 0 0 0 0 0 0 0 0 0 0 0 0 0 0 0 0 0 0 0 0 0 0 0 0 0 0 0 0 0 0 0 0 0 0 0 0 0 0 0 0 0 0 0 0 0 0 0 0 0 0 0 0 0 0 0 0 0 0 0 0 0 0 0 0 0 0 0 0 0 0 0 0 0 0 0 0 0 0 0 0 0 0 0 0 0 0 0 0 0 0 0 0 0 0 0 0 0 0 0 0 0 0 0 0 0 0 0 0 0 0 0 0 0 0 0 0 0 0 0 0
0 0 0 0 0 0 0 0 0 0 0 0 0 0 0 0 0 0 0 0 0 0 0 0 0 0 0 0 0 0 0 0 0 0 0 0 0 0 0 0 0 0 0 0 0 0 0 0 0 0 0 0 0 0 0 0 0 0 0 0 0 0 0 0 0 0 0 0 0 0 0 0 0 0 0 0 0 0 0 0 0 0 0 0 0 0 0 0 0 0 0 0 0 0 0 0 0 0 0 0 0 0 0 0 0 0 0 0 0 0 0 0 0 0 0 0 0 0 0 0 0 0 0 0 0 0 0 0 0 0 0 0 0 0 0 0 0 0 0 0 0 0 0 0 0 0 0 0 0 0
0 0 0 0 0 0 0 0 0 0 0 0 0 0 0 0 0 0 0 0 0 0 0 0 0 0 0 0 0 0 0 0 0 0 0 0 0 0 0 0 0 0 0 0 0 0 0 0 0 0 0 0 0 0 0 0 0 0 0 0 0 0 0 0 0 0 0 0 0 0 0 0 0 0 0 0 0 0 0 0 0 0 0 0 0 0 0 0 0 0 0 0 0 0 0 0 0 0 0 0 0 0 0 0 0 0 0 0 0 0 0 0 0 0 0 0 0 0 0 0 0 0 0 0 0 0 0 0 0 0 0 0 0 0 0 0 0 0 0 0 0 0 0 0 0 0 0 0 0 0
0 0 0 0 0 0 0 0 0 0 0 0 0 0 0 0 0 0 0 0 0 0 0 0 0 0 0 0 0 0 0 0 0 0 0 0 0 0 0 0 0 0 0 0 0 0 0 0 0 0 0 0 0 0 0 0 0 0 0 0 0 0 0 0 0 0 0 0 0 0 0 0 0 0 0 0 0 0 0 0 0 0 0 0 0 0 0 0 0 0 0 0 0 0 0 0 0 0 0 0 0 0 0 0 0 0 0 0 0 0 0 0 0 0 0 0 0 0 0 0 0 0 0 0 0 0 0 0 0 0 0 0 0 0 0 0 0 0 0 0 0 0 0 0 0 0 0 0 0 0
0 0 0 0 0 0 0 0 0 0 0 0 0 0 0 0 0 0 0 0 0 0 0 0 0 0 0 0 0 0 0 0 0 0 0 0 0 0 0 0 0 0 0 0 0 0 0 0 0 0 0 0 0 0 0 0 0 0 0 0 0 0 0 0 0 0 0 0 0 0 0 0 0 0 0 0 0 0 0 0 0 0 0 0 0 0 0 0 0 0 0 0 0 0 0 0 0 0 0 0 0 0 0 0 0 0 0 0 0 0 0 0 0 0 0 0 0 0 0 0 0 0 0 0 0 0 0 0 0 0 0 0 0 0 0 0 0 0 0 0 0 0 0 0 0 0 0 0 0 0
0 0 0 0 0 0 0 0 0 0 0 0 0 0 0 0 0 0 0 0 0 0 0 0 0 0 0 0 0 0 0 0 0 0 0 0 0 0 0 0 0 0 0 0 0 0 0 0 0 0 0 0 0 0 0 0 0 0 0 0 0 0 0 0 0 0 0 0 0 0 0 0 0 0 0 0 0 0 0 0 0 0 0 0 0 0 0 0 0 0 0 0 0 0 0 0 0 0 0 0 0 0 0 0 0 0 0 0 0 0 0 0 0 0 0 0 0 0 0 0 0 0 0 0 0 0 0 0 0 0 0 0 0 0 0 0 0 0 0 0 0 0 0 0 0 0 0 0 0 0
0 0 0 0 0 0 0 0 0 0 0 0 0 0 0 0 0 0 0 0 0 0 0 0 0 0 0 0 0 0 0 0 0 0 0 0 0 0 0 0 0 0 0 0 0 0 0 0 0 0 0 0 0 0 0 0 0 0 0 0 0 0 0 0 0 0 0 0 0 0 0 0 0 0 0 0 0 0 0 0 0 0 0 0 0 0 0 0 0 0 0 0 0 0 0 0 0 0 0 0 0 0 0 0 0 0 0 0 0 0 0 0 0 0 0 0 0 0 0 0 0 0 0 0 0 0 0 0 0 0 0 0 0 0 0 0 0 0 0 0 0 0 0 0 0 0 0 0 0 0
0 0 0 0 0 0 0 0 0 0 0 0 0 0 0 0 0 0 0 0 0 0 0 0 0 0 0 0 0 0 0 0 0 0 0 0 0 0 0 0 0 0 0 0 0 0 0 0 0 0 0 0 0 0 0 0 0 0 0 0 0 0 0 0 0 0 0 0 0 0 0 0 0 0 0 0 0 0 0 0 0 0 0 0 0 0 0 0 0 0 0 0 0 0 0 0 0 0 0 0 0 0 0 0 0 0 0 0 0 0 0 0 0 0 0 0 0 0 0 0 0 0 0 0 0 0 0 0 0 0 0 0 0 0 0 0 0 0 0 0 0 0 0 0 0 0 0 0 0 0
0 0 0 0 0 0 0 0 0 0 0 0 0 0 0 0 0 0 0 0 0 0 0 0 0 0 0 0 0 0 0 0 0 0 0 0 0 0 0 0 0 0 0 0 0 0 0 0 0 0 0 0 0 0 0 0 0 0 0 0 0 0 0 0 0 0 2.68716e-06 3.09528e-06 3.28585e-06 3.21476e-06 0 0 0 0 0 0 0 0 0 0 0 0 0 0 0 0 0 0 0 0 0 0 0 0 0 0 0 0 0 0 0 0 0 0 0 0 0 0 0 0 0 0 0 0 0 0 0 0 0 0 0 0 0 0 0 0 0 0 0 0 0 0 0 0 0 0 0 0 0 0 0 0 0 0 0 0 0 0 0 0
0 0 0 0 0 0 0 0 0 0 0 0 0 0 0 0 0 0 0 0 0 0 0 0 0 0 0 0 0 0 0 0 0 0 0 0 0 0 0 0 0 0 0 0 0 0 0 0 0 0 0 0 0 0 0 0 0 0 0 0 0 0 0 0 5.83505e-06 7.90397e-06 9.86831e-06 1.13059e-05 1.25556e-05 1.26454e-05 1.19206e-05 1.05793e-05 8.88876e-06 9.70389e-06 8.67536e-06 9.19089e-06 1.01859e-05 1.1702e-05 1.35237e-05 0 0 0 0 0 0 0 0 0 0 0 0 0 0 0 0 0 0 0 0 0 0 0 0 0 0 0 0 0 0 0 0 0 0 0 0 0 0 0 0 0 0 0 0 0 0 0 0 0 0 0 0 0 0 0 0 0 0 0 0 0 0 0 0 0 0 0 0 0 0 0
0 0 0 0 0 0 0 0 0 0 0 0 0 0 0 0 0 0 0 0 0 0 0 0 0 0 0 0 0 0 0 0 0 0 0 0 0 0 0 0 0 0 0 0 0 0 0 0 0 0 0 0 0 0 0 0 0 0 0 0 0 0 8.37367e-06 1.33476e-05 1.97593e-05 2.6891e-05 3.38362e-05 3.94363e-05 4.26909e-05 4.47005e-05 4.38738e-05 4.21565e-05 4.06647e-05 3.87677e-05 3.51695e-05 3.55699e-05 3.69949e-05 3.91474e-05 4.44893e-05 4.89047e-05 5.08661e-05 4.91877e-05 0 0 0 0 0 0 0 0 0 0 0 0 0 0 0 0 0 0 0 0 0 0 0 0 0 0 0 0 0 0 0 0 0 0 0 0 0 0 0 0 0 0 0 0 0 0 0 0 0 0 0 0 0 0 0 0 0 0 0 0 0 0 0 0 0 0 0 0
0 0 0 0 0 0 0 0 0 0 0 0 0 0 0 0 0 0 0 0 0 0 0 0 0 0 0 0 0 0 0 0 0 0 0 0 0 0 0 0 0 0 0 0 0 0 0 0 0 0 0 0 0 0 0 0 0 0 0 0 0 1.50126e-05 2.66353e-05 4.2779e-05 6.34996e-05 8.71975e-05 0.000110925 0.0001319 0.000146198 0.000152745 0.000152958 0.000148134 0.000141681 0.000127656 0.000122808 0.000118865 0.000118603 0.00012564 0.000138645 0.00015023 0.000152514 0.000146911 0.00013132 0.000108427 0 0 0 0 0 0 0 0 0 0 0 0 0 0 0 0 0 0 0 0 0 0 0 0 0 0 0 0 0 0 0 0 0 0 0 0 0 0 0 0 0 0 0 0 0 0 0 0 0 0 0 0 0 0 0 0 0 0 0 0 0 0 0 0 0 0
0 0 0 0 0 0 0 0 0 0 0 0 0 0 0 0 0 0 0 0 0 0 0 0 0 0 0 0 0 0 0 0 0 0 0 0 0 0 0 0 0 0 0 0 0 0 0 0 0 0 0 0 0 0 0 0 0 0 0 0 2.3305e-05 4.3988e-05 7.65737e-05 0.00012316 0.00018316 0.000252504 0.000322846 0.000385155 0.000431014 0.000454743 0.000458635 0.000448899 0.000428933 0.000407732 0.00038412 0.000367971 0.000357689 0.000373199 0.000406219 0.000438353 0.000451992 0.000406793 0.00036269 0.000299227 0.000227922 0.000160377 0 0 0 0 0 0 0 0 0 0 9.83876e-05 0.000105856 0.000105104 9.63245e-05 0 0 0 0 0 0 0 0 0 0 0 0 0 0 0 0 0 0 0 0 0 0 0 0 0 0 0 0 0 0 0 0 0 0 0 0 0 0 0 0 0 0 0 0 0 0 0 0 0 0
0 0 0 0 0 0 0 0 0 0 0 0 0 0 0 0 0 0 0 0 0 0 0 0 0 0 0 0 0 0 0 0 0 0 0 0 0 0 0 0 0 0 0 0 0 0 0 0 0 0 0 0 0 0 0 0 0 0 0 3.02145e-05 6.17933e-05 0.000116598 0.000203234 0.000327676 0.000489256 0.00067652 0.000869285 0.00104324 0.00117285 0.0012471 0.00126899 0.00125137 0.00121534 0.00115909 0.00109438 0.00103136 0.000994842 0.00100696 0.00107308 0.00114555 0.00117605 0.00113637 0.00101787 0.000843491 0.000655036 0.000409178 0.000266275 0 0 0 0 0 8.99596e-05 0.000128724 0.000173992 0.000218993 0.000255145 0.000274579 0.000272801 0.000250295 0.000212243 0.000166567 0.000121228 8.20547e-05 0 0 0 0 0 0 0 0 0 0 0 0 0 0 0 0 0 0 0 0 0 0 0 0 0 0 0 0 0 0 0 0 0 0 0 0 0 0 0 0 0 0 0 0 0 0
0 0 0 0 0 0 0 0 0 0 0 0 0 0 0 0 0 0 0 0 0 0 0 0 0 0 0 0 0 0 0 0 0 0 0 0 0 0 0 0 0 0 0 0 0 0 0 0 0 0 0 0 0 0 0 0 0 0 3.33427e-05 7.38539e-05 0.000151046 0.000285607 0.000498803 0.000806008 0.00120597 0.00167407 0.00216386 0.00260894 0.00295338 0.00316503 0.00325114 0.0032363 0.00315424 0.00302419 0.00285695 0.00268029 0.00255643 0.00255068 0.00265789 0.00279033 0.00284918 0.00274835 0.0024771 0.00206849 0.00160911 0.00115158 0.000773038 0.000379432 0 0 0.00010715 0.000151461 0.000218589 0.000309708 0.000416865 0.000523862 0.000610108 0.000656769 0.000653064 0.000600047 0.000509978 0.000401623 0.000293806 0.000200321 0.000127817 7.66503e-05 0 0 0 0 0 0 0 0 0 0 0 0 0 0 0 0 0 0 0 0 0 0 0 0 0 0 0 0 0 0 0 0 0 0 0 0 0 0 0 0 0 0 0 0
0 0 0 0 0 0 0 0 0 0 0 0 0 0 0 0 0 0 0 0 0 0 0 0 0 0 0 0 0 0 0 0 0 0 0 0 0 0 0 0 0 0 0 0 0 0 0 0 0 0 0 0 0 0 0 0 0 0 7.51214e-05 0.000166571 0.000341221 0.000645784 0.00113037 0.0018314 0.00274989 0.00383766 0.00498282 0.00604614 0.00689661 0.00745321 0.00771294 0.00773244 0.00757929 0.00729537 0.00690419 0.00646464 0.0061097 0.00598977 0.00612836 0.00635961 0.00643329 0.00619614 0.00559008 0.00469571 0.00365372 0.0026475 0.00176853 0.00111195 0.000487663 0.000190256 0.000254135 0.000348856 0.000492169 0.000688708 0.000921865 0.001156 0.0013456 0.00144898 0.00144229 0.00132765 0.00113168 0.000895142 0.000659024 0.000453315 0.000292584 0.000177913 0.0001022 5.54871e-05 0 0 0 0 0 0 0 0 0 0 0 0 0 0 0 0 0 0 0 0 0 0 0 0 0 0 0 0 0 0 0 0 0 0 0 0 0 0 0 0 0 0
0 0 0 0 0 0 0 0 0 0 0 0 0 0 0 0 0 0 0 0 0 0 0 0 0 0 0 0 0 0 0 0 0 0 0 0 0 0 0 0 0 0 0 0 0 0 0 0 0 0 0 0 0 0 0 0 0 6.50536e-05 0.000156355 0.000346969 0.000711557 0.00134938 0.00236798 0.00384909 0.00580834 0.00814134 0.0106339 0.0129949 0.0149349 0.0162691 0.0169666 0.0171217 0.0168689 0.0162982 0.0154601 0.0144741 0.013597 0.0131461 0.0132174 0.0135257 0.013593 0.0130353 0.0117677 0.00991105 0.00776272 0.0056417 0.00381191 0.00239659 0.00144966 0.000907784 0.000562028 0.000748561 0.00102879 0.00141727 0.00188314 0.00235441 0.00273824 0.00294967 0.00293982 0.00271241 0.00232056 0.00184567 0.00136942 0.000951835 0.000622402 0.000384155 0.000224126 0.000123474 6.40373e-05 0 0 0 0 0 0 0 0 0 0 0 0 0 0 0 0 0 0 0 0 0 0 0 0 0 0 0 0 0 0 0 0 0 0 0 0 0 0 0 0 0
0 0 0 0 0 0 0 0 0 0 0 0 0 0 0 0 0 0 0 0 0 0 0 0 0 0 0 0 0 0 0 0 0 0 0 0 0 0 0 0 0 0 0 0 0 0 0 0 0 0 0 0 0 0 0 0 0 0.000124944 0.000300391 0.000667443 0.00137124 0.00260672 0.0045886 0.00749329 0.0113555 0.0160079 0.0210495 0.0259103 0.0300124 0.0329502 0.0346107 0.0351364 0.0347806 0.0337276 0.0320953 0.0300997 0.0282026 0.0269913 0.0267177 0.0269549 0.0268486 0.025675 0.0231581 0.0195525 0.0153741 0.0112388 0.00763867 0.00485587 0.0029227 0.00183898 0.00145589 0.00149969 0.00200146 0.00270419 0.00355799 0.00442977 0.00514495 0.00554363 0.00553357 0.00512026 0.00440064 0.00352371 0.00263892 0.00185635 0.00123131 0.000771816 0.000457161 0.000255267 0.000133846 6.56197e-05 0 0 0 0 0 0 0 0 0 0 0 0 0 0 0 0 0 0 0 0 0 0 0 0 0 0 0 0 0 0 0 0 0 0 0 0 0 0 0 0
0 0 0 0 0 0 0 0 0 0 0 0 0 0 0 0 0 0 0 0 0 0 0 0 0 0 0 0 0 0 0 0 0 0 0 0 0 0 0 0 0 0 0 0 0 0 0 0 0 0 0 0 0 0 0 0 8.50666e-05 0.00022152 0.000533157 0.00118656 0.00244328 0.00465911 0.00823201 0.0135046 0.0205787 0.0291959 0.0386643 0.0479606 0.0559927 0.0619423 0.0654957 0.0668531 0.0664596 0.0646962 0.0618141 0.0581791 0.0545418 0.0518751 0.0506927 0.0504422 0.0497602 0.0473577 0.0426978 0.0361135 0.0284997 0.0209324 0.014297 0.00913068 0.00556186 0.00349145 0.00276971 0.00292136 0.00363618 0.00479825 0.00623123 0.00771107 0.00893605 0.00962838 0.00962703 0.00893891 0.00772554 0.00623621 0.00472122 0.00336598 0.00226657 0.0014428 0.000866825 0.000489848 0.000259258 0.000127969 5.87268e-05 0 0 0 0 0 0 0 0 0 0 0 0 0 0 0 0 0 0 0 0 0 0 0 0 0 0 0 0 0 0 0 0 0 0 0 0 0 0 0
0 0 0 0 0 0 0 0 0 0 0 0 0 0 0 0 0 0 0 0 0 0 0 0 0 0 0 0 0 0 0 0 0 0 0 0 0 0 0 0 0 0 0 0 0 0 0 0 0 0 0 0 0 0 0 0 0.000139218 0.000362859 0.000874583 0.00195041 0.00402866 0.007708 0.0136865 0.022563 0.0345947 0.0494234 0.0659501 0.0824523 0.0970177 0.108104 0.115016 0.117987 0.117779 0.115131 0.110546 0.104613 0.0984132 0.0933823 0.0903985 0.0888325 0.086738 0.0820842 0.0738929 0.0625688 0.0495228 0.0365217 0.0250721 0.0160775 0.0098395 0.00624814 0.00494207 0.00517714 0.00619624 0.00795343 0.0101526 0.0124538 0.0143777 0.0154804 0.0155036 0.0144524 0.0125725 0.0102444 0.00785097 0.00567851 0.00388294 0.00250849 0.00152665 0.000871691 0.00046496 0.000230845 0.000106403 4.54836e-05 0 0 0 0 0 0 0 0 0 0 0 0 0 0 0 0 0 0 0 0 0 0 0 0 0 0 0 0 0 0 0 0 0 0 0 0 0 0
0 0 0 0 0 0 0 0 0 0 0 0 0 0 0 0 0 0 0 0 0 0 0 0 0 0 0 0 0 0 0 0 0 0 0 0 0 0 0 0 0 0 0 0 0 0 0 0 0 0 0 0 0 0 0 0 0.000210518 0.000549365 0.00132658 0.00296782 0.00614854 0.0118133 0.0210885 0.0349733 0.0539878 0.0777118 0.104515 0.131718 0.156172 0.175219 0.187507 0.19326 0.193726 0.190254 0.183795 0.175208 0.165867 0.157609 0.151685 0.147486 0.142536 0.13399 0.120296 0.101865 0.080795 0.0597768 0.041198 0.026531 0.0163129 0.0104269 0.00828725 0.00855783 0.0100329 0.0123983 0.0154842 0.0187535 0.0215122 0.023111 0.0231699 0.0216873 0.0190033 0.0156467 0.01215 0.0089192 0.00619105 0.00405445 0.00249561 0.0014375 0.000771766 0.00038505 0.000178263 7.66503e-05 3.0787e-05 0 0 0 0 0 0 0 0 0 0 0 0 0 0 0 0 0 0 0 0 0 0 0 0 0 0 0 0 0 0 0 0 0 0 0 0 0
0 0 0 0 0 0 0 0 0 0 0 0 0 0 0 0 0 0 0 0 0 0 0 0 0 0 0 0 0 0 0 0 0 0 0 0 0 0 0 0 0 0 0 0 0 0 0 0 0 0 0 0 0 0 0 0.000104182 0.00029425 0.000769107 0.00186151 0.00417971 0.00869676 0.0168004 0.030149 0.0503345 0.078281 0.113568 0.153981 0.195597 0.233637 0.26386 0.283939 0.294026 0.296064 0.292356 0.284543 0.273783 0.261533 0.249747 0.239852 0.23133 0.2214 0.206546 0.184653 0.15621 0.123999 0.0919472 0.0635455 0.0410791 0.0253677 0.0163282 0.0130658 0.0133648 0.0152991 0.0183698 0.0223202 0.0265568 0.0301436 0.0322191 0.0322794 0.0303157 0.0267575 0.0222702 0.0175263 0.0130537 0.00918812 0.00609042 0.00378527 0.00219641 0.0011858 0.000594461 0.000276791 0.000120279 4.94691e-05 0 0 0 0 0 0 0 0 0 0 0 0 0 0 0 0 0 0 0 0 0 0 0 0 0 0 0 0 0 0 0 0 0 0 0 0 0
0 0 0 0 0 0 0 0 0 0 0 0 0 0 0 0 0 0 0 0 0 0 0 0 0 0 0 0 0 0 0 0 0 0 0 0 0 0 0 0 0 0 0 0 0 0 0 0 0 0 0 0 0 0 0 0.000134476 0.000380329 0.000996164 0.0024227 0.0054544 0.0114071 0.0221628 0.0400339 0.0673362 0.105544 0.154372 0.211011 0.270141 0.325013 0.369408 0.39973 0.415987 0.421051 0.418549 0.41109 0.400078 0.386652 0.37227 0.358063 0.343534 0.325954 0.301601 0.268099 0.226138 0.179398 0.133133 0.0922015 0.0597462 0.037055 0.0240287 0.0193748 0.0197659 0.0222882 0.0260687 0.030819 0.0358438 0.040033 0.0423666 0.0422632 0.0397308 0.0352728 0.0296481 0.0236246 0.0178293 0.0127042 0.00850864 0.00533132 0.00311291 0.00168944 0.000851897 0.000400587 0.000177793 7.65797e-05 3.33933e-05 0 0 0 0 0 0 0 0 0 0 0 0 0 0 0 0 0 0 0 0 0 0 0 0 0 0 0 0 0 0 0 0 0 0 0 0
0 0 0 0 0 0 0 0 0 0 0 0 0 0 0 0 0 0 0 0 0 0 0 0 0 0 0 0 0 0 0 0 0 0 0 0 0 0 0 0 0 0 0 0 0 0 0 0 0 0 0 0 0 0 0 0.000160515 0.00045479 0.00119838 0.00291929 0.00661169 0.0138935 0.0271755 0.0494454 0.0838128 0.13245 0.195342 0.26918 0.347273 0.420786 0.481347 0.523906 0.548306 0.558511 0.559794 0.555953 0.54851 0.537646 0.523409 0.505852 0.484213 0.456173 0.418555 0.369432 0.310115 0.245399 0.181958 0.12607 0.0818694 0.0509463 0.0332983 0.0271161 0.0277667 0.0311312 0.0358222 0.041373 0.0469269 0.0512947 0.0534096 0.052738 0.0493821 0.0439266 0.0371721 0.0299104 0.0228161 0.016421 0.0110913 0.006997 0.00410926 0.00224378 0.00114199 0.000547275 0.000253084 0.000117632 5.67856e-05 0 0 0 0 0 0 0 0 0 0 0 0 0 0 0 0 0 0 0 0 0 0 0 0 0 0 0 0 0 0 0 0 0 0 0 0
0 0 0 0 0 0 0 0 0 0 0 0 0 0 0 0 0 0 0 0 0 0 0 0 0 0 0 0 0 0 0 0 0 0 0 0 0 0 0 0 0 0 0 0 0 0 0 0 0 0 0 0 0 0 0 0.000177252 0.00050339 0.00133422 0.00327405 0.00744383 0.0157505 0.0310224 0.0568921 0.0972271 0.154953 0.230436 0.32011 0.416143 0.507864 0.5849 0.640809 0.675286 0.69343 0.702271 0.706899 0.708677 0.70609 0.696676 0.678363 0.649592 0.608693 0.55392 0.484879 0.404298 0.318432 0.235477 0.163009 0.105945 0.0662103 0.0435898 0.035908 0.0371346 0.0418029 0.0478819 0.0545045 0.0605407 0.0646885 0.0659603 0.0640517 0.0593203 0.0525192 0.044486 0.0359713 0.0276275 0.0200267 0.0136166 0.00864292 0.0051084 0.00281452 0.00145678 0.000723179 0.000357596 0.000182787 9.63985e-05 5.04396e-05 0 0 0 0 0 0 0 0 0 0 0 0 0 0 0 0 0 0 0 0 0 0 0 0 0 0 0 0 0 0 0 0 0 0 0
0 0 0 0 0 0 0 0 0 0 0 0 0 0 0 0 0 0 0 0 0 0 0 0 0 0 0 0 0 0 0 0 0 0 0 0 0 0 0 0 0 0 0 0 0 0 0 0 0 0 0 0 0 0 0 0.00018116 0.000521459 0.0013881 0.00341359 0.00782447 0.0166589 0.0330726 0.0611536 0.105401 0.169427 0.254075 0.355807 0.466154 0.5732 0.665131 0.734457 0.780779 0.810193 0.831306 0.85029 0.868005 0.880514 0.881804 0.86661 0.831874 0.776584 0.701273 0.608315 0.502948 0.393455 0.289576 0.199942 0.129936 0.0814346 0.0541176 0.0451557 0.0473312 0.0539206 0.0621297 0.0704876 0.0773892 0.0813047 0.0813292 0.077507 0.070639 0.0618252 0.0520451 0.0420253 0.0323432 0.0235397 0.016088 0.010276 0.00612633 0.00342482 0.00182347 0.000955124 0.00051219 0.000284544 0.00015874 8.53943e-05 0 0 0 0 0 0 0 0 0 0 0 0 0 0 0 0 0 0 0 0 0 0 0 0 0 0 0 0 0 0 0 0 0 0 0
0 0 0 0 0 0 0 0 0 0 0 0 0 0 0 0 0 0 0 0 0 0 0 0 0 0 0 0 0 0 0 0 0 0 0 0 0 0 0 0 0 0 0 0 0 0 0 0 0 0 0 0 0 0 0 0.00017146 0.000499351 0.00134467 0.00334672 0.00770624 0.0165311 0.0331017 0.0617266 0.107323 0.174004 0.263134 0.371538 0.490728 0.608442 0.712258 0.794218 0.853916 0.898081 0.936351 0.97546 1.01534 1.04914 1.06662 1.05853 1.01964 0.949469 0.851342 0.731551 0.598983 0.464581 0.339668 0.233541 0.151585 0.0952897 0.0638575 0.0540049 0.0575231 0.0666475 0.0777779 0.0887654 0.097349 0.101614 0.100618 0.0947055 0.0851807 0.0736477 0.0614197 0.0493265 0.0379071 0.0276413 0.0189783 0.0122111 0.00736449 0.00419993 0.00231826 0.00128603 0.000737341 0.000431296 0.000247403 0.000134714 0 0 0 0 0 0 0 0 0 0 0 0 0 0 0 0 0 0 0 0 0 0 0 0 0 0 0 0 0 0 0 0 0 0 0
0 0 0 0 0 0 0 0 0 0 0 0 0 0 0 0 0 0 0 0 0 0 0 0 0 0 0 0 0 0 0 0 0 0 0 0 0 0 0 0 0 0 0 0 0 0 0 0 0 0 0 0 0 0 0 0.000150343 0.000446051 0.00124561 0.00309981 0.00718951 0.015545 0.0314023 0.0590666 0.103597 0.169414 0.258377 0.367914 0.490208 0.613518 0.725789 0.819188 0.893383 0.955206 1.01448 1.07775 1.14359 1.20214 1.23884 1.24025 1.19867 1.11388 0.992273 0.844694 0.684488 0.525748 0.381347 0.260807 0.168978 0.106537 0.0719688 0.0616062 0.0666521 0.0786881 0.0933759 0.10781 0.119071 0.124721 0.123619 0.116224 0.104227 0.0897395 0.0745215 0.0596758 0.0458385 0.0335002 0.0231139 0.0149874 0.00914536 0.00531372 0.00302063 0.00174241 0.00103621 0.000620383 0.000359826 0.000196814 0 0 0 0 0 0 0 0 0 0 0 0 0 0 0 0 0 0 0 0 0 0 0 0 0 0 0 0 0 0 0 0 0 0 0
0 0 0 0 0 0 0 0 0 0 0 0 0 0 0 0 0 0 0 0 0 0 0 0 0 0 0 0 0 0 0 0 0 0 0 0 0 0 0 0 0 0 0 0 0 0 0 0 0 0 0 0 0 0 0 0 0.000392932 0.00110567 0.00276929 0.00646957 0.0141056 0.0287265 0.0544854 0.0963833 0.158915 0.244396 0.351025 0.472076 0.597024 0.714877 0.818453 0.907452 0.98829 1.07004 1.15824 1.24983 1.3322 1.38714 1.3975 1.35331 1.25462 1.11074 0.937111 0.751657 0.571652 0.411263 0.279805 0.181108 0.114672 0.0780784 0.0673483 0.073802 0.0886759 0.107119 0.125518 0.140288 0.148447 0.148492 0.140772 0.127151 0.110107 0.0918332 0.0737987 0.0568845 0.0417426 0.028946 0.0188856 0.0116149 0.00681916 0.00392951 0.00230058 0.00138417 0.000834021 0.000485059 0.000265575 0.000135197 0 0 0 0 0 0 0 0 0 0 0 0 0 0 0 0 0 0 0 0 0 0 0 0 0 0 0 0 0 0 0 0 0 0
0 0 0 0 0 0 0 0 0 0 0 0 0 0 0 0 0 0 0 0 0 0 0 0 0 0 0 0 0 0 0 0 0 0 0 0 0 0 0 0 0 0 0 0 0 0 0 0 0 0 0 0 0 0 0 4.25327e-05 0.000360755 0.000973602 0.00245246 0.00576658 0.0126709 0.0259807 0.0496526 0.0884706 0.146953 0.227739 0.329809 0.447642 0.572195 0.693831 0.806206 0.909029 1.00786 1.11037 1.22045 1.33328 1.43408 1.50209 1.51766 1.46939 1.35779 1.19482 0.999868 0.794741 0.599265 0.428361 0.290655 0.188653 0.120499 0.0827616 0.0713175 0.0784411 0.0956235 0.117501 0.139863 0.158538 0.16998 0.172238 0.165361 0.151168 0.132335 0.111392 0.0901818 0.0699256 0.0515646 0.0359103 0.023521 0.0145159 0.00854488 0.00492886 0.00288234 0.00173006 0.00104021 0.000604199 0.000330594 0.000168249 0 0 0 0 0 0 0 0 0 0 0 0 0 0 0 0 0 0 0 0 0 0 0 0 0 0 0 0 0 0 0 0 0 0
0 0 0 0 0 0 0 0 0 0 0 0 0 0 0 0 0 0 0 0 0 0 0 0 0 0 0 0 0 0 0 0 0 0 0 0 0 0 0 0 0 0 0 0 0 0 0 0 0 0 0 0 0 0 0 3.97793e-05 0.000322324 0.000873055 0.0022093 0.00522205 0.0115416 0.0237955 0.0457386 0.0819695 0.13696 0.213596 0.311489 0.426195 0.549976 0.674451 0.794001 0.908253 1.02178 1.14056 1.2666 1.39327 1.50434 1.57776 1.59299 1.53841 1.41555 1.23856 1.02965 0.813135 0.610147 0.435481 0.296651 0.194735 0.126625 0.0879448 0.0747016 0.0810061 0.0992962 0.123691 0.14939 0.171671 0.186488 0.191379 0.18604 0.172103 0.152303 0.129401 0.105555 0.0823201 0.0609674 0.0425947 0.0279592 0.0172692 0.0101503 0.00582455 0.00337618 0.00200799 0.00119972 0.000694575 0.000379477 0.000193005 0 0 0 0 0 0 0 0 0 0 0 0 0 0 0 0 0 0 0 0 0 0 0 0 0 0 0 0 0 0 0 0 0 0
0 0 0 0 0 0 0 0 0 0 0 0 0 0 0 0 0 0 0 0 0 0 0 0 0 0 0 0 0 0 0 0 0 0 0 0 0 0 0 0 0 0 0 0 0 0 0 0 0 0 0 0 0 0 0 8.08799e-05 0.000267598 0.000800958 0.00203526 0.00483233 0.0107299 0.0222163 0.0428959 0.077213 0.129609 0.20315 0.29797 0.410409 0.533755 0.660497 0.785478 0.908064 1.03181 1.16109 1.2961 1.42872 1.54188 1.61346 1.62349 1.56147 1.43043 1.24618 1.0324 0.814126 0.612209 0.44035 0.304602 0.204843 0.137216 0.0968483 0.0799795 0.083042 0.100327 0.125607 0.153266 0.178053 0.195459 0.202606 0.198825 0.185574 0.165552 0.141642 0.116196 0.0910156 0.0676232 0.0473469 0.0311135 0.0192097 0.011256 0.00641079 0.0036721 0.00215722 0.0012779 0.000736508 0.000401581 0.000204077 0 0 0 0 0 0 0 0 0 0 0 0 0 0 0 0 0 0 0 0 0 0 0 0 0 0 0 0 0 0 0 0 0 0
0 0 0 0 0 0 0 0 0 0 0 0 0 0 0 0 0 0 0 0 0 0 0 0 0 0 0 0 0 0 0 0 0 0 0 0 0 0 0 0 0 0 0 0 0 0 0 0 0 0 0 0 0 0 0 8.8952e-05 0.000259267 0.000737164 0.00188245 0.00449189 0.0100212 0.0208337 0.040421 0.0730827 0.123257 0.194206 0.286472 0.397129 0.520203 0.648719 0.777525 0.905409 1.03485 1.16889 1.30647 1.4386 1.54813 1.61376 1.61711 1.54953 1.41571 1.23241 1.02328 0.812279 0.618495 0.453717 0.322654 0.224724 0.156315 0.112782 0.0904 0.0871862 0.100195 0.123692 0.151154 0.176599 0.195095 0.203437 0.200729 0.188273 0.1687 0.144892 0.119252 0.0936532 0.06972 0.0488785 0.0321349 0.0198226 0.011574 0.00653928 0.00369771 0.00214235 0.00125645 0.000720267 0.000391772 0 0 0 0 0 0 0 0 0 0 0 0 0 0 0 0 0 0 0 0 0 0 0 0 0 0 0 0 0 0 0 0 0 0 0
0 0 0 0 0 0 0 0 0 0 0 0 0 0 0 0 0 0 0 0 0 0 0 0 0 0 0 0 0 0 0 0 0 0 0 0 0 0 0 0 0 0 0 0 0 0 0 0 0 0 0 0 0 0 0 8.11158e-05 0.000237967 0.00065351 0.00170803 0.00410258 0.00920891 0.0192642 0.0375909 0.0683999 0.116097 0.184151 0.273625 0.382263 0.504724 0.634225 0.765219 0.895512 1.02641 1.16009 1.29508 1.42263 1.52638 1.58642 1.58619 1.51883 1.39012 1.21665 1.02052 0.823161 0.640951 0.483743 0.355721 0.257153 0.185774 0.13764 0.108585 0.0965509 0.101131 0.118976 0.143286 0.167032 0.184752 0.192972 0.190669 0.179008 0.16053 0.137982 0.113658 0.089339 0.0665617 0.0466901 0.0306968 0.0189139 0.0110047 0.0061689 0.00344325 0.00196579 0.00114016 0.000649609 0.000352343 0 0 0 0 0 0 0 0 0 0 0 0 0 0 0 0 0 0 0 0 0 0 0 0 0 0 0 0 0 0 0 0 0 0 0
0 0 0 0 0 0 0 0 0 0 0 0 0 0 0 0 0 0 0 0 0 0 0 0 0 0 0 0 0 0 0 0 0 0 0 0 0 0 0 0 0 0 0 0 0 0 0 0 0 0 0 0 0 0 0 6.8761e-05 0.000208024 0.000576243 0.00150366 0.00364388 0.00824868 0.0174055 0.034277 0.0628988 0.107722 0.17244 0.258626 0.364646 0.485618 0.614753 0.74579 0.875352 1.0037 1.13261 1.26132 1.38243 1.4813 1.53972 1.54258 1.48389 1.36918 1.21341 1.03584 0.854579 0.68341 0.531212 0.403045 0.301168 0.225113 0.171488 0.135282 0.113222 0.10583 0.113384 0.1308 0.150261 0.165388 0.172325 0.169897 0.159128 0.142357 0.122111 0.10044 0.0788859 0.0587545 0.0412068 0.0270815 0.0166651 0.00966361 0.00537702 0.00296337 0.00166639 0.000954934 0.000540344 0.000292136 0 0 0 0 0 0 0 0 0 0 0 0 0 0 0 0 0 0 0 0 0 0 0 0 0 0 0 0 0 0 0 0 0 0 0
0 0 0 0 0 0 0 0 0 0 0 0 0 0 0 0 0 0 0 0 0 0 0 0 0 0 0 0 0 0 0 0 0 0 0 0 0 0 0 0 0 0 0 0 0 0 0 0 0 0 0 0 0 0 1.77249e-05 5.56937e-05 0.000177356 0.000494984 0.00129523 0.00317963 0.00727445 0.0155493 0.0309496 0.0574338 0.0994452 0.160871 0.243645 0.346536 0.46487 0.591646 0.719887 0.845276 0.967356 1.0882 1.20846 1.32306 1.41972 1.48198 1.49547 1.45373 1.36041 1.22747 1.07053 0.904609 0.741932 0.591779 0.461103 0.354434 0.272791 0.212957 0.169108 0.136823 0.116083 0.109594 0.116152 0.128655 0.139653 0.144514 0.141731 0.13207 0.117541 0.100362 0.0822514 0.0644417 0.047925 0.033582 0.0220531 0.013552 0.00783335 0.00432848 0.00235655 0.00130498 0.000738244 0.000414547 0.000223303 0 0 0 0 0 0 0 0 0 0 0 0 0 0 0 0 0 0 0 0 0 0 0 0 0 0 0 0 0 0 0 0 0 0 0
0 0 0 0 0 0 0 0 0 0 0 0 0 0 0 0 0 0 0 0 0 0 0 0 0 0 0 0 0 0 0 0 0 0 0 0 0 0 0 0 0 0 0 0 0 0 0 0 0 0 0 0 0 0 1.66477e-05 5.11436e-05 0.000157394 0.000437117 0.00114588 0.00282468 0.00654679 0.0141288 0.0284321 0.0533236 0.0932414 0.15211 0.231976 0.331641 0.446309 0.568653 0.691271 0.809409 0.922581 1.03362 1.145 1.25427 1.35173 1.4226 1.45258 1.43351 1.36594 1.25789 1.12132 0.968901 0.812414 0.662401 0.527934 0.415446 0.327 0.259539 0.206985 0.16443 0.131048 0.109729 0.102611 0.105757 0.111345 0.113695 0.110573 0.102267 0.0903369 0.0766065 0.0624228 0.0487027 0.0361217 0.0252688 0.0165733 0.0101688 0.00585993 0.00321726 0.00173133 0.000944133 0.000526868 0.000293355 0 0 0 0 0 0 0 0 0 0 0 0 0 0 0 0 0 0 0 0 0 0 0 0 0 0 0 0 0 0 0 0 0 0 0 0
0 0 0 0 0 0 0 0 0 0 0 0 0 0 0 0 0 0 0 0 0 0 0 0 0 0 0 0 0 0 0 0 0 0 0 0 0 0 0 0 0 0 0 0 0 0 0 0 0 0 0 0 0 0 1.8895e-05 5.50611e-05 0.000159922 0.000429454 0.00110219 0.00270375 0.00623039 0.0134774 0.0272354 0.0513328 0.0901486 0.147554 0.225439 0.32236 0.433174 0.550245 0.665987 0.775765 0.879556 0.981154 1.08474 1.19031 1.29068 1.37268 1.42186 1.42788 1.38757 1.30473 1.18775 1.04749 0.895696 0.744316 0.604283 0.483677 0.385667 0.307922 0.244912 0.191854 0.147361 0.113349 0.0928055 0.0851864 0.0844468 0.0840558 0.0806808 0.0738849 0.0646387 0.0543299 0.0439265 0.0340662 0.0251626 0.0175565 0.0114942 0.00703996 0.00404489 0.00220756 0.001175 0.000631075 0.000347157 0.000191506 0 0 0 0 0 0 0 0 0 0 0 0 0 0 0 0 0 0 0 0 0 0 0 0 0 0 0 0 0 0 0 0 0 0 0 0
0 0 0 0 0 0 0 0 0 0 0 0 0 0 0 0 0 0 0 0 0 0 0 0 0 0 0 0 0 0 0 0 0 0 0 0 0 0 0 0 0 0 0 0 0 0 0 0 0 0 0 0 0 0 2.4334e-05 6.81714e-05 0.000185905 0.000477206 0.00117397 0.00280806 0.00633746 0.0135382 0.0271862 0.051072 0.0895334 0.146389 0.223372 0.318823 0.427317 0.540986 0.652115 0.75618 0.853467 0.948348 1.04615 1.14884 1.25177 1.3438 1.41091 1.44105 1.42746 1.36958 1.27207 1.14348 0.9952 0.840174 0.691154 0.558169 0.446227 0.354612 0.279004 0.215104 0.161076 0.11765 0.0868452 0.0693983 0.0620521 0.0587813 0.0551689 0.0498463 0.0431109 0.0358299 0.0286847 0.0220687 0.0162082 0.0112666 0.00735784 0.00449698 0.0025762 0.00139821 0.000736567 0.000389717 0.000211215 0 0 0 0 0 0 0 0 0 0 0 0 0 0 0 0 0 0 0 0 0 0 0 0 0 0 0 0 0 0 0 0 0 0 0 0 0
0 0 0 0 0 0 0 0 0 0 0 0 0 0 0 0 0 0 0 0 0 0 0 0 0 0 0 0 0 0 0 0 0 0 0 0 0 0 0 0 0 0 0 0 0 0 0 0 0 0 0 0 0 0 3.16492e-05 8.65828e-05 0.000227349 0.000560048 0.00135138 0.00307459 0.00672454 0.0140321 0.0277543 0.0516703 0.0901744 0.14718 0.224628 0.321064 0.431187 0.546983 0.660355 0.766042 0.863488 0.956457 1.05042 1.14886 1.25003 1.34608 1.42504 1.47448 1.48482 1.45102 1.37316 1.25632 1.11033 0.948703 0.786227 0.635787 0.505262 0.39636 0.30635 0.23147 0.169383 0.119607 0.0826186 0.058515 0.0455818 0.0394968 0.0355686 0.0314756 0.026819 0.0219996 0.0174044 0.0132553 0.0096619 0.00668168 0.00434878 0.00265092 0.00151402 0.000817407 0.000426456 0.000222365 0.000118676 0 0 0 0 0 0 0 0 0 0 0 0 0 0 0 0 0 0 0 0 0 0 0 0 0 0 0 0 0 0 0 0 0 0 0 0 0
0 0 0 0 0 0 0 0 0 0 0 0 0 0 0 0 0 0 0 0 0 0 0 0 0 0 0 0 0 0 0 0 0 0 0 0 0 0 0 0 0 0 0 0 0 0 0 0 0 0 0 0 0 0 0 0.000105964 0.000268239 0.000650009 0.0015633 0.00344684 0.00728779 0.0148138 0.0287387 0.0529085 0.0919257 0.15019 0.230379 0.331913 0.450172 0.577108 0.703511 0.821928 0.928969 1.02585 1.11691 1.20681 1.29753 1.38639 1.46588 1.52536 1.5536 1.54108 1.48214 1.37681 1.23206 1.06132 0.881829 0.710201 0.558073 0.43006 0.325105 0.239814 0.171226 0.117595 0.0778369 0.0507648 0.0345602 0.0262565 0.0219068 0.0186989 0.0156019 0.0125974 0.00982943 0.00739373 0.00533682 0.00366523 0.00237449 0.00144257 0.000821151 0.000441082 0.000228032 0.000117228 0 0 0 0 0 0 0 0 0 0 0 0 0 0 0 0 0 0 0 0 0 0 0 0 0 0 0 0 0 0 0 0 0 0 0 0 0 0
0 0 0 0 0 0 0 0 0 0 0 0 0 0 0 0 0 0 0 0 0 0 0 0 0 0 0 0 0 0 0 0 0 0 0 0 0 0 0 0 0 0 0 0 0 0 0 0 0 0 0 0 0 0 0 0.00012266 0.000306743 0.00080188 0.0018239 0.00392346 0.00808331 0.0160513 0.0305576 0.0556275 0.0963217 0.157883 0.244316 0.356529 0.491029 0.6397 0.791432 0.934905 1.06164 1.16807 1.2559 1.33073 1.39924 1.46599 1.53061 1.58675 1.62301 1.62565 1.58255 1.48741 1.34316 1.16258 0.965339 0.772087 0.598572 0.452393 0.333983 0.24008 0.166955 0.111586 0.0714945 0.0442332 0.0272516 0.0179213 0.0132343 0.0105761 0.00852364 0.00674301 0.00517977 0.00383872 0.00273659 0.00186227 0.00119884 0.0007251 0.000411143 0.000219719 0.00011261 0 0 0 0 0 0 0 0 0 0 0 0 0 0 0 0 0 0 0 0 0 0 0 0 0 0 0 0 0 0 0 0 0 0 0 0 0 0 0
0 0 0 0 0 0 0 0 0 0 0 0 0 0 0 0 0 0 0 0 0 0 0 0 0 0 0 0 0 0 0 0 0 0 0 0 0 0 0 0 0 0 0 0 0 0 0 0 0 0 0 0 0 0 0 0.000133646 0.000331347 0.000963032 0.00216631 0.00460504 0.00936064 0.018216 0.0340961 0.0613145 0.105536 0.173134 0.269736 0.398155 0.556299 0.736068 0.923886 1.10322 1.25848 1.37911 1.46268 1.51529 1.54925 1.57815 1.61103 1.64801 1.67915 1.68735 1.65405 1.5663 1.42241 1.23384 1.02198 0.810997 0.620272 0.460064 0.33197 0.232667 0.157553 0.102467 0.063747 0.0379753 0.0219258 0.0128259 0.0081562 0.00582306 0.00440822 0.00338436 0.00255516 0.00186098 0.0013064 0.000878328 0.000560557 0.000336995 0.000190158 0.00010107 0 0 0 0 0 0 0 0 0 0 0 0 0 0 0 0 0 0 0 0 0 0 0 0 0 0 0 0 0 0 0 0 0 0 0 0 0 0 0 0
0 0 0 0 0 0 0 0 0 0 0 0 0 0 0 0 0 0 0 0 0 0 0 0 0 0 0 0 0 0 0 0 0 0 0 0 0 0 0 0 0 0 0 0 0 0 0 0 0 0 0 0 0 0 0 0.000136915 0.000393939 0.00120766 0.00269143 0.00568773 0.0114205 0.0218768 0.0402368 0.0711621 0.120958 0.197092 0.306859 0.455128 0.641538 0.858189 1.08889 1.31104 1.50047 1.63805 1.71586 1.74018 1.72937 1.70714 1.69327 1.69575 1.70757 1.70957 1.67797 1.59385 1.451 1.25889 1.03933 0.818556 0.618392 0.450979 0.318773 0.218299 0.144198 0.0913547 0.0552714 0.0318961 0.0176229 0.00952833 0.00530151 0.0032434 0.00219156 0.00159911 0.00118479 0.000846038 0.000582917 0.000385822 0.000243346 0.000145063 8.13331e-05 0 0 0 0 0 0 0 0 0 0 0 0 0 0 0 0 0 0 0 0 0 0 0 0 0 0 0 0 0 0 0 0 0 0 0 0 0 0 0 0 0
0 0 0 0 0 0 0 0 0 0 0 0 0 0 0 0 0 0 0 0 0 0 0 0 0 0 0 0 0 0 0 0 0 0 0 0 0 0 0 0 0 0 0 0 0 0 0 0 0 0 0 0 0 0 0 0 0.000510132 0.00160534 0.00355425 0.00739716 0.0146273 0.0274859 0.0494609 0.0855759 0.142622 0.228931 0.353258 0.522459 0.738034 0.992478 1.26701 1.53275 1.75657 1.91021 1.97999 1.97206 1.91071 1.82965 1.75939 1.7161 1.69667 1.6815 1.64355 1.55955 1.41938 1.22996 1.01202 0.791883 0.592113 0.425705 0.295634 0.198398 0.128203 0.07932 0.0467767 0.0262075 0.014005 0.00718645 0.00364322 0.00190784 0.00109875 0.000714619 0.00051894 0.000362596 0.00024441 0.000158606 9.84561e-05 5.79971e-05 0 0 0 0 0 0 0 0 0 0 0 0 0 0 0 0 0 0 0 0 0 0 0 0 0 0 0 0 0 0 0 0 0 0 0 0 0 0 0 0 0 0
0 0 0 0 0 0 0 0 0 0 0 0 0 0 0 0 0 0 0 0 0 0 0 0 0 0 0 0 0 0 0 0 0 0 0 0 0 0 0 0 0 0 0 0 0 0 0 0 0 0 0 0 0 0 0 0.000302916 0.000756379 0.00223857 0.00490863 0.00999612 0.0192393 0.0352833 0.0618826 0.104327 0.169707 0.266896 0.405714 0.594618 0.836648 1.1245 1.43695 1.73939 1.99063 2.15458 2.21256 2.17084 2.05888 1.91893 1.7907 1.69765 1.64073 1.60147 1.55174 1.46593 1.33103 1.15106 0.944326 0.735308 0.545591 0.387952 0.265614 0.175276 0.111158 0.0673765 0.0388457 0.0212248 0.0110126 0.00544996 0.00259406 0.0012076 0.000455604 0.000303533 0.000215797 0.00014735 9.69163e-05 6.14067e-05 0 0 0 0 0 0 0 0 0 0 0 0 0 0 0 0 0 0 0 0 0 0 0 0 0 0 0 0 0 0 0 0 0 0 0 0 0 0 0 0 0 0 0 0
0 0 0 0 0 0 0 0 0 0 0 0 0 0 0 0 0 0 0 0 0 0 0 0 0 0 0 0 0 0 0 0 0 0 0 0 0 0 0 0 0 0 0 0 0 0 0 0 0 0 0 0 0 0 0 0.000505197 0.00123059 0.00330481 0.00690831 0.0136495 0.0255444 0.0454986 0.0775196 0.127053 0.201289 0.309326 0.46152 0.667184 0.930045 1.2424 1.58066 1.90574 2.17077 2.33447 2.37537 2.30041 2.14312 1.95181 1.7726 1.63421 1.54118 1.47708 1.41455 1.32748 1.2011 1.03658 0.848826 0.659157 0.486866 0.343719 0.232922 0.151709 0.0947462 0.0564422 0.0319151 0.0170612 0.00862735 0.00414119 0.00189784 0.000740193 0.000245071 0.000123113 8.55784e-05 5.7066e-05 0 0 0 0 0 0 0 0 0 0 0 0 0 0 0 0 0 0 0 0 0 0 0 0 0 0 0 0 0 0 0 0 0 0 0 0 0 0 0 0 0 0 0 0 0 0
0 0 0 0 0 0 0 0 0 0 0 0 0 0 0 0 0 0 0 0 0 0 0 0 0 0 0 0 0 0 0 0 0 0 0 0 0 0 0 0 0 0 0 0 0 0 0 0 0 0 0 0 0 0 0.000319232 0.000897772 0.00198981 0.00476858 0.00971897 0.0186215 0.0338364 0.0584293 0.0965862 0.153747 0.23702 0.355429 0.51928 0.737784 1.01412 1.33932 1.68755 2.01708 2.27839 2.42869 2.44656 2.3405 2.14683 1.91703 1.70018 1.52771 1.40665 1.32288 1.25095 1.16553 1.05103 0.90611 0.742025 0.576285 0.425298 0.299385 0.201727 0.130214 0.0803611 0.0471895 0.0262218 0.0137638 0.00680268 0.00317772 0.00140614 0.000519359 0.000149337 0 0 0 0 0 0 0 0 0 0 0 0 0 0 0 0 0 0 0 0 0 0 0 0 0 0 0 0 0 0 0 0 0 0 0 0 0 0 0 0 0 0 0 0 0 0 0 0 0
0 0 0 0 0 0 0 0 0 0 0 0 0 0 0 0 0 0 0 0 0 0 0 0 0 0 0 0 0 0 0 0 0 0 0 0 0 0 0 0 0 0 0 0 0 0 0 0 0 0 0 0 0 0 0.000606523 0.00141118 0.00311504 0.00685842 0.0135041 0.0252036 0.0443983 0.0744477 0.119519 0.18491 0.277484 0.405841 0.579642 0.806926 1.08912 1.41511 1.75726 2.07296 2.31341 2.43788 2.42771 2.29399 2.07449 1.82103 1.58245 1.3903 1.25272 1.15775 1.0822 1.00224 0.902121 0.778491 0.639248 0.498194 0.36882 0.260035 0.174986 0.112407 0.0687758 0.0399184 0.021864 0.0112814 0.00546451 0.00249369 0.00102553 0.000308111 0.000121788 0 0 0 0 0 0 0 0 0 0 0 0 0 0 0 0 0 0 0 0 0 0 0 0 0 0 0 0 0 0 0 0 0 0 0 0 0 0 0 0 0 0 0 0 0 0 0 0 0
0 0 0 0 0 0 0 0 0 0 0 0 0 0 0 0 0 0 0 0 0 0 0 0 0 0 0 0 0 0 0 0 0 0 0 0 0 0 0 0 0 0 0 0 0 0 0 0 0 0 0 0 0 0.000314629 0.000939529 0.00213528 0.00460518 0.00961148 0.018441 0.0334479 0.0573854 0.0937403 0.146647 0.221184 0.323789 0.462309 0.645038 0.877862 1.15944 1.4761 1.79893 2.08633 2.29292 2.38289 2.34246 2.18573 1.95083 1.68764 1.44212 1.24381 1.10081 1.00275 0.928719 0.85667 0.771264 0.6678 0.551393 0.432634 0.322461 0.228541 0.15414 0.0988343 0.0600871 0.0345217 0.0186718 0.00947851 0.00450577 0.00201109 0.00082079 0.00028103 9.64952e-05 0 0 0 0 0 0 0 0 0 0 0 0 0 0 0 0 0 0 0 0 0 0 0 0 0 0 0 0 0 0 0 0 0 0 0 0 0 0 0 0 0 0 0 0 0 0 0 0 0
0 0 0 0 0 0 0 0 0 0 0 0 0 0 0 0 0 0 0 0 0 0 0 0 0 0 0 0 0 0 0 0 0 0 0 0 0 0 0 0 0 0 0 0 0 0 0 0 0 0 0 0 0.000209948 0.000596496 0.00140917 0.00312217 0.00655927 0.0131759 0.0245596 0.0433937 0.0726938 0.116096 0.177756 0.262574 0.376461 0.526122 0.717814 0.954396 1.23113 1.53174 1.82686 2.07747 2.24357 2.29605 2.22694 2.0533 1.81263 1.55113 1.31015 1.11577 0.975018 0.878631 0.807917 0.742983 0.669559 0.582331 0.484286 0.383349 0.28829 0.205805 0.139345 0.0893001 0.0540117 0.0307412 0.016425 0.00820309 0.00382482 0.00164537 0.000635853 0.000237644 7.47579e-05 0 0 0 0 0 0 0 0 0 0 0 0 0 0 0 0 0 0 0 0 0 0 0 0 0 0 0 0 0 0 0 0 0 0 0 0 0 0 0 0 0 0 0 0 0 0 0 0 0
0 0 0 0 0 0 0 0 0 0 0 0 0 0 0 0 0 0 0 0 0 0 0 0 0 0 0 0 0 0 0 0 0 0 0 0 0 0 0 0 0 0 0 0 0 0 0 0 0 0 0 0 0.000341375 0.000895818 0.00205339 0.00444982 0.00909079 0.0175574 0.0319012 0.0549413 0.089996 0.140897 0.211923 0.307938 0.43427 0.596225 0.797447 1.03723 1.30724 1.58888 1.85326 2.06508 2.1908 2.20866 2.1165 1.93381 1.69637 1.44562 1.21714 1.03261 0.897244 0.802567 0.73245 0.669955 0.602759 0.525612 0.439874 0.351155 0.266383 0.191461 0.130045 0.0832493 0.0500735 0.0282352 0.0148754 0.00732205 0.0033224 0.0013771 0.000538179 0.000201527 5.69852e-05 0 0 0 0 0 0 0 0 0 0 0 0 0 0 0 0 0 0 0 0 0 0 0 0 0 0 0 0 0 0 0 0 0 0 0 0 0 0 0 0 0 0 0 0 0 0 0 0 0
0 0 0 0 0 0 0 0 0 0 0 0 0 0 0 0 0 0 0 0 0 0 0 0 0 0 0 0 0 0 0 0 0 0 0 0 0 0 0 0 0 0 0 0 0 0 0 0 0 0 0 0.000223662 0.000544041 0.00132816 0.00293134 0.00613796 0.0121769 0.0227994 0.0403648 0.0678568 0.108849 0.167323 0.247802 0.35513 0.494093 0.66839 0.878834 1.12114 1.38368 1.64627 1.88126 2.05774 2.14889 2.14002 2.03413 1.85219 1.62727 1.39509 1.18467 1.01253 0.881664 0.784633 0.708764 0.641228 0.572538 0.498032 0.417751 0.335231 0.255751 0.184548 0.125449 0.080041 0.0478135 0.0266743 0.0138526 0.00668334 0.00301319 0.00122859 0.000473201 0.000172416 4.29337e-05 0 0 0 0 0 0 0 0 0 0 0 0 0 0 0 0 0 0 0 0 0 0 0 0 0 0 0 0 0 0 0 0 0 0 0 0 0 0 0 0 0 0 0 0 0 0 0 0 0
0 0 0 0 0 0 0 0 0 0 0 0 0 0 0 0 0 0 0 0 0 0 0 0 0 0 0 0 0 0 0 0 0 0 0 0 0 0 0 0 0 0 0 0 0 0 0 0 0 0 0 0.000372505 0.000866863 0.00197858 0.0041657 0.00838348 0.0159747 0.0289066 0.0498604 0.0818784 0.128707 0.194516 0.283909 0.401637 0.551736 0.73621 0.953234 1.19552 1.44912 1.69332 1.90251 2.05045 2.11658 2.09238 1.98487 1.81525 1.61289 1.40692 1.21902 1.06003 0.930784 0.825642 0.736531 0.655781 0.577447 0.497897 0.41611 0.333809 0.254832 0.18383 0.124624 0.079095 0.0468526 0.0258501 0.0132111 0.00630222 0.00277836 0.00111968 0.000419553 0.000149328 0 0 0 0 0 0 0 0 0 0 0 0 0 0 0 0 0 0 0 0 0 0 0 0 0 0 0 0 0 0 0 0 0 0 0 0 0 0 0 0 0 0 0 0 0 0 0 0 0 0
0 0 0 0 0 0 0 0 0 0 0 0 0 0 0 0 0 0 0 0 0 0 0 0 0 0 0 0 0 0 0 0 0 0 0 0 0 0 0 0 0 0 0 0 0 0 0 0 0 0 0.000255756 0.000614831 0.00138242 0.0029808 0.00597415 0.0114381 0.0208208 0.0362194 0.0604224 0.0966973 0.14893 0.221423 0.31867 0.444886 0.602958 0.793079 1.01126 1.24834 1.48949 1.71491 1.90188 2.02888 2.08084 2.05406 1.95804 1.81293 1.6433 1.4709 1.30959 1.16445 1.03459 0.916884 0.808631 0.707939 0.612949 0.521472 0.431857 0.344389 0.261728 0.187948 0.126712 0.0798486 0.0468798 0.0255798 0.0129614 0.00606713 0.00264936 0.00106776 0.000392355 0.000130859 0 0 0 0 0 0 0 0 0 0 0 0 0 0 0 0 0 0 0 0 0 0 0 0 0 0 0 0 0 0 0 0 0 0 0 0 0 0 0 0 0 0 0 0 0 0 0 0 0 0
0 0 0 0 0 0 0 0 0 0 0 0 0 0 0 0 0 0 0 0 0 0 0 0 0 0 0 0 0 0 0 0 0 0 0 0 0 0 0 0 0 0 0 0 0 0 0 0 0 0 0.000414395 0.000980605 0.00215828 0.00447918 0.00865617 0.0157745 0.0273261 0.0453358 0.0725245 0.112385 0.168988 0.246816 0.350093 0.482016 0.643773 0.833543 1.04575 1.2706 1.49412 1.69889 1.86605 1.97868 2.02631 2.00857 1.93576 1.82561 1.69704 1.56403 1.43277 1.30304 1.17258 1.04103 0.9111 0.786814 0.670694 0.562469 0.460394 0.363775 0.274342 0.195622 0.130945 0.0818852 0.0476665 0.0257675 0.0129281 0.00598833 0.00258009 0.00103179 0.000367778 0.000102396 0 0 0 0 0 0 0 0 0 0 0 0 0 0 0 0 0 0 0 0 0 0 0 0 0 0 0 0 0 0 0 0 0 0 0 0 0 0 0 0 0 0 0 0 0 0 0 0 0 0
0 0 0 0 0 0 0 0 0 0 0 0 0 0 0 0 0 0 0 0 0 0 0 0 0 0 0 0 0 0 0 0 0 0 0 0 0 0 0 0 0 0 0 0 0 0 0 0 0 0 0.000629827 0.00148299 0.00322087 0.00653858 0.0123288 0.021719 0.0360945 0.0571496 0.0872293 0.129677 0.188875 0.269624 0.37594 0.509774 0.670248 0.853446 1.05263 1.25849 1.45928 1.6413 1.7902 1.89357 1.94454 1.94447 1.90289 1.83395 1.75049 1.65919 1.55946 1.44666 1.31751 1.17407 1.02386 0.876311 0.738278 0.611741 0.495337 0.387795 0.290142 0.205426 0.136581 0.0848429 0.049057 0.026349 0.0131305 0.00602417 0.00258297 0.00102536 0.000354394 9.38388e-05 0 0 0 0 0 0 0 0 0 0 0 0 0 0 0 0 0 0 0 0 0 0 0 0 0 0 0 0 0 0 0 0 0 0 0 0 0 0 0 0 0 0 0 0 0 0 0 0 0 0
0 0 0 0 0 0 0 0 0 0 0 0 0 0 0 0 0 0 0 0 0 0 0 0 0 0 0 0 0 0 0 0 0 0 0 0 0 0 0 0 0 0 0 0 0 0 0 0 0 0.00035087 0.000893872 0.00209078 0.00451596 0.00906214 0.0168634 0.0291275 0.0470982 0.0719476 0.105215 0.149597 0.209387 0.289779 0.394873 0.525631 0.679278 0.85005 1.03053 1.21257 1.38757 1.54621 1.67889 1.77733 1.83715 1.85995 1.85301 1.82597 1.78582 1.73317 1.66244 1.56605 1.44024 1.28895 1.1233 0.956949 0.800382 0.657788 0.528486 0.410942 0.305708 0.215364 0.142545 0.0881809 0.0507973 0.0271872 0.013498 0.00617426 0.00264096 0.00104633 0.000343347 0.000117616 0 0 0 0 0 0 0 0 0 0 0 0 0 0 0 0 0 0 0 0 0 0 0 0 0 0 0 0 0 0 0 0 0 0 0 0 0 0 0 0 0 0 0 0 0 0 0 0 0 0
0 0 0 0 0 0 0 0 0 0 0 0 0 0 0 0 0 0 0 0 0 0 0 0 0 0 0 0 0 0 0 0 0 0 0 0 0 0 0 0 0 0 0 0 0 0 0 0 0 0.000459062 0.00117151 0.00273562 0.00589414 0.0117461 0.0217534 0.0371937 0.0592714 0.088602 0.125743 0.172212 0.231475 0.308691 0.408083 0.530183 0.671062 0.823861 0.981187 1.13666 1.28513 1.42174 1.54136 1.63902 1.71161 1.75953 1.78651 1.79707 1.79288 1.77031 1.72124 1.63734 1.51544 1.36092 1.18696 1.0096 0.841583 0.688726 0.551046 0.427004 0.316811 0.222745 0.147223 0.0909879 0.0523883 0.0280389 0.0139351 0.00638188 0.00273607 0.00108755 0.000397524 0.000122844 0 0 0 0 0 0 0 0 0 0 0 0 0 0 0 0 0 0 0 0 0 0 0 0 0 0 0 0 0 0 0 0 0 0 0 0 0 0 0 0 0 0 0 0 0 0 0 0 0 0
0 0 0 0 0 0 0 0 0 0 0 0 0 0 0 0 0 0 0 0 0 0 0 0 0 0 0 0 0 0 0 0 0 0 0 0 0 0 0 0 0 0 0 0 0 0 0 0 0 0.000561215 0.00142011 0.00331376 0.00713271 0.014198 0.0262071 0.0446371 0.0706817 0.104614 0.146164 0.195607 0.255024 0.328513 0.419794 0.529033 0.651928 0.781655 0.911879 1.03868 1.16054 1.27686 1.38626 1.48609 1.57334 1.64592 1.70303 1.74378 1.76517 1.76103 1.72333 1.6455 1.52646 1.37298 1.1988 1.0202 0.850287 0.695408 0.556032 0.430731 0.319657 0.224925 0.14887 0.0921856 0.053218 0.0285835 0.0142672 0.00657164 0.00283531 0.00113215 0.00042106 0.000114942 0 0 0 0 0 0 0 0 0 0 0 0 0 0 0 0 0 0 0 0 0 0 0 0 0 0 0 0 0 0 0 0 0 0 0 0 0 0 0 0 0 0 0 0 0 0 0 0 0 0
0 0 0 0 0 0 0 0 0 0 0 0 0 0 0 0 0 0 0 0 0 0 0 0 0 0 0 0 0 0 0 0 0 0 0 0 0 0 0 0 0 0 0 0 0 0 0 0 0 0.000629518 0.00159245 0.00371495 0.00801063 0.0159638 0.0293755 0.0500262 0.0791707 0.117017 0.162925 0.216378 0.278089 0.350345 0.435028 0.531062 0.633778 0.737135 0.836882 0.932377 1.02615 1.12165 1.22067 1.32205 1.42194 1.51517 1.59608 1.65845 1.6952 1.69888 1.66328 1.58559 1.46824 1.31969 1.15321 0.983435 0.821875 0.67406 0.540371 0.419647 0.312225 0.220318 0.146308 0.0909625 0.052768 0.0285068 0.0143274 0.00665742 0.00289541 0.00117148 0.000440689 0.000128059 0 0 0 0 0 0 0 0 0 0 0 0 0 0 0 0 0 0 0 0 0 0 0 0 0 0 0 0 0 0 0 0 0 0 0 0 0 0 0 0 0 0 0 0 0 0 0 0 0 0
0 0 0 0 0 0 0 0 0 0 0 0 0 0 0 0 0 0 0 0 0 0 0 0 0 0 0 0 0 0 0 0 0 0 0 0 0 0 0 0 0 0 0 0 0 0 0 0 0 0.000653943 0.00165392 0.00385852 0.00833344 0.0165793 0.03062 0.0523196 0.0831192 0.12353 0.17308 0.231137 0.297537 0.372548 0.455286 0.54216 0.627279 0.705112 0.773604 0.83574 0.898373 0.969138 1.05293 1.14983 1.2551 1.36058 1.4563 1.53145 1.57555 1.58039 1.5421 1.46218 1.34722 1.20762 1.0558 0.903606 0.759454 0.626819 0.505441 0.394453 0.294713 0.208786 0.139236 0.0869861 0.0507518 0.027605 0.0139851 0.00656107 0.0028846 0.00117985 0.000436651 0.000136217 0 0 0 0 0 0 0 0 0 0 0 0 0 0 0 0 0 0 0 0 0 0 0 0 0 0 0 0 0 0 0 0 0 0 0 0 0 0 0 0 0 0 0 0 0 0 0 0 0 0
0 0 0 0 0 0 0 0 0 0 0 0 0 0 0 0 0 0 0 0 0 0 0 0 0 0 0 0 0 0 0 0 0 0 0 0 0 0 0 0 0 0 0 0 0 0 0 0 0 0.000630563 0.00159466 0.0037219 0.00806169 0.0160784 0.0298088 0.0512209 0.0820632 0.123369 0.175379 0.237829 0.31017 0.390841 0.476046 0.559264 0.632733 0.69063 0.732178 0.762868 0.793009 0.834104 0.89453 0.976463 1.07524 1.18088 1.28024 1.35915 1.40476 1.40834 1.36776 1.28791 1.17877 1.05254 0.920805 0.792334 0.671809 0.55994 0.455471 0.357859 0.268721 0.191148 0.127985 0.0803128 0.0471086 0.025788 0.0131616 0.00623453 0.00276621 0.00114254 0.000432701 0.000137318 0 0 0 0 0 0 0 0 0 0 0 0 0 0 0 0 0 0 0 0 0 0 0 0 0 0 0 0 0 0 0 0 0 0 0 0 0 0 0 0 0 0 0 0 0 0 0 0 0 0
0 0 0 0 0 0 0 0 0 0 0 0 0 0 0 0 0 0 0 0 0 0 0 0 0 0 0 0 0 0 0 0 0 0 0 0 0 0 0 0 0 0 0 0 0 0 0 0 7.74277e-05 0.000566345 0.00143252 0.00336826 0.00728502 0.0145929 0.0272305 0.0472329 0.0767175 0.11735 0.170314 0.235977 0.313528 0.399912 0.488939 0.571718 0.638956 0.684301 0.707292 0.714149 0.716244 0.726847 0.757277 0.81318 0.892225 0.984601 1.07578 1.14977 1.19247 1.19487 1.15562 1.08114 0.983101 0.874582 0.766291 0.664322 0.569869 0.480966 0.395393 0.31301 0.236195 0.16857 0.113183 0.0712438 0.0419497 0.023076 0.0118487 0.00565534 0.0025278 0.00104424 0.000404539 0.000130257 0 0 0 0 0 0 0 0 0 0 0 0 0 0 0 0 0 0 0 0 0 0 0 0 0 0 0 0 0 0 0 0 0 0 0 0 0 0 0 0 0 0 0 0 0 0 0 0 0 0
0 0 0 0 0 0 0 0 0 0 0 0 0 0 0 0 0 0 0 0 0 0 0 0 0 0 0 0 0 0 0 0 0 0 0 0 0 0 0 0 0 0 0 0 0 0 0 0 7.8485e-05 0.000208615 0.00120533 0.00284926 0.00619108 0.0124911 0.0235517 0.0414452 0.0685676 0.107278 0.159526 0.22621 0.306275 0.395556 0.486343 0.568446 0.631895 0.670254 0.683102 0.676275 0.660024 0.646366 0.646968 0.670676 0.719787 0.787661 0.860594 0.922374 0.958688 0.960585 0.926667 0.863069 0.781138 0.693409 0.609483 0.533376 0.463747 0.396778 0.329722 0.262857 0.199115 0.142379 0.0957039 0.0603162 0.0355839 0.0196304 0.0100773 0.00485587 0.00218202 0.000909929 0.000354653 0.000115589 0 0 0 0 0 0 0 0 0 0 0 0 0 0 0 0 0 0 0 0 0 0 0 0 0 0 0 0 0 0 0 0 0 0 0 0 0 0 0 0 0 0 0 0 0 0 0 0 0 0
0 0 0 0 0 0 0 0 0 0 0 0 0 0 0 0 0 0 0 0 0 0 0 0 0 0 0 0 0 0 0 0 0 0 0 0 0 0 0 0 0 0 0 0 0 0 0 0 7.36785e-05 0.000196544 0.00095673 0.00228093 0.00499434 0.0101899 0.0195039 0.0349939 0.05925 0.0950372 0.144768 0.209693 0.288406 0.376182 0.46472 0.543595 0.603043 0.637074 0.645401 0.633177 0.608708 0.581075 0.559501 0.553376 0.569521 0.606943 0.655485 0.700361 0.727958 0.729629 0.703453 0.65412 0.591051 0.524932 0.463798 0.410195 0.361495 0.313214 0.262693 0.210539 0.159837 0.114328 0.0768057 0.0483774 0.0285405 0.0157588 0.00811095 0.00391859 0.00176315 0.000741139 0.000259704 9.55179e-05 0 0 0 0 0 0 0 0 0 0 0 0 0 0 0 0 0 0 0 0 0 0 0 0 0 0 0 0 0 0 0 0 0 0 0 0 0 0 0 0 0 0 0 0 0 0 0 0 0 0
0 0 0 0 0 0 0 0 0 0 0 0 0 0 0 0 0 0 0 0 0 0 0 0 0 0 0 0 0 0 0 0 0 0 0 0 0 0 0 0 0 0 0 0 0 0 0 0 6.42424e-05 0.000172386 0.000722936 0.00174593 0.00386869 0.0080206 0.0156584 0.0287556 0.0499097 0.0820019 0.127579 0.187859 0.261334 0.343162 0.425236 0.497735 0.551722 0.581976 0.588446 0.575609 0.549925 0.51756 0.484416 0.457877 0.446408 0.454456 0.477502 0.504043 0.52199 0.523195 0.505057 0.470393 0.425923 0.379719 0.337861 0.301909 0.269095 0.235398 0.198669 0.159699 0.121286 0.0866449 0.0580902 0.0365134 0.0215068 0.011866 0.00611228 0.00295265 0.00133376 0.000562036 0.000198719 7.32793e-05 0 0 0 0 0 0 0 0 0 0 0 0 0 0 0 0 0 0 0 0 0 0 0 0 0 0 0 0 0 0 0 0 0 0 0 0 0 0 0 0 0 0 0 0 0 0 0 0 0 0
0 0 0 0 0 0 0 0 0 0 0 0 0 0 0 0 0 0 0 0 0 0 0 0 0 0 0 0 0 0 0 0 0 0 0 0 0 0 0 0 0 0 0 0 0 0 0 0 5.22568e-05 0.000141533 0.000356317 0.0012924 0.00291226 0.00616304 0.0122803 0.0231604 0.0411384 0.0689621 0.109014 0.162375 0.227548 0.300005 0.372364 0.435895 0.482883 0.508963 0.514339 0.502849 0.479512 0.448359 0.412628 0.376993 0.348719 0.33475 0.336032 0.345829 0.354523 0.354739 0.343321 0.3213 0.292713 0.262831 0.235757 0.212423 0.190699 0.167645 0.141829 0.114024 0.0864694 0.0616096 0.0411737 0.0257971 0.0151518 0.0083152 0.00429218 0.00207498 0.00093789 0.000395775 0.000140999 0 0 0 0 0 0 0 0 0 0 0 0 0 0 0 0 0 0 0 0 0 0 0 0 0 0 0 0 0 0 0 0 0 0 0 0 0 0 0 0 0 0 0 0 0 0 0 0 0 0 0
0 0 0 0 0 0 0 0 0 0 0 0 0 0 0 0 0 0 0 0 0 0 0 0 0 0 0 0 0 0 0 0 0 0 0 0 0 0 0 0 0 0 0 0 0 0 0 0 3.99022e-05 0.000109561 0.000280581 0.000934384 0.00215011 0.00465578 0.00949575 0.0182926 0.0331037 0.0563214 0.0900014 0.135038 0.190038 0.251076 0.311811 0.36486 0.40384 0.425288 0.429555 0.419913 0.400324 0.37347 0.340954 0.305301 0.271514 0.245986 0.232567 0.229304 0.230023 0.228666 0.221841 0.209169 0.192435 0.174516 0.157793 0.142841 0.128418 0.112801 0.0952223 0.0763321 0.0576794 0.0409329 0.027241 0.0169972 0.00994312 0.00544323 0.00280467 0.00135407 0.000611794 0.000233013 9.26182e-05 0 0 0 0 0 0 0 0 0 0 0 0 0 0 0 0 0 0 0 0 0 0 0 0 0 0 0 0 0 0 0 0 0 0 0 0 0 0 0 0 0 0 0 0 0 0 0 0 0 0 0
0 0 0 0 0 0 0 0 0 0 0 0 0 0 0 0 0 0 0 0 0 0 0 0 0 0 0 0 0 0 0 0 0 0 0 0 0 0 0 0 0 0 0 0 0 0 0 0 0 8.05993e-05 0.000210905 0.000549832 0.00156098 0.00345559 0.00719127 0.0140518 0.0258289 0.0443786 0.0713993 0.107517 0.151746 0.20064 0.249125 0.291279 0.322032 0.338754 0.341906 0.334248 0.318887 0.29773 0.271525 0.241452 0.210462 0.182982 0.162925 0.151309 0.145669 0.142086 0.137512 0.130631 0.121616 0.111546 0.101526 0.0919018 0.0821948 0.071665 0.0600546 0.0478192 0.0359177 0.0253478 0.0167788 0.0104177 0.00604917 0.00331089 0.00170055 0.000819251 0.000369729 0.000141571 0 0 0 0 0 0 0 0 0 0 0 0 0 0 0 0 0 0 0 0 0 0 0 0 0 0 0 0 0 0 0 0 0 0 0 0 0 0 0 0 0 0 0 0 0 0 0 0 0 0 0 0
0 0 0 0 0 0 0 0 0 0 0 0 0 0 0 0 0 0 0 0 0 0 0 0 0 0 0 0 0 0 0 0 0 0 0 0 0 0 0 0 0 0 0 0 0 0 0 0 0 5.67057e-05 0.00015195 0.000381682 0.00110866 0.00249993 0.00528286 0.0104479 0.0193616 0.0334692 0.0540609 0.0816 0.11528 0.15244 0.189165 0.220944 0.243986 0.256432 0.258775 0.25326 0.242342 0.227397 0.208761 0.186842 0.163083 0.139924 0.119915 0.104726 0.0945209 0.0880783 0.0834962 0.079226 0.0743995 0.0688938 0.0629338 0.0566844 0.0501031 0.0430759 0.0356158 0.0280425 0.0208693 0.0146162 0.00961296 0.00591125 0.00342923 0.001868 0.000955742 0.000459092 0.000186887 7.95413e-05 0 0 0 0 0 0 0 0 0 0 0 0 0 0 0 0 0 0 0 0 0 0 0 0 0 0 0 0 0 0 0 0 0 0 0 0 0 0 0 0 0 0 0 0 0 0 0 0 0 0 0 0
0 0 0 0 0 0 0 0 0 0 0 0 0 0 0 0 0 0 0 0 0 0 0 0 0 0 0 0 0 0 0 0 0 0 0 0 0 0 0 0 0 0 0 0 0 0 0 0 0 3.82305e-05 0.000104799 0.000268797 0.000698064 0.00174207 0.00372067 0.0074165 0.0137884 0.0239613 0.038793 0.058622 0.0828373 0.109519 0.135813 0.1585 0.174934 0.183905 0.185939 0.182794 0.176328 0.167519 0.156474 0.143112 0.127808 0.111448 0.0951968 0.080287 0.0678225 0.0584906 0.052157 0.0479385 0.0446068 0.0412984 0.0376444 0.0335698 0.0291788 0.0245804 0.0199284 0.0154291 0.0113304 0.00785274 0.0050981 0.00312844 0.00180333 0.00097694 0.000497538 0.000214337 9.72491e-05 0 0 0 0 0 0 0 0 0 0 0 0 0 0 0 0 0 0 0 0 0 0 0 0 0 0 0 0 0 0 0 0 0 0 0 0 0 0 0 0 0 0 0 0 0 0 0 0 0 0 0 0 0
0 0 0 0 0 0 0 0 0 0 0 0 0 0 0 0 0 0 0 0 0 0 0 0 0 0 0 0 0 0 0 0 0 0 0 0 0 0 0 0 0 0 0 0 0 0 0 0 0 2.46203e-05 6.87904e-05 0.000179322 0.000472755 0.00108891 0.00248498 0.00497803 0.00928681 0.0161365 0.0261919 0.0396109 0.0559407 0.0740023 0.0917391 0.107065 0.118281 0.124718 0.126905 0.126173 0.123847 0.120582 0.116266 0.110433 0.102639 0.0927365 0.0810144 0.0682979 0.0558224 0.044903 0.0364774 0.0307553 0.0270358 0.0243102 0.0217965 0.0191262 0.0162756 0.013373 0.0105706 0.00799949 0.00576612 0.003918 0.00252977 0.00153789 0.000879702 0.000473468 0.00023987 0.000103491 4.67859e-05 0 0 0 0 0 0 0 0 0 0 0 0 0 0 0 0 0 0 0 0 0 0 0 0 0 0 0 0 0 0 0 0 0 0 0 0 0 0 0 0 0 0 0 0 0 0 0 0 0 0 0 0 0
0 0 0 0 0 0 0 0 0 0 0 0 0 0 0 0 0 0 0 0 0 0 0 0 0 0 0 0 0 0 0 0 0 0 0 0 0 0 0 0 0 0 0 0 0 0 0 0 0 0 4.26425e-05 0.000112448 0.000275384 0.000695071 0.00150018 0.00313552 0.00586197 0.0102002 0.0165346 0.0250558 0.0353932 0.0467557 0.0580715 0.0678794 0.0752924 0.0800303 0.0826081 0.0840107 0.0851404 0.0863402 0.0872751 0.0871099 0.0848393 0.0797376 0.0717159 0.0614426 0.0501476 0.0392221 0.0298221 0.0226597 0.0177598 0.0146287 0.0124243 0.0105405 0.00872275 0.00696492 0.00534449 0.00392942 0.00274741 0.00184254 0.00117099 0.000703206 0.000398317 0.00021273 9.65081e-05 4.6208e-05 0 0 0 0 0 0 0 0 0 0 0 0 0 0 0 0 0 0 0 0 0 0 0 0 0 0 0 0 0 0 0 0 0 0 0 0 0 0 0 0 0 0 0 0 0 0 0 0 0 0 0 0 0 0
0 0 0 0 0 0 0 0 0 0 0 0 0 0 0 0 0 0 0 0 0 0 0 0 0 0 0 0 0 0 0 0 0 0 0 0 0 0 0 0 0 0 0 0 0 0 0 0 0 0 2.47836e-05 6.58668e-05 0.000162235 0.000412204 0.000892553 0.00179667 0.00345078 0.00601017 0.00974536 0.0147411 0.0208723 0.0276143 0.0343651 0.0403514 0.0451677 0.0488055 0.0517487 0.0547239 0.0583105 0.0625903 0.0669908 0.0704047 0.0715657 0.0695331 0.0641059 0.0558941 0.0460725 0.0359687 0.026742 0.0191383 0.0135038 0.00972166 0.00733696 0.00575755 0.00453849 0.00349382 0.00256454 0.00182812 0.0012503 0.000816524 0.00050784 0.000299859 0.000167688 7.95951e-05 4.01497e-05 0 0 0 0 0 0 0 0 0 0 0 0 0 0 0 0 0 0 0 0 0 0 0 0 0 0 0 0 0 0 0 0 0 0 0 0 0 0 0 0 0 0 0 0 0 0 0 0 0 0 0 0 0 0 0
0 0 0 0 0 0 0 0 0 0 0 0 0 0 0 0 0 0 0 0 0 0 0 0 0 0 0 0 0 0 0 0 0 0 0 0 0 0 0 0 0 0 0 0 0 0 0 0 0 0 0 3.58805e-05 8.87045e-05 0.0002028 0.00049163 0.000991146 0.00185749 0.0032383 0.00533889 0.00808692 0.0114453 0.0151744 0.0189652 0.0225264 0.0256582 0.0285512 0.0316468 0.0354839 0.0404147 0.0463195 0.0524773 0.0576871 0.0606481 0.0604183 0.0567746 0.0502397 0.041873 0.0328942 0.0244014 0.0171285 0.011471 0.00746498 0.00488207 0.00332973 0.00234293 0.00169748 0.00120831 0.000824101 0.000544647 0.000344046 0.00020791 0.000106022 5.88844e-05 3.10282e-05 0 0 0 0 0 0 0 0 0 0 0 0 0 0 0 0 0 0 0 0 0 0 0 0 0 0 0 0 0 0 0 0 0 0 0 0 0 0 0 0 0 0 0 0 0 0 0 0 0 0 0 0 0 0 0 0
0 0 0 0 0 0 0 0 0 0 0 0 0 0 0 0 0 0 0 0 0 0 0 0 0 0 0 0 0 0 0 0 0 0 0 0 0 0 0 0 0 0 0 0 0 0 0 0 0 0 0 0 4.49225e-05 0.000102869 0.000250442 0.000505492 0.000948155 0.00165401 0.00268593 0.00407977 0.00583411 0.00777962 0.00980809 0.0118392 0.0139345 0.0162582 0.0192267 0.0232452 0.0285156 0.034817 0.0414129 0.0471754 0.0509081 0.0517433 0.0494178 0.0443332 0.0373695 0.0295997 0.0220291 0.0154072 0.0101186 0.00628104 0.00374175 0.00220753 0.00134437 0.000862615 0.000566949 0.000361227 0.000230092 0.0001398 7.15674e-05 4.04248e-05 0 0 0 0 0 0 0 0 0 0 0 0 0 0 0 0 0 0 0 0 0 0 0 0 0 0 0 0 0 0 0 0 0 0 0 0 0 0 0 0 0 0 0 0 0 0 0 0 0 0 0 0 0 0 0 0 0 0
0 0 0 0 0 0 0 0 0 0 0 0 0 0 0 0 0 0 0 0 0 0 0 0 0 0 0 0 0 0 0 0 0 0 0 0 0 0 0 0 0 0 0 0 0 0 0 0 0 0 0 0 2.10467e-05 4.82479e-05 0.000102125 0.000238267 0.000447283 0.000780854 0.00126904 0.00193491 0.0027554 0.00369777 0.0047499 0.00593845 0.00730854 0.00912544 0.0117816 0.0154692 0.0203627 0.0262396 0.0324638 0.0380777 0.0420552 0.0435969 0.0423783 0.0386169 0.0329782 0.0263851 0.0197587 0.0138279 0.00903702 0.0055154 0.00315848 0.00171741 0.000912926 0.000496056 0.000283475 0.000133578 8.31903e-05 4.90398e-05 2.75691e-05 0 0 0 0 0 0 0 0 0 0 0 0 0 0 0 0 0 0 0 0 0 0 0 0 0 0 0 0 0 0 0 0 0 0 0 0 0 0 0 0 0 0 0 0 0 0 0 0 0 0 0 0 0 0 0 0 0 0 0
0 0 0 0 0 0 0 0 0 0 0 0 0 0 0 0 0 0 0 0 0 0 0 0 0 0 0 0 0 0 0 0 0 0 0 0 0 0 0 0 0 0 0 0 0 0 0 0 0 0 0 0 0 2.09163e-05 4.42946e-05 8.65928e-05 0.000195017 0.000340788 0.000554579 0.000851209 0.00122228 0.00166615 0.00220543 0.00287041 0.00380482 0.00519657 0.00730183 0.0104061 0.0145548 0.0196147 0.0251084 0.0302857 0.0342861 0.0363635 0.0360983 0.0335166 0.0290741 0.0235358 0.0177545 0.0124602 0.00812717 0.00492303 0.00277137 0.00144648 0.000710104 0.000333783 0.000156442 5.92176e-05 0 0 0 0 0 0 0 0 0 0 0 0 0 0 0 0 0 0 0 0 0 0 0 0 0 0 0 0 0 0 0 0 0 0 0 0 0 0 0 0 0 0 0 0 0 0 0 0 0 0 0 0 0 0 0 0 0 0 0 0 0 0
0 0 0 0 0 0 0 0 0 0 0 0 0 0 0 0 0 0 0 0 0 0 0 0 0 0 0 0 0 0 0 0 0 0 0 0 0 0 0 0 0 0 0 0 0 0 0 0 0 0 0 0 0 0 0 3.47224e-05 6.26989e-05 0.000137558 0.000224323 0.000341871 0.000507281 0.00070977 0.000981125 0.00137808 0.00199266 0.00301181 0.00462062 0.00702526 0.0103409 0.0145219 0.0192123 0.0238669 0.0277648 0.0301956 0.0306553 0.0290076 0.0255507 0.0209164 0.0158898 0.0111895 0.00729537 0.00440148 0.00245551 0.00126614 0.00060342 0.000265804 0.000108268 0 0 0 0 0 0 0 0 0 0 0 0 0 0 0 0 0 0 0 0 0 0 0 0 0 0 0 0 0 0 0 0 0 0 0 0 0 0 0 0 0 0 0 0 0 0 0 0 0 0 0 0 0 0 0 0 0 0 0 0 0 0 0
0 0 0 0 0 0 0 0 0 0 0 0 0 0 0 0 0 0 0 0 0 0 0 0 0 0 0 0 0 0 0 0 0 0 0 0 0 0 0 0 0 0 0 0 0 0 0 0 0 0 0 0 0 0 0 0 2.32587e-05 3.88617e-05 8.41137e-05 0.000129025 0.00019855 0.000289465 0.000432085 0.000663305 0.00106547 0.00177464 0.0029534 0.00476063 0.00733611 0.0106779 0.0145976 0.0186757 0.0223125 0.0248272 0.0256899 0.0246916 0.0220064 0.0181652 0.0138753 0.00979749 0.00639254 0.00385217 0.00214311 0.0011005 0.000521541 0.000228114 9.20964e-05 0 0 0 0 0 0 0 0 0 0 0 0 0 0 0 0 0 0 0 0 0 0 0 0 0 0 0 0 0 0 0 0 0 0 0 0 0 0 0 0 0 0 0 0 0 0 0 0 0 0 0 0 0 0 0 0 0 0 0 0 0 0 0
0 0 0 0 0 0 0 0 0 0 0 0 0 0 0 0 0 0 0 0 0 0 0 0 0 0 0 0 0 0 0 0 0 0 0 0 0 0 0 0 0 0 0 0 0 0 0 0 0 0 0 0 0 0 0 0 0 0 2.08185e-05 3.0288e-05 6.70672e-05 0.000114776 0.000192361 0.000331156 0.000593045 0.00107163 0.00190179 0.00323468 0.00518577 0.00780717 0.0109836 0.0144006 0.0175563 0.0198642 0.0208362 0.020232 0.0181677 0.0150766 0.011554 0.00817465 0.00533731 0.00321493 0.00178626 0.000915353 0.000432589 0.000188533 7.57806e-05 0 0 0 0 0 0 0 0 0 0 0 0 0 0 0 0 0 0 0 0 0 0 0 0 0 0 0 0 0 0 0 0 0 0 0 0 0 0 0 0 0 0 0 0 0 0 0 0 0 0 0 0 0 0 0 0 0 0 0 0 0 0 0
0 0 0 0 0 0 0 0 0 0 0 0 0 0 0 0 0 0 0 0 0 0 0 0 0 0 0 0 0 0 0 0 0 0 0 0 0 0 0 0 0 0 0 0 0 0 0 0 0 0 0 0 0 0 0 0 0 0 0 0 1.40505e-05 3.51707e-05 8.90144e-05 0.000172748 0.000341221 0.000663201 0.00123764 0.00218783 0.00362578 0.00560352 0.00805139 0.0107365 0.0132663 0.0151716 0.0160409 0.0156675 0.0141297 0.0117598 0.00903045 0.00639626 0.00417802 0.00251642 0.00139739 0.000715433 0.00033768 0.000146932 5.89405e-05 0 0 0 0 0 0 0 0 0 0 0 0 0 0 0 0 0 0 0 0 0 0 0 0 0 0 0 0 0 0 0 0 0 0 0 0 0 0 0 0 0 0 0 0 0 0 0 0 0 0 0 0 0 0 0 0 0 0 0 0 0 0 0
0 0 0 0 0 0 0 0 0 0 0 0 0 0 0 0 0 0 0 0 0 0 0 0 0 0 0 0 0 0 0 0 0 0 0 0 0 0 0 0 0 0 0 0 0 0 0 0 0 0 0 0 0 0 0 0 0 0 0 0 0 0 3.97974e-05 9.03334e-05 0.000197469 0.000412577 0.000800981 0.00145554 0.00246554 0.00387436 0.00564165 0.00760087 0.00946627 0.0108899 0.0115635 0.0113309 0.0102414 0.00853773 0.00656313 0.00465151 0.00303918 0.00183055 0.00101636 0.00052015 0.000245365 0.000106687 0 0 0 0 0 0 0 0 0 0 0 0 0 0 0 0 0 0 0 0 0 0 0 0 0 0 0 0 0 0 0 0 0 0 0 0 0 0 0 0 0 0 0 0 0 0 0 0 0 0 0 0 0 0 0 0 0 0 0 0 0 0 0 0
0 0 0 0 0 0 0 0 0 0 0 0 0 0 0 0 0 0 0 0 0 0 0 0 0 0 0 0 0 0 0 0 0 0 0 0 0 0 0 0 0 0 0 0 0 0 0 0 0 0 0 0 0 0 0 0 0 0 0 0 0 0 1.77624e-05 5.20959e-05 0.000118385 0.000252748 0.000503452 0.000931791 0.0015983 0.00253742 0.00372249 0.00504372 0.00630747 0.00727792 0.0077459 0.00760219 0.00687976 0.00573996 0.00441479 0.00312997 0.00204542 0.00123204 0.000684009 0.000350008 0.000165069 7.17517e-05 0 0 0 0 0 0 0 0 0 0 0 0 0 0 0 0 0 0 0 0 0 0 0 0 0 0 0 0 0 0 0 0 0 0 0 0 0 0 0 0 0 0 0 0 0 0 0 0 0 0 0 0 0 0 0 0 0 0 0 0 0 0 0 0
0 0 0 0 0 0 0 0 0 0 0 0 0 0 0 0 0 0 0 0 0 0 0 0 0 0 0 0 0 0 0 0 0 0 0 0 0 0 0 0 0 0 0 0 0 0 0 0 0 0 0 0 0 0 0 0 0 0 0 0 0 0 0 2.71326e-05 6.88098e-05 0.000149586 0.000301877 0.000563836 0.000974076 0.00155443 0.00228926 0.00311141 0.00389934 0.00450608 0.00480137 0.00471641 0.00427074 0.00356464 0.0027424 0.00194463 0.00127094 0.000765566 0.000425019 0.00021747 0.000102554 0 0 0 0 0 0 0 0 0 0 0 0 0 0 0 0 0 0 0 0 0 0 0 0 0 0 0 0 0 0 0 0 0 0 0 0 0 0 0 0 0 0 0 0 0 0 0 0 0 0 0 0 0 0 0 0 0 0 0 0 0 0 0 0 0
0 0 0 0 0 0 0 0 0 0 0 0 0 0 0 0 0 0 0 0 0 0 0 0 0 0 0 0 0 0 0 0 0 0 0 0 0 0 0 0 0 0 0 0 0 0 0 0 0 0 0 0 0 0 0 0 0 0 0 0 0 0 0 1.5317e-05 3.6739e-05 8.33663e-05 0.000169624 0.000318783 0.000552916 0.000884702 0.00130546 0.0017764 0.00222899 0.00257799 0.00274848 0.00270094 0.00244642 0.00204237 0.00157149 0.00111444 0.000728399 0.000438771 0.000243591 0.000124636 5.87729e-05 0 0 0 0 0 0 0 0 0 0 0 0 0 0 0 0 0 0 0 0 0 0 0 0 0 0 0 0 0 0 0 0 0 0 0 0 0 0 0 0 0 0 0 0 0 0 0 0 0 0 0 0 0 0 0 0 0 0 0 0 0 0 0 0 0
0 0 0 0 0 0 0 0 0 0 0 0 0 0 0 0 0 0 0 0 0 0 0 0 0 0 0 0 0 0 0 0 0 0 0 0 0 0 0 0 0 0 0 0 0 0 0 0 0 0 0 0 0 0 0 0 0 0 0 0 0 0 0 8.02897e-06 1.93356e-05 4.29587e-05 8.87931e-05 0.000167302 0.000290718 0.000465795 0.000688088 0.000937031 0.0011762 0.00136089 0.00145137 0.00142656 0.00129234 0.00107901 0.000830298 0.000588845 0.000384872 0.000231842 0.000128713 6.58568e-05 0 0 0 0 0 0 0 0 0 0 0 0 0 0 0 0 0 0 0 0 0 0 0 0 0 0 0 0 0 0 0 0 0 0 0 0 0 0 0 0 0 0 0 0 0 0 0 0 0 0 0 0 0 0 0 0 0 0 0 0 0 0 0 0 0 0
0 0 0 0 0 0 0 0 0 0 0 0 0 0 0 0 0 0 0 0 0 0 0 0 0 0 0 0 0 0 0 0 0 0 0 0 0 0 0 0 0 0 0 0 0 0 0 0 0 0 0 0 0 0 0 0 0 0 0 0 0 0 0 0 9.41297e-06 2.092e-05 4.28641e-05 8.09435e-05 0.000141252 0.000226484 0.00033473 0.00045599 0.000572531 0.000662554 0.000706661 0.000694647 0.000629328 0.000525489 0.000404381 0.000286792 0.000187454 0.00011292 6.26904e-05 0 0 0 0 0 0 0 0 0 0 0 0 0 0 0 0 0 0 0 0 0 0 0 0 0 0 0 0 0 0 0 0 0 0 0 0 0 0 0 0 0 0 0 0 0 0 0 0 0 0 0 0 0 0 0 0 0 0 0 0 0 0 0 0 0 0 0
0 0 0 0 0 0 0 0 0 0 0 0 0 0 0 0 0 0 0 0 0 0 0 0 0 0 0 0 0 0 0 0 0 0 0 0 0 0 0 0 0 0 0 0 0 0 0 0 0 0 0 0 0 0 0 0 0 0 0 0 0 0 0 0 4.2204e-06 9.38589e-06 1.92374e-05 3.63386e-05 6.32604e-05 0.000101496 0.000150074 0.00020461 0.000256936 0.000297365 0.000317182 0.000311806 0.000282498 0.000235882 0.000181522 0.000128739 8.41466e-05 5.0688e-05 0 0 0 0 0 0 0 0 0 0 0 0 0 0 0 0 0 0 0 0 0 0 0 0 0 0 0 0 0 0 0 0 0 0 0 0 0 0 0 0 0 0 0 0 0 0 0 0 0 0 0 0 0 0 0 0 0 0 0 0 0 0 0 0 0 0 0 0
0 0 0 0 0 0 0 0 0 0 0 0 0 0 0 0 0 0 0 0 0 0 0 0 0 0 0 0 0 0 0 0 0 0 0 0 0 0 0 0 0 0 0 0 0 0 0 0 0 0 0 0 0 0 0 0 0 0 0 0 0 0 0 0 0 3.88336e-06 7.95936e-06 1.5035e-05 2.61736e-05 4.19936e-05 6.20926e-05 8.46159e-05 0.000106268 0.000123001 0.000131207 0.000128989 0.00011687 9.75878e-05 7.50995e-05 5.32629e-05 3.48141e-05 0 0 0 0 0 0 0 0 0 0 0 0 0 0 0 0 0 0 0 0 0 0 0 0 0 0 0 0 0 0 0 0 0 0 0 0 0 0 0 0 0 0 0 0 0 0 0 0 0 0 0 0 0 0 0 0 0 0 0 0 0 0 0 0 0 0 0 0 0
0 0 0 0 0 0 0 0 0 0 0 0 0 0 0 0 0 0 0 0 0 0 0 0 0 0 0 0 0 0 0 0 0 0 0 0 0 0 0 0 0 0 0 0 0 0 0 0 0 0 0 0 0 0 0 0 0 0 0 0 0 0 0 0 0 1.48079e-06 3.03504e-06 5.73299e-06 9.98043e-06 1.60125e-05 2.36768e-05 3.22648e-05 4.05217e-05 4.69018e-05 5.00312e-05 4.91858e-05 4.45637e-05 3.72113e-05 2.86362e-05 2.03096e-05 0 0 0 0 0 0 0 0 0 0 0 0 0 0 0 0 0 0 0 0 0 0 0 0 0 0 0 0 0 0 0 0 0 0 0 0 0 0 0 0 0 0 0 0 0 0 0 0 0 0 0 0 0 0 0 0 0 0 0 0 0 0 0 0 0 0 0 0 0 0
0 0 0 0 0 0 0 0 0 0 0 0 0 0 0 0 0 0 0 0 0 0 0 0 0 0 0 0 0 0 0 0 0 0 0 0 0 0 0 0 0 0 0 0 0 0 0 0 0 0 0 0 0 0 0 0 0 0 0 0 0 0 0 0 0 0 1.06657e-06 2.01469e-06 3.50732e-06 5.62715e-06 8.3205e-06 1.13385e-05 1.42401e-05 1.64822e-05 1.75819e-05 1.72848e-05 1.56607e-05 1.30769e-05 0 0 0 0 0 0 0 0 0 0 0 0 0 0 0 0 0 0 0 0 0 0 0 0 0 0 0 0 0 0 0 0 0 0 0 0 0 0 0 0 0 0 0 0 0 0 0 0 0 0 0 0 0 0 0 0 0 0 0 0 0 0 0 0 0 0 0 0 0 0 0 0
0 0 0 0 0 0 0 0 0 0 0 0 0 0 0 0 0 0 0 0 0 0 0 0 0 0 0 0 0 0 0 0 0 0 0 0 0 0 0 0 0 0 0 0 0 0 0 0 0 0 0 0 0 0 0 0 0 0 0 0 0 0 0 0 0 0 0 6.5251e-07 1.13593e-06 1.8225e-06 2.69481e-06 3.67228e-06 4.61202e-06 5.3382e-06 5.69433e-06 5.59812e-06 0 0 0 0 0 0 0 0 0 0 0 0 0 0 0 0 0 0 0 0 0 0 0 0 0 0 0 0 0 0 0 0 0 0 0 0 0 0 0 0 0 0 0 0 0 0 0 0 0 0 0 0 0 0 0 0 0 0 0 0 0 0 0 0 0 0 0 0 0 0 0 0 0 0
0 0 0 0 0 0 0 0 0 0 0 0 0 0 0 0 0 0 0 0 0 0 0 0 0 0 0 0 0 0 0 0 0 0 0 0 0 0 0 0 0 0 0 0 0 0 0 0 0 0 0 0 0 0 0 0 0 0 0 0 0 0 0 0 0 0 0 0 0 0 0 0 0 0 0 0 0 0 0 0 0 0 0 0 0 0 0 0 0 0 0 0 0 0 0 0 0 0 0 0 0 0 0 0 0 0 0 0 0 0 0 0 0 0 0 0 0 0 0 0 0 0 0 0 0 0 0 0 0 0 0 0 0 0 0 0 0 0 0 0 0 0 0 0 0 0 0 0 0 0
0 0 0 0 0 0 0 0 0 0 0 0 0 0 0 0 0 0 0 0 0 0 0 0 0 0 0 0 0 0 0 0 0 0 0 0 0 0 0 0 0 0 0 0 0 0 0 0 0 0 0 0 0 0 0 0 0 0 0 0 0 0 0 0 0 0 0 0 0 0 0 0 0 0 0 0 0 0 0 0 0 0 0 0 0 0 0 0 0 0 0 0 0 0 0 0 0 0 0 0 0 0 0 0 0 0 0 0 0 0 0 0 0 0 0 0 0 0 0 0 0 0 0 0 0 0 0 0 0 0 0 0 0 0 0 0 0 0 0 0 0 0 0 0 0 0 0 0 0 0
0 0 0 0 0 0 0 0 0 0 0 0 0 0 0 0 0 0 0 0 0 0 0 0 0 0 0 0 0 0 0 0 0 0 0 0 0 0 0 0 0 0 0 0 0 0 0 0 0 0 0 0 0 0 0 0 0 0 0 0 0 0 0 0 0 0 0 0 0 0 0 0 0 0 0 0 0 0 0 0 0 0 0 0 0 0 0 0 0 0 0 0 0 0 0 0 0 0 0 0 0 0 0 0 0 0 0 0 0 0 0 0 0 0 0 0 0 0 0 0 0 0 0 0 0 0 0 0 0 0 0 0 0 0 0 0 0 0 0 0 0 0 0 0 0 0 0 0 0 0
0 0 0 0 0 0 0 0 0 0 0 0 0 0 0 0 0 0 0 0 0 0 0 0 0 0 0 0 0 0 0 0 0 0 0 0 0 0 0 0 0 0 0 0 0 0 0 0 0 0 0 0 0 0 0 0 0 0 0 0 0 0 0 0 0 0 0 0 0 0 0 0 0 0 0 0 0 0 0 0 0 0 0 0 0 0 0 0 0 0 0 0 0 0 0 0 0 0 0 0 0 0 0 0 0 0 0 0 0 0 0 0 0 0 0 0 0 0 0 0 0 0 0 0 0 0 0 0 0 0 0 0 0 0 0 0 0 0 0 0 0 0 0 0 0 0 0 0 0 0
0 0 0 0 0 0 0 0 0 0 0 0 0 0 0 0 0 0 0 0 0 0 0 0 0 0 0 0 0 0 0 0 0 0 0 0 0 0 0 0 0 0 0 0 0 0 0 0 0 0 0 0 0 0 0 0 0 0 0 0 0 0 0 0 0 0 0 0 0 0 0 0 0 0 0 0 0 0 0 0 0 0 0 0 0 0 0 0 0 0 0 0 0 0 0 0 0 0 0 0 0 0 0 0 0 0 0 0 0 0 0 0 0 0 0 0 0 0 0 0 0 0 0 0 0 0 0 0 0 0 0 0 0 0 0 0 0 0 0 0 0 0 0 0 0 0 0 0 0 0
0 0 0 0 0 0 0 0 0 0 0 0 0 0 0 0 0 0 0 0 0 0 0 0 0 0 0 0 0 0 0 0 0 0 0 0 0 0 0 0 0 0 0 0 0 0 0 0 0 0 0 0 0 0 0 0 0 0 0 0 0 0 0 0 0 0 0 0 0 0 0 0 0 0 0 0 0 0 0 0 0 0 0 0 0 0 0 0 0 0 0 0 0 0 0 0 0 0 0 0 0 0 0 0 0 0 0 0 0 0 0 0 0 0 0 0 0 0 0 0 0 0 0 0 0 0 0 0 0 0 0 0 0 0 0 0 0 0 0 0 0 0 0 0 0 0 0 0 0 0
0 0 0 0 0 0 0 0 0 0 0 0 0 0 0 0 0 0 0 0 0 0 0 0 0 0 0 0 0 0 0 0 0 0 0 0 0 0 0 0 0 0 0 0 0 0 0 0 0 0 0 0 0 0 0 0 0 0 0 0 0 0 0 0 0 0 0 0 0 0 0 0 0 0 0 0 0 0 0 0 0 0 0 0 0 0 0 0 0 0 0 0 0 0 0 0 0 0 0 0 0 0 0 0 0 0 0 0 0 0 0 0 0 0 0 0 0 0 0 0 0 0 0 0 0 0 0 0 0 0 0 0 0 0 0 0 0 0 0 0 0 0 0 0 0 0 0 0 0 0
0 0 0 0 0 0 0 0 0 0 0 0 0 0 0 0 0 0 0 0 0 0 0 0 0 0 0 0 0 0 0 0 0 0 0 0 0 0 0 0 0 0 0 0 0 0 0 0 0 0 0 0 0 0 0 0 0 0 0 0 0 0 0 0 0 0 0 0 0 0 0 0 0 0 0 0 0 0 0 0 0 0 0 0 0 0 0 0 0 0 0 0 0 0 0 0 0 0 0 0 0 0 0 0 0 0 0 0 0 0 0 0 0 0 0 0 0 0 0 0 0 0 0 0 0 0 0 0 0 0 0 0 0 0 0 0 0 0 0 0 0 0 0 0 0 0 0 0 0 0
0 0 0 0 0 0 0 0 0 0 0 0 0 0 0 0 0 0 0 0 0 0 0 0 0 0 0 0 0 0 0 0 0 0 0 0 0 0 0 0 0 0 0 0 0 0 0 0 0 0 0 0 0 0 0 0 0 0 0 0 0 0 0 0 0 0 0 0 0 0 0 0 0 0 0 0 0 0 0 0 0 0 0 0 0 0 0 0 0 0 0 0 0 0 0 0 0 0 0 0 0 0 0 0 0 0 0 0 0 0 0 0 0 0 0 0 0 0 0 0 0 0 0 0 0 0 0 0 0 0 0 0 0 0 0 0 0 0 0 0 0 0 0 0 0 0 0 0 0 0
0 0 0 0 0 0 0 0 0 0 0 0 0 0 0 0 0 0 0 0 0 0 0 0 0 0 0 0 0 0 0 0 0 0 0 0 0 0 0 0 0 0 0 0 0 0 0 0 0 0 0 0 0 0 0 0 0 0 0 0 0 0 0 0 0 0 0 0 0 0 0 0 0 0 0 0 0 0 0 0 0 0 0 0 0 0 0 0 0 0 0 0 0 0 0 0 0 0 0 0 0 0 0 0 0 0 0 0 0 0 0 0 0 0 0 0 0 0 0 0 0 0 0 0 0 0 0 0 0 0 0 0 0 0 0 0 0 0 0 0 0 0 0 0 0 0 0 0 0 0
0 0 0 0 0 0 0 0 0 0 0 0 0 0 0 0 0 0 0 0 0 0 0 0 0 0 0 0 0 0 0 0 0 0 0 0 0 0 0 0 0 0 0 0 0 0 0 0 0 0 0 0 0 0 0 0 0 0 0 0 0 0 0 0 0 0 0 0 0 0 0 0 0 0 0 0 0 0 0 0 0 0 0 0 0 0 0 0 0 0 0 0 0 0 0 0 0 0 0 0 0 0 0 0 0 0 0 0 0 0 0 0 0 0 0 0 0 0 0 0 0 0 0 0 0 0 0 0 0 0 0 0 0 0 0 0 0 0 0 0 0 0 0 0 0 0 0 0 0 0
0 0 0 0 0 0 0 0 0 0 0 0 0 0 0 0 0 0 0 0 0 0 0 0 0 0 0 0 0 0 0 0 0 0 0 0 0 0 0 0 0 0 0 0 0 0 0 0 0 0 0 0 0 0 0 0 0 0 0 0 0 0 0 0 0 0 0 0 0 0 0 0 0 0 0 0 0 0 0 0 0 0 0 0 0 0 0 0 0 0 0 0 0 0 0 0 0 0 0 0 0 0 0 0 0 0 0 0 0 0 0 0 0 0 0 0 0 0 0 0 0 0 0 0 0 0 0 0 0 0 0 0 0 0 0 0 0 0 0 0 0 0 0 0 0 0 0 0 0 0
0 0 0 0 0 0 0 0 0 0 0 0 0 0 0 0 0 0 0 0 0 0 0 0 0 0 0 0 0 0 0 0 0 0 0 0 0 0 0 0 0 0 0 0 0 0 0 0 0 0 0 0 0 0 0 0 0 0 0 0 0 0 0 0 0 0 0 0 0 0 0 0 0 0 0 0 0 0 0 0 0 0 0 0 0 0 0 0 0 0 0 0 0 0 0 0 0 0 0 0 0 0 0 0 0 0 0 0 0 0 0 0 0 0 0 0 0 0 0 0 0 0 0 0 0 0 0 0 0 0 0 0 0 0 0 0 0 0 0 0 0 0 0 0 0 0 0 0 0 0
0 0 0 0 0 0 0 0 0 0 0 0 0 0 0 0 0 0 0 0 0 0 0 0 0 0 0 0 0 0 0 0 0 0 0 0 0 0 0 0 0 0 0 0 0 0 0 0 0 0 0 0 0 0 0 0 0 0 0 0 0 0 0 0 0 0 0 0 0 0 0 0 0 0 0 0 0 0 0 0 0 0 0 0 0 0 0 0 0 0 0 0 0 0 0 0 0 0 0 0 0 0 0 0 0 0 0 0 0 0 0 0 0 0 0 0 0 0 0 0 0 0 0 0 0 0 0 0 0 0 0 0 0 0 0 0 0 0 0 0 0 0 0 0 0 0 0 0 0 0
0 0 0 0 0 0 0 0 0 0 0 0 0 0 0 0 0 0 0 0 0 0 0 0 0 0 0 0 0 0 0 0 0 0 0 0 0 0 0 0 0 0 0 0 0 0 0 0 0 0 0 0 0 0 0 0 0 0 0 0 0 0 0 0 0 0 0 0 0 0 0 0 0 0 0 0 0 0 0 0 0 0 0 0 0 0 0 0 0 0 0 0 0 0 0 0 0 0 0 0 0 0 0 0 0 0 0 0 0 0 0 0 0 0 0 0 0 0 0 0 0 0 0 0 0 0 0 0 0 0 0 0 0 0 0 0 0 0 0 0 0 0 0 0 0 0 0 0 0 0
0 0 0 0 0 0 0 0 0 0 0 0 0 0 0 0 0 0 0 0 0 0 0 0 0 0 0 0 0 0 0 0 0 0 0 0 0 0 0 0 0 0 0 0 0 0 0 0 0 0 0 0 0 0 0 0 0 0 0 0 0 0 0 0 0 0 0 0 0 0 0 0 0 0 0 0 0 0 0 0 0 0 0 0 0 0 0 0 0 0 0 0 0 0 0 0 0 0 0 0 0 0 0 0 0 0 0 0 0 0 0 0 0 0 0 0 0 0 0 0 0 0 0 0 0 0 0 0 0 0 0 0 0 0 0 0 0 0 0 0 0 0 0 0 0 0 0 0 0 0
0 0 0 0 0 0 0 0 0 0 0 0 0 0 0 0 0 0 0 0 0 0 0 0 0 0 0 0 0 0 0 0 0 0 0 0 0 0 0 0 0 0 0 0 0 0 0 0 0 0 0 0 0 0 0 0 0 0 0 0 0 0 0 0 0 0 0 0 0 0 0 0 0 0 0 0 0 0 0 0 0 0 0 0 0 0 0 0 0 0 0 0 0 0 0 0 0 0 0 0 0 0 0 0 0 0 0 0 0 0 0 0 0 0 0 0 0 0 0 0 0 0 0 0 0 0 0 0 0 0 0 0 0 0 0 0 0 0 0 0 0 0 0 0 0 0 0 0 0 0
0 0 0 0 0 0 0 0 0 0 0 0 0 0 0 0 0 0 0 0 0 0 0 0 0 0 0 0 0 0 0 0 0 0 0 0 0 0 0 0 0 0 0 0 0 0 0 0 0 0 0 0 0 0 0 0 0 0 0 0 0 0 0 0 0 0 0 0 0 0 0 0 0 0 0 0 0 0 0 0 0 0 0 0 0 0 0 0 0 0 0 0 0 0 0 0 0 0 0 0 0 0 0 0 0 0 0 0 0 0 0 0 0 0 0 0 0 0 0 0 0 0 0 0 0 0 0 0 0 0 0 0 0 0 0 0 0 0 0 0 0 0 0 0 0 0 0 0 0 0
0 0 0 0 0 0 0 0 0 0 0 0 0 0 0 0 0 0 0 0 0 0 0 0 0 0 0 0 0 0 0 0 0 0 0 0 0 0 0 0 0 0 0 0 0 0 0 0 0 0 0 0 0 0 0 0 0 0 0 0 0 0 0 0 0 0 0 0 0 0 0 0 0 0 0 0 0 0 0 0 0 0 0 0 0 0 0 0 0 0 0 0 0 0 0 0 0 0 0 0 0 0 0 0 0 0 0 0 0 0 0 0 0 0 0 0 0 0 0 0 0 0 0 0 0 0 0 0 0 0 0 0 0 0 0 0 0 0 0 0 0 0 0 0 0 0 0 0 0 0
0 0 0 0 0 0 0 0 0 0 0 0 0 0 0 0 0 0 0 0 0 0 0 0 0 0 0 0 0 0 0 0 0 0 0 0 0 0 0 0 0 0 0 0 0 0 0 0 0 0 0 0 0 0 0 0 0 0 0 0 0 0 0 0 0 0 0 0 0 0 0 0 0 0 0 0 0 0 0 0 0 0 0 0 0 0 0 0 0 0 0 0 0 0 0 0 0 0 0 0 0 0 0 0 0 0 0 0 0 0 0 0 0 0 0 0 0 0 0 0 0 0 0 0 0 0 0 0 0 0 0 0 0 0 0 0 0 0 0 0 0 0 0 0 0 0 0 0 0 0
0 0 0 0 0 0 0 0 0 0 0 0 0 0 0 0 0 0 0 0 0 0 0 0 0 0 0 0 0 0 0 0 0 0 0 0 0 0 0 0 0 0 0 0 0 0 0 0 0 0 0 0 0 0 0 0 0 0 0 0 0 0 0 0 0 0 0 0 0 0 0 0 0 0 0 0 0 0 0 0 0 0 0 0 0 0 0 0 0 0 0 0 0 0 0 0 0 0 0 0 0 0 0 0 0 0 0 0 0 0 0 0 0 0 0 0 0 0 0 0 0 0 0 0 0 0 0 0 0 0 0 0 0 0 0 0 0 0 0 0 0 0 0 0 0 0 0 0 0 0
0 0 0 0 0 0 0 0 0 0 0 0 0 0 0 0 0 0 0 0 0 0 0 0 0 0 0 0 0 0 0 0 0 0 0 0 0 0 0 0 0 0 0 0 0 0 0 0 0 0 0 0 0 0 0 0 0 0 0 0 0 0 0 0 0 0 0 0 0 0 0 0 0 0 0 0 0 0 0 0 0 0 0 0 0 0 0 0 0 0 0 0 0 0 0 0 0 0 0 0 0 0 0 0 0 0 0 0 0 0 0 0 0 0 0 0 0 0 0 0 0 0 0 0 0 0 0 0 0 0 0 0 0 0 0 0 0 0 0 0 0 0 0 0 0 0 0 0 0 0
0 0 0 0 0 0 0 0 0 0 0 0 0 0 0 0 0 0 0 0 0 0 0 0 0 0 0 0 0 0 0 0 0 0 0 0 0 0 0 0 0 0 0 0 0 0 0 0 0 0 0 0 0 0 0 0 0 0 0 0 0 0 0 0 0 0 0 0 0 0 0 0 0 0 0 0 0 0 0 0 0 0 0 0 0 0 0 0 0 0 0 0 0 0 0 0 0 0 0 0 0 0 0 0 0 0 0 0 0 0 0 0 0 0 0 0 0 0 0 0 0 0 0 0 0 0 0 0 0 0 0 0 0 0 0 0 0 0 0 0 0 0 0 0 0 0 0 0 0 0
0 0 0 0 0 0 0 0 0 0 0 0 0 0 0 0 0 0 0 0 0 0 0 0 0 0 0 0 0 0 0 0 0 0 0 0 0 0 0 0 0 0 0 0 0 0 0 0 0 0 0 0 0 0 0 0 0 0 0 0 0 0 0 0 0 0 0 0 0 0 0 0 0 0 0 0 0 0 0 0 0 0 0 0 0 0 0 0 0 0 0 0 0 0 0 0 0 0 0 0 0 0 0 0 0 0 0 0 0 0 0 0 0 0 0 0 0 0 0 0 0 0 0 0 0 0 0 0 0 0 0 0 0 0 0 0 0 0 0 0 0 0 0 0 0 0 0 0 0 0
0 0 0 0 0 0 0 0 0 0 0 0 0 0 0 0 0 0 0 0 0 0 0 0 0 0 0 0 0 0 0 0 0 0 0 0 0 0 0 0 0 0 0 0 0 0 0 0 0 0 0 0 0 0 0 0 0 0 0 0 0 0 0 0 0 0 0 0 0 0 0 0 0 0 0 0 0 0 0 0 0 0 0 0 0 0 0 0 0 0 0 0 0 0 0 0 0 0 0 0 0 0 0 0 0 0 0 0 0 0 0 0 0 0 0 0 0 0 0 0 0 0 0 0 0 0 0 0 0 0 0 0 0 0 0 0 0 0 0 0 0 0 0 0 0 0 0 0 0 0
0 0 0 0 0 0 0 0 0 0 0 0 0 0 0 0 0 0 0 0 0 0 0 0 0 0 0 0 0 0 0 0 0 0 0 0 0 0 0 0 0 0 0 0 0 0 0 0 0 0 0 0 0 0 0 0 0 0 0 0 0 0 0 0 0 0 0 0 0 0 0 0 0 0 0 0 0 0 0 0 0 0 0 0 0 0 0 0 0 0 0 0 0 0 0 0 0 0 0 0 0 0 0 0 0 0 0 0 0 0 0 0 0 0 0 0 0 0 0 0 0 0 0 0 0 0 0 0 0 0 0 0 0 0 0 0 0 0 0 0 0 0 0 0 0 0 0 0 0 0
0 0 0 0 0 0 0 0 0 0 0 0 0 0 0 0 0 0 0 0 0 0 0 0 0 0 0 0 0 0 0 0 0 0 0 0 0 0 0 0 0 0 0 0 0 0 0 0 0 0 0 0 0 0 0 0 0 0 0 0 0 0 0 0 0 0 0 0 0 0 0 0 0 0 0 0 0 0 0 0 0 0 0 0 0 0 0 0 0 0 0 0 0 0 0 0 0 0 0 0 0 0 0 0 0 0 0 0 0 0 0 0 0 0 0 0 0 0 0 0 0 0 0 0 0 0 0 0 0 0 0 0 0 0 0 0 0 0 0 0 0 0 0 0 0 0 0 0 0 0
0 0 0 0 0 0 0 0 0 0 0 0 0 0 0 0 0 0 0 0 0 0 0 0 0 0 0 0 0 0 0 0 0 0 0 0 0 0 0 0 0 0 0 0 0 0 0 0 0 0 0 0 0 0 0 0 0 0 0 0 0 0 0 0 0 0 0 0 0 0 0 0 0 0 0 0 0 0 0 0 0 0 0 0 0 0 0 0 0 0 0 0 0 0 0 0 0 0 0 0 0 0 0 0 0 0 0 0 0 0 0 0 0 0 0 0 0 0 0 0 0 0 0 0 0 0 0 0 0 0 0 0 0 0 0 0 0 0 0 0 0 0 0 0 0 0 0 0 0 0
0 0 0 0 0 0 0 0 0 0 0 0 0 0 0 0 0 0 0 0 0 0 0 0 0 0 0 0 0 0 0 0 0 0 0 0 0 0 0 0 0 0 0 0 0 0 0 0 0 0 0 0 0 0 0 0 0 0 0 0 0 0 0 0 0 0 0 0 0 0 0 0 0 0 0 0 0 0 0 0 0 0 0 0 0 0 0 0 0 0 0 0 0 0 0 0 0 0 0 0 0 0 0 0 0 0 0 0 0 0 0 0 0 0 0 0 0 0 0 0 0 0 0 0 0 0 0 0 0 0 0 0 0 0 0 0 0 0 0 0 0 0 0 0 0 0 0 0 0 0
