0 0 0 0 0 0 0 0 0 0 0 0 0 0 0 0 0 0 0 0 0 0 0 0 0 0 0 0 0 0 0 0 0 0 0 0 0 0 0 0 0 0 0 0 0 0 0 0 0 0 0 0 0 0 0 0 0 0 0 0 0 0 0 0 0 0 0 0 0 0 0 0 0 0 0 0 0 0 0 0 0 0 0 0 0 0 0 0 0 0 0 0 0 0 0 0 0 0 0 0 0 0 0 0 0 0 0 0 0 0 0 0 0 0 0 0 0 0 0 0 0 0 0 0 0 0 0 0 0 0 0 0 0 0 0 0 0 0 0 0 0 0 0 0 0 0 0 0 0 0
0 0 0 0 0 0 0 0 0 0 0 0 0 0 0 0 0 0 0 0 0 0 0 0 0 0 0 0 0 0 0 0 0 0 0 0 0 0 0 0 0 0 0 0 0 0 0 0 0 0 0 0 0 0 0 0 0 0 0 0 0 0 0 0 0 0 0 0 0 0 0 0 0 0 0 0 0 0 0 0 0 0 0 0 0 0 0 0 0 0 0 0 0 0 0 0 0 0 0 0 0 0 0 0 0 0 0 0 0 0 0 0 0 0 0 0 0 0 0 0 0 0 0 0 0 0 0 0 0 0 0 0 0 0 0 0 0 0 0 0 0 0 0 0 0 0 0 0 0 0
0 0 0 0 0 0 0 0 0 0 0 0 0 0 0 0 0 0 0 0 0 0 0 0 0 0 0 0 0 0 0 0 0 0 0 0 0 0 0 0 0 0 0 0 0 0 0 0 0 0 0 0 0 0 0 0 0 0 0 0 0 0 0 0 0 0 0 0 0 0 0 0 0 0 0 0 0 0 0 0 0 0 0 0 0 0 0 0 0 0 0 0 0 0 0 0 0 0 0 0 0 0 0 0 0 0 0 0 0 0 0 0 0 0 0 0 0 0 0 0 0 0 0 0 0 0 0 0 0 0 0 0 0 0 0 0 0 0 0 0 0 0 0 0 0 0 0 0 0 0
0 0 0 0 0 0 0 0 0 0 0 0 0 0 0 0 0 0 0 0 0 0 0 0 0 0 0 0 0 0 0 0 0 0 0 0 0 0 0 0 0 0 0 0 0 0 0 0 0 0 0 0 0 0 0 0 0 0 0 0 0 0 0 0 0 0 0 0 0 0 0 0 0 0 0 0 0 0 0 0 0 0 0 0 0 0 0 0 0 0 0 0 0 0 0 0 0 0 0 0 0 0 0 0 0 0 0 0 0 0 0 0 0 0 0 0 0 0 0 0 0 0 0 0 0 0 0 0 0 0 0 0 0 0 0 0 0 0 0 0 0 0 0 0 0 0 0 0 0 0
0 0 0 0 0 0 0 0 0 0 0 0 0 0 0 0 0 0 0 0 0 0 0 0 0 0 0 0 0 0 0 0 0 0 0 0 0 0 0 0 0 0 0 0 0 0 0 0 0 0 0 0 0 0 0 0 0 0 0 0 0 0 0 0 0 0 0 0 0 0 0 0 0 0 0 0 0 0 0 0 0 0 0 0 0 0 0 0 0 0 0 0 0 0 0 0 0 0 0 0 0 0 0 0 0 0 0 0 0 0 0 0 0 0 0 0 0 0 0 0 0 0 0 0 0 0 0 0 0 0 0 0 0 0 0 0 0 0 0 0 0 0 0 0 0 0 0 0 0 0
0 0 0 0 0 0 0 0 0 0 0 0 0 0 0 0 0 0 0 0 0 0 0 0 0 0 0 0 0 0 0 0 0 0 0 0 0 0 0 0 0 0 0 0 0 0 0 0 0 0 0 0 0 0 0 0 0 0 0 0 0 0 0 0 0 0 0 0 0 0 0 0 0 0 0 0 0 0 0 0 0 0 0 0 0 0 0 0 0 0 0 0 0 0 0 0 0 0 0 0 0 0 0 0 0 0 0 0 0 0 0 0 0 0 0 0 0 0 0 0 0 0 0 0 0 0 0 0 0 0 0 0 0 0 0 0 0 0 0 0 0 0 0 0 0 0 0 0 0 0
0 0 0 0 0 0 0 0 0 0 0 0 0 0 0 0 0 0 0 0 0 0 0 0 0 0 0 0 0 0 0 0 0 0 0 0 0 0 0 0 0 0 0 0 0 0 0 0 0 0 0 0 0 0 0 0 0 0 0 0 0 0 0 0 0 0 0 0 0 0 0 0 0 0 0 0 0 0 0 0 0 0 0 0 0 0 0 0 0 0 0 0 0 0 0 0 0 0 0 0 0 0 0 0 0 0 0 0 0 0 0 0 0 0 0 0 0 0 0 0 0 0 0 0 0 0 0 0 0 0 0 0 0 0 0 0 0 0 0 0 0 0 0 0 0 0 0 0 0 0
0 0 0 0 0 0 0 0 0 0 0 0 0 0 0 0 0 0 0 0 0 0 0 0 0 0 0 0 0 0 0 0 0 0 0 0 0 0 0 0 0 0 0 0 0 0 0 0 0 0 0 0 0 0 0 0 0 0 0 0 0 0 0 0 0 0 0 0 0 0 0 0 0 0 0 0 0 0 0 0 0 0 0 0 0 0 0 0 0 0 0 0 0 0 0 0 0 0 0 0 0 0 0 0 0 0 0 0 0 0 0 0 0 0 0 0 0 0 0 0 0 0 0 0 0 0 0 0 0 0 0 0 0 0 0 0 0 0 0 0 0 0 0 0 0 0 0 0 0 0
0 0 0 0 0 0 0 0 0 0 0 0 0 0 0 0 0 0 0 0 0 0 0 0 0 0 0 0 0 0 0 0 0 0 0 0 0 0 0 0 0 0 0 0 0 0 0 0 0 0 0 0 0 0 0 0 0 0 0 0 0 0 0 0 0 0 0 0 0 0 0 0 0 0 0 0 0 0 0 0 0 0 0 0 0 0 0 0 0 0 0 0 0 0 0 0 0 0 0 0 0 0 0 0 0 0 0 0 0 0 0 0 0 0 0 0 0 0 0 0 0 0 0 0 0 0 0 0 0 0 0 0 0 0 0 0 0 0 0 0 0 0 0 0 0 0 0 0 0 0
0 0 0 0 0 0 0 0 0 0 0 0 0 0 0 0 0 0 0 0 0 0 0 0 0 0 0 0 0 0 0 0 0 0 0 0 0 0 0 0 0 0 0 0 0 0 0 0 0 0 0 0 0 0 0 0 0 0 0 0 0 0 0 0 0 0 0 0 0 0 0 0 0 0 0 0 0 0 0 0 0 0 0 0 0 0 0 0 0 0 0 0 0 0 0 0 0 0 0 0 0 0 0 0 0 0 0 0 0 0 0 0 0 0 0 0 0 0 0 0 0 0 0 0 0 0 0 0 0 0 0 0 0 0 0 0 0 0 0 0 0 0 0 0 0 0 0 0 0 0
0 0 0 0 0 0 0 0 0 0 0 0 0 0 0 0 0 0 0 0 0 0 0 0 0 0 0 0 0 0 0 0 0 0 0 0 0 0 0 0 0 0 0 0 0 0 0 0 0 0 0 0 0 0 0 0 0 0 0 0 0 0 0 0 0 0 0 0 0 0 0 0 0 0 0 0 0 0 0 0 0 0 0 0 0 0 0 0 0 0 0 0 0 0 0 0 0 0 0 0 0 0 0 0 0 0 0 0 0 0 0 0 0 0 0 0 0 0 0 0 0 0 0 0 0 0 0 0 0 0 0 0 0 0 0 0 0 0 0 0 0 0 0 0 0 0 0 0 0 0
0 0 0 0 0 0 0 0 0 0 0 0 0 0 0 0 0 0 0 0 0 0 0 0 0 0 0 0 0 0 0 0 0 0 0 0 0 0 0 0 0 0 0 0 0 0 0 0 0 0 0 0 0 0 0 0 0 0 0 0 0 0 0 0 0 0 0 0 0 0 0 0 0 0 0 0 0 0 0 0 0 0 0 0 0 0 0 0 0 0 0 0 0 0 0 0 0 0 0 0 0 0 0 0 0 0 0 0 0 0 0 0 0 0 0 0 0 0 0 0 0 0 0 0 0 0 0 0 0 0 0 0 0 0 0 0 0 0 0 0 0 0 0 0 0 0 0 0 0 0
0 0 0 0 0 0 0 0 0 0 0 0 0 0 0 0 0 0 0 0 0 0 0 0 0 0 0 0 0 0 0 0 0 0 0 0 0 0 0 0 0 0 0 0 0 0 0 0 0 0 0 0 0 0 0 0 0 0 0 0 0 0 0 0 0 0 0 0 0 0 0 0 0 0 0 0 0 0 0 0 0 0 0 0 0 0 0 0 0 0 0 0 0 0 0 0 0 0 0 0 0 0 0 0 0 0 0 0 0 0 0 0 0 0 0 0 0 0 0 0 0 0 0 0 0 0 0 0 0 0 0 0 0 0 0 0 0 0 0 0 0 0 0 0 0 0 0 0 0 0
0 0 0 0 0 0 0 0 0 0 0 0 0 0 0 0 0 0 0 0 0 0 0 0 0 0 0 0 0 0 0 0 0 0 0 0 0 0 0 0 0 0 0 0 0 0 0 0 0 0 0 0 0 0 0 0 0 0 0 0 0 0 0 0 0 0 0 0 0 0 0 0 0 0 0 0 0 0 0 0 0 0 0 0 0 0 0 0 0 0 0 0 0 0 0 0 0 0 0 0 0 0 0 0 0 0 0 0 0 0 0 0 0 0 0 0 0 0 0 0 0 0 0 0 0 0 0 0 0 0 0 0 0 0 0 0 0 0 0 0 0 0 0 0 0 0 0 0 0 0
0 0 0 0 0 0 0 0 0 0 0 0 0 0 0 0 0 0 0 0 0 0 0 0 0 0 0 0 0 0 0 0 0 0 0 0 0 0 0 0 0 0 0 0 0 0 0 0 0 0 0 0 0 0 0 0 0 0 0 0 0 0 0 0 0 0 0 0 0 0 0 0 0 0 0 0 0 0 0 0 0 0 0 0 0 0 0 0 0 0 0 0 0 0 0 0 0 0 0 0 0 0 0 0 0 0 0 0 0 0 0 0 0 0 0 0 0 0 0 0 0 0 0 0 0 0 0 0 0 0 0 0 0 0 0 0 0 0 0 0 0 0 0 0 0 0 0 0 0 0
0 0 0 0 0 0 0 0 0 0 0 0 0 0 0 0 0 0 0 0 0 0 0 0 0 0 0 0 0 0 0 0 0 0 0 0 0 0 0 0 0 0 0 0 0 0 0 0 0 0 0 0 0 0 0 0 0 0 0 0 0 0 0 0 0 0 0 0 0 0 0 0 0 0 0 0 0 0 0 0 0 0 0 0 0 0 0 0 0 0 0 0 0 0 0 0 0 0 0 0 0 0 0 0 0 0 0 0 0 0 0 0 0 0 0 0 0 0 0 0 0 0 0 0 0 0 0 0 0 0 0 0 0 0 0 0 0 0 0 0 0 0 0 0 0 0 0 0 0 0
0 0 0 0 0 0 0 0 0 0 0 0 0 0 0 0 0 0 0 0 0 0 0 0 0 0 0 0 0 0 0 0 0 0 0 0 0 0 0 0 0 0 0 0 0 0 0 0 0 0 0 0 0 0 0 0 0 0 0 0 0 0 0 0 0 0 0 0 0 0 0 0 0 0 0 0 0 0 0 0 0 0 0 0 0 0 0 0 0 0 0 0 0 0 0 0 0 0 0 0 0 0 0 0 0 0 0 0 0 0 0 0 0 0 0 0 0 0 0 0 0 0 0 0 0 0 0 0 0 0 0 0 0 0 0 0 0 0 0 0 0 0 0 0 0 0 0 0 0 0
0 0 0 0 0 0 0 0 0 0 0 0 0 0 0 0 0 0 0 0 0 0 0 0 0 0 0 0 0 0 0 0 0 0 0 0 0 0 0 0 0 0 0 0 0 0 0 0 0 0 0 0 0 0 0 0 0 0 0 0 0 0 0 0 0 0 0 0 0 0 0 0 0 0 0 0 0 0 0 0 0 0 0 0 0 0 0 0 0 0 0 0 0 0 0 0 0 0 0 0 0 0 0 0 0 0 0 0 0 0 0 0 0 0 0 0 0 0 0 0 0 0 0 0 0 0 0 0 0 0 0 0 0 0 0 0 0 0 0 0 0 0 0 0 0 0 0 0 0 0
0 0 0 0 0 0 0 0 0 0 0 0 0 0 0 0 0 0 0 0 0 0 0 0 0 0 0 0 0 0 0 0 0 0 0 0 0 0 0 0 0 0 0 0 0 0 0 0 0 0 0 0 0 0 0 0 0 0 0 0 0 0 0 0 0 0 0 0 0 0 0 0 0 0 0 0 0 0 0 0 0 0 0 0 0 0 0 0 0 0 0 0 0 0 0 0 0 0 0 0 0 0 0 0 0 0 0 0 0 0 0 0 0 0 0 0 0 0 0 0 0 0 0 0 0 0 0 0 0 0 0 0 0 0 0 0 0 0 0 0 0 0 0 0 0 0 0 0 0 0
0 0 0 0 0 0 0 0 0 0 0 0 0 0 0 0 0 0 0 0 0 0 0 0 0 0 0 0 0 0 0 0 0 0 0 0 0 0 0 0 0 0 0 0 0 0 0 0 0 0 0 0 0 0 0 0 0 0 0 0 0 0 0 0 0 0 0 0 0 0 0 0 0 0 0 0 0 0 0 0 0 0 0 0 0 0 0 0 0 0 0 0 0 0 0 0 0 0 0 0 0 0 0 0 0 0 0 0 0 0 0 0 0 0 0 0 0 0 0 0 0 0 0 0 0 0 0 0 0 0 0 0 0 0 0 0 0 0 0 0 0 0 0 0 0 0 0 0 0 0
0 0 0 0 0 0 0 0 0 0 0 0 0 0 0 0 0 0 0 0 0 0 0 0 0 0 0 0 0 0 0 0 0 0 0 0 0 0 0 0 0 0 0 0 0 0 0 0 0 0 0 0 0 0 0 0 0 0 0 0 0 0 0 0 0 0 0 0 0 0 0 0 0 0 0 0 0 0 0 0 0 0 0 0 0 0 0 0 0 0 0 0 0 0 0 0 0 0 0 0 0 0 0 0 0 0 0 0 0 0 0 0 0 0 0 0 0 0 0 0 0 0 0 0 0 0 0 0 0 0 0 0 0 0 0 0 0 0 0 0 0 0 0 0 0 0 0 0 0 0
0 0 0 0 0 0 0 0 0 0 0 0 0 0 0 0 0 0 0 0 0 0 0 0 0 0 0 0 0 0 0 0 0 0 0 0 0 0 0 0 0 0 0 0 0 0 0 0 0 0 0 0 0 0 0 0 0 0 0 0 0 0 0 0 0 0 0 0 0 0 0 0 0 0 0 0 0 0 0 0 0 0 0 0 0 0 0 0 0 0 0 0 0 0 0 0 0 0 0 0 0 0 0 0 0 0 0 0 0 0 0 0 0 0 0 0 0 0 0 0 0 0 0 0 0 0 0 0 0 0 0 0 0 0 0 0 0 0 0 0 0 0 0 0 0 0 0 0 0 0
0 0 0 0 0 0 0 0 0 0 0 0 0 0 0 0 0 0 0 0 0 0 0 0 0 0 0 0 0 0 0 0 0 0 0 0 0 0 0 0 0 0 0 0 0 0 0 0 0 0 0 0 0 0 0 0 0 0 0 0 0 0 0 0 0 0 0 0 0 0 0 0 0 0 0 0 0 0 0 0 0 0 0 0 0 0 0 0 0 0 0 0 0 0 0 0 0 0 0 0 0 0 0 0 0 0 0 0 0 0 0 0 0 0 0 0 0 0 0 0 0 0 0 0 0 0 0 0 0 0 0 0 0 0 0 0 0 0 0 0 0 0 0 0 0 0 0 0 0 0
0 0 0 0 0 0 0 0 0 0 0 0 0 0 0 0 0 0 0 0 0 0 0 0 0 0 0 0 0 0 0 0 0 0 0 0 0 0 0 0 0 0 0 0 0 0 0 0 0 0 0 0 0 0 0 0 0 0 0 0 0 0 0 0 0 0 0 0 0 0 0 0 0 0 0 0 0 0 0 0 0 0 0 0 0 0 0 0 0 0 0 0 0 0 0 0 0 0 0 0 0 0 0 0 0 0 0 0 0 0 0 0 0 0 0 0 0 0 0 0 0 0 0 0 0 0 0 0 0 0 0 0 0 0 0 0 0 0 0 0 0 0 0 0 0 0 0 0 0 0
0 0 0 0 0 0 0 0 0 0 0 0 0 0 0 0 0 0 0 0 0 0 0 0 0 0 0 0 0 0 0 0 0 0 0 0 0 0 0 0 0 0 0 0 0 0 0 0 0 0 0 0 0 0 0 0 0 0 0 0 0 0 0 0 0 0 0 0 0 0 0 0 0 0 0 0 0 0 0 0 0 0 0 0 0 0 0 0 0 0 0 0 0 0 0 0 0 0 0 0 0 0 0 0 0 0 0 0 0 0 0 0 0 0 0 0 0 0 0 0 0 0 0 0 0 0 0 0 0 0 0 0 0 0 0 0 0 0 0 0 0 0 0 0 0 0 0 0 0 0
0 0 0 0 0 0 0 0 0 0 0 0 0 0 0 0 0 0 0 0 0 0 0 0 0 0 0 0 0 0 0 0 0 0 0 0 0 0 0 0 0 0 0 0 0 0 0 0 0 0 0 0 0 0 0 0 0 0 0 0 0 0 0 0 0 0 0 0 0 0 0 0 0 0 0 0 0 0 0 0 0 0 0 0 0 0 0 0 0 0 0 0 0 0 0 0 0 0 0 0 0 0 0 0 0 0 0 0 0 0 0 0 0 0 0 0 0 0 0 0 0 0 0 0 0 0 0 0 0 0 0 0 0 0 0 0 0 0 0 0 0 0 0 0 0 0 0 0 0 0
0 0 0 0 0 0 0 0 0 0 0 0 0 0 0 0 0 0 0 0 0 0 0 0 0 0 0 0 0 0 0 0 0 0 0 0 0 0 0 0 0 0 0 0 0 0 0 0 0 0 0 0 0 0 0 0 0 0 0 0 0 0 0 0 0 0 0 0 0 0 0 0 0 0 0 0 0 0 0 0 0 0 0 0 0 0 0 0 0 0 0 0 0 0 0 0 0 0 0 0 0 0 0 0 0 0 0 0 0 0 0 0 0 0 0 0 0 0 0 0 0 0 0 0 0 0 0 0 0 0 0 0 0 0 0 0 0 0 0 0 0 0 0 0 0 0 0 0 0 0
0 0 0 0 0 0 0 0 0 0 0 0 0 0 0 0 0 0 0 0 0 0 0 0 0 0 0 0 0 0 0 0 0 0 0 0 0 0 0 0 0 0 0 0 0 0 0 0 0 0 0 0 0 0 0 0 0 0 0 0 0 0 0 0 0 0 0 0 0 0 0 0 0 0 0 0 0 0 0 0 0 0 0 0 0 0 0 0 0 0 0 0 0 0 0 0 0 0 0 0 0 0 0 0 0 0 0 0 0 0 0 0 0 0 0 0 0 0 0 0 0 0 0 0 0 0 0 0 0 0 0 0 0 0 0 0 0 0 0 0 0 0 0 0 0 0 0 0 0 0
0 0 0 0 0 0 0 0 0 0 0 0 0 0 0 0 0 0 0 0 0 0 0 0 0 0 0 0 0 0 0 0 0 0 0 0 0 0 0 0 0 0 0 0 0 0 0 0 0 0 0 0 0 0 0 0 0 0 0 0 0 0 0 0 2.88817e-06 4.15644e-06 5.53897e-06 6.75881e-06 7.71656e-06 8.11949e-06 7.87369e-06 7.0368e-06 5.7959e-06 0 0 0 0 0 0 0 0 0 0 0 0 0 0 0 0 0 0 0 0 0 0 0 0 0 0 0 0 0 0 0 0 0 0 0 0 0 0 0 0 0 0 0 0 0 0 0 0 0 0 0 0 0 0 0 0 0 0 0 0 0 0 0 0 0 0 0 0 0 0 0 0 0 0 0 0 0
0 0 0 0 0 0 0 0 0 0 0 0 0 0 0 0 0 0 0 0 0 0 0 0 0 0 0 0 0 0 0 0 0 0 0 0 0 0 0 0 0 0 0 0 0 0 0 0 0 0 0 0 0 0 0 0 0 0 0 0 0 0 4.02557e-06 6.69874e-06 1.03819e-05 1.49368e-05 1.99017e-05 2.45156e-05 2.78891e-05 2.91641e-05 2.82812e-05 2.52751e-05 2.0818e-05 1.58025e-05 1.13612e-05 7.85283e-06 0 0 0 0 0 0 0 0 0 0 0 0 0 0 0 0 0 0 0 0 0 0 0 0 0 0 0 0 0 0 0 0 0 0 0 0 0 0 0 0 0 0 0 0 0 0 0 0 0 0 0 0 0 0 0 0 0 0 0 0 0 0 0 0 0 0 0 0 0 0 0 0 0 0
0 0 0 0 0 0 0 0 0 0 0 0 0 0 0 0 0 0 0 0 0 0 0 0 0 0 0 0 0 0 0 0 0 0 0 0 0 0 0 0 0 0 0 0 0 0 0 0 0 0 0 0 0 0 0 0 0 0 0 0 0 7.50871e-06 1.33496e-05 2.22015e-05 3.43943e-05 4.94704e-05 6.59018e-05 8.11719e-05 9.23349e-05 9.69291e-05 9.38562e-05 8.36678e-05 6.89135e-05 5.25894e-05 3.73312e-05 2.5352e-05 1.76691e-05 0 1.80698e-05 2.99087e-05 4.70468e-05 6.87797e-05 9.28816e-05 0.000115874 0.00013327 0.000141292 0.000138082 0.000124382 0.000103268 0 0 0 0 0 0 0 0 0 0 0 0 0 0 0 0 0 0 0 0 0 0 0 0 0 0 0 0 0 0 0 0 0 0 0 0 0 0 0 0 0 0 0 0 0 0 0 0 0 0 0 0 0 0 0 0 0 0 0 0 0
0 0 0 0 0 0 0 0 0 0 0 0 0 0 0 0 0 0 0 0 0 0 0 0 0 0 0 0 0 0 0 0 0 0 0 0 0 0 0 0 0 0 0 0 0 0 0 0 0 0 0 0 0 0 0 0 0 0 0 0 1.21515e-05 2.29674e-05 4.08007e-05 6.78148e-05 0.000105014 0.000151004 0.000201121 0.000247691 0.000281732 0.000295738 0.000286353 0.000255672 0.000210459 0.000160204 0.000113734 7.89543e-05 5.71995e-05 5.12547e-05 6.17402e-05 8.52709e-05 0.000133091 0.000193956 0.000261667 0.00032595 0.000374527 0.000396846 0.000387644 0.000349094 0.000289781 0.000221716 0.000156354 0.000101625 0 0 0 0 0 0 0 0 0 0 0 0 0 0 0 0 0 0 0 0 0 0 0 0 0 0 0 0 0 0 0 0 0 0 0 0 0 0 0 0 0 0 0 0 0 0 0 0 0 0 0 0 0 0 0 0 0 0
0 0 0 0 0 0 0 0 0 0 0 0 0 0 0 0 0 0 0 0 0 0 0 0 0 0 0 0 0 0 0 0 0 0 0 0 0 0 0 0 0 0 0 0 0 0 0 0 0 0 0 0 0 0 0 0 0 0 0 1.71415e-05 3.42915e-05 6.47477e-05 0.00011493 0.000190907 0.000295506 0.000424794 0.000565675 0.000696573 0.000792247 0.000831574 0.000805164 0.000718887 0.000592995 0.000451517 0.000322593 0.000220899 0.000157831 0.000138034 0.000163592 0.000235814 0.000348849 0.000505883 0.000680578 0.000846232 0.000971187 0.00102814 0.00100374 0.000903483 0.000749714 0.000573458 0.000404337 0.000262779 0.000157404 0 0 0 0 0 0 0 0 0 0 0 0 0 0 0 0 0 0 0 0 0 0 0 0 0 0 0 0 0 0 0 0 0 0 0 0 0 0 0 0 0 0 0 0 0 0 0 0 0 0 0 0 0 0 0 0 0
0 0 0 0 0 0 0 0 0 0 0 0 0 0 0 0 0 0 0 0 0 0 0 0 0 0 0 0 0 0 0 0 0 0 0 0 0 0 0 0 0 0 0 0 0 0 0 0 0 0 0 0 0 0 0 0 0 0 2.11323e-05 4.46359e-05 8.91893e-05 0.000168231 0.000298371 0.000495316 0.00076637 0.00110134 0.00146631 0.0018054 0.0020532 0.00215501 0.00208744 0.00186459 0.00153888 0.00117487 0.000837425 0.000572509 0.000406597 0.000350336 0.00040763 0.000579096 0.000858987 0.0012232 0.00163813 0.0020308 0.0023259 0.00245875 0.00239791 0.00215677 0.00178871 0.00136769 0.000964027 0.000626386 0.000375147 0.000207099 0.000105381 0 0 0 0 0 0 0 0 0 0 0 0 0 0 0 0 0 0 0 0 0 0 0 0 0 0 0 0 0 0 0 0 0 0 0 0 0 0 0 0 0 0 0 0 0 0 0 0 0 0 0 0 0 0 0
0 0 0 0 0 0 0 0 0 0 0 0 0 0 0 0 0 0 0 0 0 0 0 0 0 0 0 0 0 0 0 0 0 0 0 0 0 0 0 0 0 0 0 0 0 0 0 0 0 0 0 0 0 0 0 0 0 2.27583e-05 5.07796e-05 0.000107126 0.000213798 0.000402854 0.000713902 0.00118439 0.00183172 0.00263159 0.00350299 0.00431245 0.00490392 0.0051485 0.00498617 0.00445677 0.00367776 0.00281026 0.0020058 0.00137494 0.000978191 0.000838879 0.000959608 0.00133585 0.00195136 0.00275856 0.00365859 0.00451374 0.0051522 0.0054335 0.00528981 0.0047519 0.00393739 0.00300859 0.00211963 0.00137674 0.000824375 0.000455038 0.000231541 0.000108616 0 0 0 0 0 0 0 0 0 0 0 0 0 0 0 0 0 0 0 0 0 0 0 0 0 0 0 0 0 0 0 0 0 0 0 0 0 0 0 0 0 0 0 0 0 0 0 0 0 0 0 0 0 0
0 0 0 0 0 0 0 0 0 0 0 0 0 0 0 0 0 0 0 0 0 0 0 0 0 0 0 0 0 0 0 0 0 0 0 0 0 0 0 0 0 0 0 0 0 0 0 0 0 0 0 0 0 0 0 0 2.13397e-05 5.0459e-05 0.00011246 0.000236961 0.000472357 0.000889119 0.0015743 0.00261017 0.00403497 0.00579518 0.00771258 0.00949354 0.0107969 0.0113337 0.010978 0.00981413 0.00810344 0.00619911 0.00443618 0.00305781 0.00219625 0.00189535 0.00214273 0.00291349 0.00416687 0.00580077 0.00761194 0.00931937 0.01058 0.011114 0.0107893 0.00967199 0.00800196 0.00610758 0.00429955 0.00279114 0.00167074 0.000922078 0.000469262 0.000220229 9.53491e-05 0 0 0 0 0 0 0 0 0 0 0 0 0 0 0 0 0 0 0 0 0 0 0 0 0 0 0 0 0 0 0 0 0 0 0 0 0 0 0 0 0 0 0 0 0 0 0 0 0 0 0 0 0
0 0 0 0 0 0 0 0 0 0 0 0 0 0 0 0 0 0 0 0 0 0 0 0 0 0 0 0 0 0 0 0 0 0 0 0 0 0 0 0 0 0 0 0 0 0 0 0 0 0 0 0 0 0 0 0 4.36482e-05 0.000103112 0.000229551 0.00048309 0.000961848 0.00180859 0.00319961 0.00530159 0.00819182 0.0117617 0.0156499 0.0192639 0.0219054 0.0229945 0.0222778 0.0199213 0.0164608 0.0126137 0.00906143 0.0063001 0.00460081 0.00403808 0.00454868 0.00604432 0.00842518 0.0114858 0.0148456 0.0179564 0.0202123 0.0210997 0.0203895 0.0182159 0.0150329 0.011453 0.00805208 0.00522264 0.00312464 0.00172435 0.000877865 0.000412449 0.000178963 0 0 0 0 0 0 0 0 0 0 0 0 0 0 0 0 0 0 0 0 0 0 0 0 0 0 0 0 0 0 0 0 0 0 0 0 0 0 0 0 0 0 0 0 0 0 0 0 0 0 0 0 0
0 0 0 0 0 0 0 0 0 0 0 0 0 0 0 0 0 0 0 0 0 0 0 0 0 0 0 0 0 0 0 0 0 0 0 0 0 0 0 0 0 0 0 0 0 0 0 0 0 0 0 0 0 0 0 3.27048e-05 8.22826e-05 0.000194199 0.000431849 0.00090772 0.00180515 0.00339068 0.00599334 0.00992423 0.0153275 0.022 0.0292693 0.036022 0.0409597 0.0430009 0.0416665 0.0372753 0.0308314 0.0236796 0.0171001 0.0120308 0.00899022 0.00810323 0.00917893 0.0119691 0.0162347 0.021573 0.0273033 0.0324855 0.0361064 0.0373317 0.0358151 0.0318243 0.0261579 0.0198702 0.0139405 0.00902948 0.00539837 0.00297933 0.00151834 0.000715175 0.000311844 0.000126247 0 0 0 0 0 0 0 0 0 0 0 0 0 0 0 0 0 0 0 0 0 0 0 0 0 0 0 0 0 0 0 0 0 0 0 0 0 0 0 0 0 0 0 0 0 0 0 0 0 0 0 0
0 0 0 0 0 0 0 0 0 0 0 0 0 0 0 0 0 0 0 0 0 0 0 0 0 0 0 0 0 0 0 0 0 0 0 0 0 0 0 0 0 0 0 0 0 0 0 0 0 0 0 0 0 0 0 5.68622e-05 0.000142961 0.000337096 0.000748788 0.001572 0.0031224 0.00585863 0.0103467 0.0171214 0.0264309 0.0379275 0.0504475 0.0620791 0.0705873 0.0741118 0.0718306 0.0642993 0.053255 0.0410253 0.0298294 0.0213113 0.0163946 0.0152869 0.0175563 0.0226179 0.029917 0.0386754 0.0477314 0.0555958 0.0607171 0.0619126 0.0587565 0.0517761 0.0422897 0.0319745 0.0223589 0.0144521 0.00863324 0.00476745 0.00243604 0.00115392 0.000508477 0.000209619 8.15607e-05 0 0 0 0 0 0 0 0 0 0 0 0 0 0 0 0 0 0 0 0 0 0 0 0 0 0 0 0 0 0 0 0 0 0 0 0 0 0 0 0 0 0 0 0 0 0 0 0 0 0 0
0 0 0 0 0 0 0 0 0 0 0 0 0 0 0 0 0 0 0 0 0 0 0 0 0 0 0 0 0 0 0 0 0 0 0 0 0 0 0 0 0 0 0 0 0 0 0 0 0 0 0 0 0 0 0 9.11168e-05 0.000228923 0.000539297 0.00119661 0.00250911 0.00497779 0.00932989 0.0164626 0.0272239 0.0420062 0.0602594 0.0801353 0.0986024 0.112118 0.117731 0.114149 0.102262 0.0848489 0.0656217 0.0481339 0.0350459 0.0279095 0.0270707 0.0317039 0.040625 0.0526606 0.0663392 0.0797346 0.0906104 0.0968324 0.0969379 0.0906146 0.0788883 0.0638282 0.047918 0.0333407 0.0214869 0.0128265 0.00709808 0.00364906 0.00174943 0.000787238 0.00033562 0.000137102 0 0 0 0 0 0 0 0 0 0 0 0 0 0 0 0 0 0 0 0 0 0 0 0 0 0 0 0 0 0 0 0 0 0 0 0 0 0 0 0 0 0 0 0 0 0 0 0 0 0 0
0 0 0 0 0 0 0 0 0 0 0 0 0 0 0 0 0 0 0 0 0 0 0 0 0 0 0 0 0 0 0 0 0 0 0 0 0 0 0 0 0 0 0 0 0 0 0 0 0 0 0 0 0 0 5.0023e-05 0.000134565 0.000337848 0.000795189 0.00176245 0.00369113 0.0073142 0.0136943 0.0241422 0.0398968 0.0615341 0.0882395 0.117322 0.144348 0.16414 0.172386 0.167224 0.149976 0.124733 0.09696 0.0719075 0.0535674 0.044377 0.0449194 0.0538131 0.068944 0.0880902 0.108616 0.127405 0.14123 0.147378 0.144354 0.132381 0.113397 0.090548 0.0672904 0.0464887 0.0298471 0.0178205 0.00991576 0.00516393 0.00253441 0.00118333 0.000531257 0.00023108 9.75288e-05 0 0 0 0 0 0 0 0 0 0 0 0 0 0 0 0 0 0 0 0 0 0 0 0 0 0 0 0 0 0 0 0 0 0 0 0 0 0 0 0 0 0 0 0 0 0 0 0 0 0
0 0 0 0 0 0 0 0 0 0 0 0 0 0 0 0 0 0 0 0 0 0 0 0 0 0 0 0 0 0 0 0 0 0 0 0 0 0 0 0 0 0 0 0 0 0 0 0 0 0 0 0 0 0 6.81192e-05 0.000183156 0.000459539 0.00108064 0.00239265 0.00500505 0.00990579 0.0185261 0.0326314 0.0538882 0.0830742 0.11909 0.15831 0.194766 0.221488 0.232682 0.225866 0.20287 0.169248 0.132428 0.0995677 0.0762132 0.0659444 0.0697374 0.0855205 0.109901 0.13911 0.168771 0.194064 0.210448 0.214655 0.205561 0.184523 0.155035 0.121759 0.089298 0.0611344 0.0390955 0.0234077 0.0131822 0.0070334 0.00358873 0.00176683 0.000843314 0.000389719 0.000173202 0 0 0 0 0 0 0 0 0 0 0 0 0 0 0 0 0 0 0 0 0 0 0 0 0 0 0 0 0 0 0 0 0 0 0 0 0 0 0 0 0 0 0 0 0 0 0 0 0 0
0 0 0 0 0 0 0 0 0 0 0 0 0 0 0 0 0 0 0 0 0 0 0 0 0 0 0 0 0 0 0 0 0 0 0 0 0 0 0 0 0 0 0 0 0 0 0 0 0 0 0 0 0 0 8.54935e-05 0.000229761 0.000576142 0.00135368 0.00299403 0.00625552 0.0123659 0.0231021 0.040654 0.0670912 0.103377 0.148152 0.196909 0.242242 0.275511 0.289558 0.281338 0.253186 0.212091 0.167352 0.127967 0.101078 0.0916291 0.10117 0.126871 0.163784 0.206133 0.24726 0.280121 0.298549 0.298742 0.280336 0.246497 0.203 0.156555 0.113114 0.0766775 0.0489175 0.0295285 0.0169996 0.00941942 0.00505975 0.00263947 0.00133115 0.000643789 0.000296142 0 0 0 0 0 0 0 0 0 0 0 0 0 0 0 0 0 0 0 0 0 0 0 0 0 0 0 0 0 0 0 0 0 0 0 0 0 0 0 0 0 0 0 0 0 0 0 0 0 0
0 0 0 0 0 0 0 0 0 0 0 0 0 0 0 0 0 0 0 0 0 0 0 0 0 0 0 0 0 0 0 0 0 0 0 0 0 0 0 0 0 0 0 0 0 0 0 0 0 0 0 0 0 0 9.88893e-05 0.000265699 0.000665807 0.00156318 0.00345375 0.00720785 0.0142316 0.026559 0.0466957 0.0770167 0.118608 0.16992 0.225804 0.277788 0.316007 0.332308 0.323288 0.291713 0.245684 0.195951 0.152943 0.125194 0.119121 0.137021 0.175362 0.227497 0.285392 0.339734 0.380923 0.400961 0.395528 0.365291 0.315737 0.255478 0.193744 0.138043 0.0928208 0.0593183 0.0363797 0.0216324 0.0125537 0.00710425 0.00389102 0.00204194 0.00101767 0.000478592 0.000211461 0 0 0 0 0 0 0 0 0 0 0 0 0 0 0 0 0 0 0 0 0 0 0 0 0 0 0 0 0 0 0 0 0 0 0 0 0 0 0 0 0 0 0 0 0 0 0 0 0
0 0 0 0 0 0 0 0 0 0 0 0 0 0 0 0 0 0 0 0 0 0 0 0 0 0 0 0 0 0 0 0 0 0 0 0 0 0 0 0 0 0 0 0 0 0 0 0 0 0 0 0 0 0 0.00010547 0.000283249 0.000709451 0.00166437 0.00367412 0.00765973 0.0151074 0.0281643 0.0494816 0.081552 0.125529 0.179781 0.23887 0.293879 0.334421 0.351974 0.343024 0.310637 0.263503 0.21306 0.170445 0.145157 0.145023 0.173201 0.225628 0.294124 0.368372 0.436404 0.486036 0.507442 0.495809 0.452933 0.386751 0.308914 0.231339 0.163199 0.109345 0.0704204 0.0441893 0.0272709 0.0165393 0.00976034 0.00553286 0.0029807 0.00151528 0.00072363 0.000323688 0 0 0 0 0 0 0 0 0 0 0 0 0 0 0 0 0 0 0 0 0 0 0 0 0 0 0 0 0 0 0 0 0 0 0 0 0 0 0 0 0 0 0 0 0 0 0 0 0
0 0 0 0 0 0 0 0 0 0 0 0 0 0 0 0 0 0 0 0 0 0 0 0 0 0 0 0 0 0 0 0 0 0 0 0 0 0 0 0 0 0 0 0 0 0 0 0 0 0 0 0 0 0 0.000103724 0.000278525 0.000697393 0.00163537 0.00360789 0.00751568 0.0148103 0.0275979 0.0484406 0.0797855 0.12275 0.175744 0.233479 0.287284 0.32709 0.344682 0.33677 0.306506 0.262504 0.215996 0.177944 0.158191 0.165709 0.204519 0.27038 0.35399 0.443184 0.523677 0.581031 0.603791 0.586722 0.532586 0.451526 0.35791 0.266139 0.186926 0.125498 0.0818726 0.052709 0.0336585 0.0211339 0.012845 0.00745121 0.00408672 0.0021076 0.00101858 0.000460198 0 0 0 0 0 0 0 0 0 0 0 0 0 0 0 0 0 0 0 0 0 0 0 0 0 0 0 0 0 0 0 0 0 0 0 0 0 0 0 0 0 0 0 0 0 0 0 0 0
0 0 0 0 0 0 0 0 0 0 0 0 0 0 0 0 0 0 0 0 0 0 0 0 0 0 0 0 0 0 0 0 0 0 0 0 0 0 0 0 0 0 0 0 0 0 0 0 0 0 0 0 0 0 9.41654e-05 0.000252926 0.000633492 0.00148595 0.00327844 0.00682867 0.0134689 0.0250764 0.04399 0.0724164 0.111361 0.159392 0.211741 0.260619 0.297001 0.31357 0.307532 0.281911 0.244635 0.205881 0.175599 0.163317 0.178607 0.226273 0.302426 0.39738 0.497823 0.587882 0.65144 0.67579 0.655263 0.593263 0.501478 0.396316 0.294053 0.206632 0.139585 0.0924213 0.0608987 0.0399439 0.0257083 0.0159463 0.00940293 0.00522761 0.0027274 0.00133143 0.000606751 0 0 0 0 0 0 0 0 0 0 0 0 0 0 0 0 0 0 0 0 0 0 0 0 0 0 0 0 0 0 0 0 0 0 0 0 0 0 0 0 0 0 0 0 0 0 0 0 0
0 0 0 0 0 0 0 0 0 0 0 0 0 0 0 0 0 0 0 0 0 0 0 0 0 0 0 0 0 0 0 0 0 0 0 0 0 0 0 0 0 0 0 0 0 0 0 0 0 0 0 0 0 0 7.91207e-05 0.000212855 0.00053408 0.0012551 0.00277429 0.00580851 0.0114574 0.0213447 0.0374479 0.0616359 0.0947562 0.135598 0.180158 0.221897 0.253289 0.268285 0.264698 0.245264 0.2168 0.18788 0.166873 0.162314 0.183595 0.236189 0.317298 0.417767 0.524068 0.619603 0.687289 0.713532 0.692215 0.626869 0.529933 0.418895 0.311129 0.219326 0.149253 0.100126 0.0671681 0.0449084 0.029411 0.0185164 0.0110594 0.00621865 0.00327734 0.0016141 0.000741132 0 0 0 0 0 0 0 0 0 0 0 0 0 0 0 0 0 0 0 0 0 0 0 0 0 0 0 0 0 0 0 0 0 0 0 0 0 0 0 0 0 0 0 0 0 0 0 0 0
0 0 0 0 0 0 0 0 0 0 0 0 0 0 0 0 0 0 0 0 0 0 0 0 0 0 0 0 0 0 0 0 0 0 0 0 0 0 0 0 0 0 0 0 0 0 0 0 0 0 0 0 0 0 0 0.000167414 0.000422284 0.000998249 0.00224255 0.00470746 0.00932912 0.0174354 0.0306466 0.050483 0.077632 0.11113 0.147767 0.18233 0.208818 0.222479 0.221689 0.208802 0.189389 0.170318 0.158192 0.159941 0.183831 0.235892 0.315251 0.414283 0.520174 0.616447 0.685724 0.713883 0.694268 0.63008 0.533661 0.422643 0.314644 0.222583 0.152346 0.10312 0.0699963 0.0474069 0.0314405 0.0200285 0.012094 0.00686894 0.00365284 0.00181319 0.000838076 0 0 0 0 0 0 0 0 0 0 0 0 0 0 0 0 0 0 0 0 0 0 0 0 0 0 0 0 0 0 0 0 0 0 0 0 0 0 0 0 0 0 0 0 0 0 0 0 0
0 0 0 0 0 0 0 0 0 0 0 0 0 0 0 0 0 0 0 0 0 0 0 0 0 0 0 0 0 0 0 0 0 0 0 0 0 0 0 0 0 0 0 0 0 0 0 0 0 0 0 0 0 0 0 0.000125551 0.000320631 0.000768122 0.00178646 0.00380167 0.00761832 0.0143601 0.0253729 0.0419382 0.0646446 0.0927479 0.123697 0.153333 0.176842 0.190407 0.192724 0.185698 0.173853 0.1627 0.157343 0.162808 0.185379 0.231181 0.301832 0.392249 0.491224 0.583112 0.650809 0.680017 0.663582 0.604015 0.512891 0.407108 0.303709 0.215309 0.147756 0.100402 0.0685449 0.0467891 0.0313175 0.0201453 0.0122821 0.00703899 0.00377361 0.00188613 0.000876782 0 0 0 0 0 0 0 0 0 0 0 0 0 0 0 0 0 0 0 0 0 0 0 0 0 0 0 0 0 0 0 0 0 0 0 0 0 0 0 0 0 0 0 0 0 0 0 0 0
0 0 0 0 0 0 0 0 0 0 0 0 0 0 0 0 0 0 0 0 0 0 0 0 0 0 0 0 0 0 0 0 0 0 0 0 0 0 0 0 0 0 0 0 0 0 0 0 0 0 0 0 0 0 0 9.32411e-05 0.000243288 0.000649355 0.00150618 0.00328007 0.00671171 0.0128304 0.0229193 0.0382057 0.0593201 0.0857252 0.11526 0.144301 0.168516 0.184323 0.190255 0.187689 0.180455 0.17345 0.171109 0.177027 0.195192 0.230616 0.286828 0.362021 0.447583 0.529468 0.591429 0.619468 0.606121 0.55309 0.470644 0.374213 0.279487 0.198188 0.135903 0.0922366 0.0629871 0.0431273 0.0290449 0.0188315 0.0115776 0.00668832 0.00361105 0.00181574 0.000848183 0 0 0 0 0 0 0 0 0 0 0 0 0 0 0 0 0 0 0 0 0 0 0 0 0 0 0 0 0 0 0 0 0 0 0 0 0 0 0 0 0 0 0 0 0 0 0 0 0
0 0 0 0 0 0 0 0 0 0 0 0 0 0 0 0 0 0 0 0 0 0 0 0 0 0 0 0 0 0 0 0 0 0 0 0 0 0 0 0 0 0 0 0 0 0 0 0 0 0 0 0 0 0 0 0 0.000191418 0.000605209 0.00144919 0.00326838 0.00682972 0.0133078 0.0241559 0.0408372 0.0642202 0.0939685 0.127989 0.162469 0.192606 0.214062 0.224534 0.224683 0.218029 0.209749 0.204898 0.207106 0.218791 0.242661 0.281861 0.337098 0.403228 0.468968 0.519871 0.542921 0.530821 0.48446 0.412478 0.328147 0.245109 0.173612 0.11865 0.0800854 0.054404 0.0371892 0.0250985 0.0163632 0.0101279 0.00589014 0.00319928 0.00161684 0 0 0 0 0 0 0 0 0 0 0 0 0 0 0 0 0 0 0 0 0 0 0 0 0 0 0 0 0 0 0 0 0 0 0 0 0 0 0 0 0 0 0 0 0 0 0 0 0 0
0 0 0 0 0 0 0 0 0 0 0 0 0 0 0 0 0 0 0 0 0 0 0 0 0 0 0 0 0 0 0 0 0 0 0 0 0 0 0 0 0 0 0 0 0 0 0 0 0 0 0 0 0 0 0 0 0.00025454 0.000668668 0.00167687 0.00383781 0.00817558 0.0161966 0.0298407 0.0510881 0.0812924 0.120286 0.165648 0.212572 0.254718 0.285981 0.302474 0.303914 0.293808 0.278331 0.264395 0.257445 0.260165 0.2732 0.29699 0.331752 0.374871 0.418819 0.452493 0.465123 0.450372 0.408651 0.346774 0.275391 0.205467 0.145244 0.0987861 0.0661023 0.0444221 0.0301183 0.0202522 0.0132299 0.00822433 0.00480707 0.00262337 0.00133118 0 0 0 0 0 0 0 0 0 0 0 0 0 0 0 0 0 0 0 0 0 0 0 0 0 0 0 0 0 0 0 0 0 0 0 0 0 0 0 0 0 0 0 0 0 0 0 0 0 0
0 0 0 0 0 0 0 0 0 0 0 0 0 0 0 0 0 0 0 0 0 0 0 0 0 0 0 0 0 0 0 0 0 0 0 0 0 0 0 0 0 0 0 0 0 0 0 0 0 0 0 0 0 0 0 0 0.000289657 0.000875892 0.00217288 0.00502532 0.0108188 0.0216088 0.0400813 0.0690453 0.110522 0.164459 0.22772 0.293812 0.353946 0.399339 0.423893 0.426176 0.40988 0.382693 0.354115 0.33265 0.323136 0.325805 0.338124 0.357081 0.379264 0.399514 0.410848 0.406493 0.382726 0.340465 0.285103 0.224543 0.166691 0.117371 0.0793418 0.0524804 0.0346763 0.0231263 0.0153962 0.00997759 0.00620629 0.0036369 0.00199094 0.00101321 0 0 0 0 0 0 0 0 0 0 0 0 0 0 0 0 0 0 0 0 0 0 0 0 0 0 0 0 0 0 0 0 0 0 0 0 0 0 0 0 0 0 0 0 0 0 0 0 0 0
0 0 0 0 0 0 0 0 0 0 0 0 0 0 0 0 0 0 0 0 0 0 0 0 0 0 0 0 0 0 0 0 0 0 0 0 0 0 0 0 0 0 0 0 0 0 0 0 0 0 0 0 0 0 0 0 0.000437299 0.00117432 0.00290661 0.00674136 0.0145134 0.0290277 0.0539161 0.0930099 0.149096 0.222212 0.30826 0.398598 0.481383 0.544557 0.57938 0.583134 0.559865 0.519153 0.473466 0.434793 0.411026 0.40353 0.408035 0.417859 0.426256 0.427192 0.415898 0.389833 0.349481 0.298306 0.241797 0.185925 0.135738 0.0944384 0.0630967 0.0410526 0.0264705 0.017149 0.0111398 0.00705934 0.00436503 0.00255472 0.00139951 0 0 0 0 0 0 0 0 0 0 0 0 0 0 0 0 0 0 0 0 0 0 0 0 0 0 0 0 0 0 0 0 0 0 0 0 0 0 0 0 0 0 0 0 0 0 0 0 0 0 0
0 0 0 0 0 0 0 0 0 0 0 0 0 0 0 0 0 0 0 0 0 0 0 0 0 0 0 0 0 0 0 0 0 0 0 0 0 0 0 0 0 0 0 0 0 0 0 0 0 0 0 0 0 0 0 0 0.000601456 0.00153995 0.0037937 0.00876605 0.0188065 0.0375261 0.0695943 0.119896 0.192034 0.286118 0.39697 0.51368 0.621189 0.704047 0.75079 0.757445 0.728586 0.675868 0.614863 0.560929 0.524806 0.50931 0.509326 0.515146 0.516267 0.504132 0.474017 0.426016 0.364579 0.296743 0.229846 0.169697 0.119681 0.0808862 0.0526326 0.0332482 0.020658 0.0127994 0.00795595 0.00491199 0.00289166 0.00167335 0.000913641 0 0 0 0 0 0 0 0 0 0 0 0 0 0 0 0 0 0 0 0 0 0 0 0 0 0 0 0 0 0 0 0 0 0 0 0 0 0 0 0 0 0 0 0 0 0 0 0 0 0 0
0 0 0 0 0 0 0 0 0 0 0 0 0 0 0 0 0 0 0 0 0 0 0 0 0 0 0 0 0 0 0 0 0 0 0 0 0 0 0 0 0 0 0 0 0 0 0 0 0 0 0 9.25329e-05 0.000123574 0.000156367 0.000192885 0.000404363 0.000855189 0.00200904 0.00479207 0.010879 0.0231762 0.0460115 0.085002 0.146036 0.233361 0.347158 0.481227 0.622602 0.753398 0.855184 0.914223 0.925584 0.89451 0.834802 0.764949 0.703098 0.661913 0.644697 0.645119 0.650621 0.647325 0.624395 0.577058 0.507479 0.423374 0.334923 0.251559 0.179788 0.122575 0.0799611 0.05009 0.0302997 0.017876 0.010415 0.00601622 0.00349758 0.00184941 0.00105929 0 0 0 0 0 0 0 0 0 0 0 0 0 0 0 0 0 0 0 0 0 0 0 0 0 0 0 0 0 0 0 0 0 0 0 0 0 0 0 0 0 0 0 0 0 0 0 0 0 0 0 0
0 0 0 0 0 0 0 0 0 0 0 0 0 0 0 0 0 0 0 0 0 0 0 0 0 0 0 0 0 0 0 0 0 0 0 0 0 0 0 0 0 0 0 0 0 0 0 0 0 0.000110982 0.000171198 0.000244169 0.000323376 0.000401739 0.000477928 0.000719637 0.00123281 0.00260354 0.00582066 0.0128933 0.0271186 0.0534359 0.098174 0.167953 0.267479 0.396832 0.549052 0.709612 0.858626 0.975682 1.04566 1.06333 1.03488 0.97609 0.907872 0.85022 0.81626 0.808092 0.816727 0.826102 0.819227 0.784003 0.716797 0.622811 0.513336 0.401457 0.298282 0.210844 0.141916 0.0910366 0.0557303 0.032657 0.0184535 0.0101664 0.00553482 0.00294355 0.00158332 0.000701518 0.00019535 0 0 0 0 0 0 0 0 0 0 0 0 0 0 0 0 0 0 0 0 0 0 0 0 0 0 0 0 0 0 0 0 0 0 0 0 0 0 0 0 0 0 0 0 0 0 0 0 0 0 0
0 0 0 0 0 0 0 0 0 0 0 0 0 0 0 0 0 0 0 0 0 0 0 0 0 0 0 0 0 0 0 0 0 0 0 0 0 0 0 0 0 0 0 0 0 0 0 8.98376e-05 0.000162762 0.000271864 0.000418918 0.000596125 0.000785534 0.000964635 0.00112952 0.00141575 0.00195959 0.00341937 0.00695102 0.0147045 0.0302992 0.0590573 0.107707 0.183224 0.290452 0.429275 0.592175 0.763782 0.923324 1.04971 1.1277 1.15262 1.13196 1.08335 1.0293 0.990458 0.9787 0.992996 1.01991 1.0388 1.02955 0.97975 0.888398 0.765137 0.625803 0.486783 0.36075 0.254966 0.171832 0.110334 0.0674795 0.0393625 0.0220137 0.0118997 0.0062887 0.00319719 0.00162264 0.000601114 0.000271009 0.000143455 0 0 0 0 0 0 0 0 0 0 0 0 0 0 0 0 0 0 0 0 0 0 0 0 0 0 0 0 0 0 0 0 0 0 0 0 0 0 0 0 0 0 0 0 0 0 0 0 0 0
0 0 0 0 0 0 0 0 0 0 0 0 0 0 0 0 0 0 0 0 0 0 0 0 0 0 0 0 0 0 0 0 0 0 0 0 0 0 0 0 0 0 0 0 0 0 0.0001036 0.000203503 0.0003685 0.000615178 0.000947122 0.00134579 0.00176779 0.00216726 0.00250501 0.00284113 0.00340491 0.00482384 0.00837499 0.016398 0.0326506 0.062581 0.113019 0.190864 0.300821 0.442434 0.607879 0.781654 0.943203 1.07212 1.15428 1.18652 1.17801 1.14791 1.11962 1.11306 1.13737 1.1867 1.24169 1.27626 1.26709 1.20204 1.0837 0.927201 0.753872 0.584021 0.432239 0.306053 0.207306 0.134199 0.0829891 0.0490904 0.0278997 0.015332 0.00820871 0.00424532 0.00210429 0.000905086 0.000472847 0.000197244 9.46215e-05 0 0 0 0 0 0 0 0 0 0 0 0 0 0 0 0 0 0 0 0 0 0 0 0 0 0 0 0 0 0 0 0 0 0 0 0 0 0 0 0 0 0 0 0 0 0 0 0 0
0 0 0 0 0 0 0 0 0 0 0 0 0 0 0 0 0 0 0 0 0 0 0 0 0 0 0 0 0 0 0 0 0 0 0 0 0 0 0 0 0 0 0 0 4.41358e-05 0.000101946 0.000217077 0.000426119 0.0007711 0.0012865 0.00197926 0.00281497 0.00369528 0.0044963 0.00512382 0.00557826 0.00611235 0.00732204 0.0105738 0.0183205 0.0343977 0.064186 0.114317 0.191305 0.299428 0.437868 0.598727 0.766959 0.923126 1.04857 1.13125 1.17011 1.17622 1.16998 1.17485 1.20913 1.27808 1.37021 1.4596 1.51452 1.50862 1.43021 1.28564 1.09565 0.887282 0.685232 0.506504 0.359245 0.24475 0.160216 0.100828 0.0611146 0.0358332 0.0204071 0.0113268 0.00610877 0.00315084 0.00148145 0.000715966 0.000286087 0.000131731 0 0 0 0 0 0 0 0 0 0 0 0 0 0 0 0 0 0 0 0 0 0 0 0 0 0 0 0 0 0 0 0 0 0 0 0 0 0 0 0 0 0 0 0 0 0 0 0 0
0 0 0 0 0 0 0 0 0 0 0 0 0 0 0 0 0 0 0 0 0 0 0 0 0 0 0 0 0 0 0 0 0 0 0 0 0 0 0 0 0 0 0 3.43071e-05 8.58042e-05 0.000197916 0.000420954 0.000825547 0.00149264 0.00248837 0.00383022 0.00543611 0.00712666 0.00864896 0.00977937 0.0104341 0.0108497 0.0116667 0.0142687 0.021139 0.0361721 0.0645745 0.112567 0.186102 0.288853 0.419665 0.570803 0.728158 0.873997 0.991982 1.07256 1.11694 1.13786 1.15645 1.19567 1.2716 1.38555 1.5205 1.64465 1.72135 1.7217 1.63446 1.46901 1.25075 1.01163 0.78051 0.577075 0.410527 0.281855 0.187197 0.120526 0.0754025 0.0459685 0.0273118 0.0158119 0.00887581 0.00471393 0.00232687 0.00116576 0.000516803 0.000191928 8.02972e-05 0 0 0 0 0 0 0 0 0 0 0 0 0 0 0 0 0 0 0 0 0 0 0 0 0 0 0 0 0 0 0 0 0 0 0 0 0 0 0 0 0 0 0 0 0 0 0 0
0 0 0 0 0 0 0 0 0 0 0 0 0 0 0 0 0 0 0 0 0 0 0 0 0 0 0 0 0 0 0 0 0 0 0 0 0 0 0 0 0 0 0 6.20971e-05 0.000154855 0.000356384 0.000756669 0.00148175 0.00267586 0.0044598 0.00685333 0.00971837 0.0127281 0.0154232 0.0173678 0.0183447 0.018552 0.0187352 0.0203482 0.0258476 0.0390453 0.0650403 0.109569 0.177891 0.273035 0.393573 0.532169 0.675944 0.8092 0.918009 0.995201 1.0438 1.07752 1.11744 1.18548 1.29557 1.44583 1.61525 1.76791 1.86393 1.87282 1.78346 1.60694 1.37137 1.11183 0.860214 0.638577 0.457422 0.317841 0.215201 0.142458 0.0923629 0.0586438 0.0363497 0.0218601 0.0126569 0.0069606 0.00352264 0.00175984 0.0008196 0.000278658 0.000114724 0 0 0 0 0 0 0 0 0 0 0 0 0 0 0 0 0 0 0 0 0 0 0 0 0 0 0 0 0 0 0 0 0 0 0 0 0 0 0 0 0 0 0 0 0 0 0 0
0 0 0 0 0 0 0 0 0 0 0 0 0 0 0 0 0 0 0 0 0 0 0 0 0 0 0 0 0 0 0 0 0 0 0 0 0 0 0 0 0 0 3.91292e-05 0.000104958 0.000260393 0.000596968 0.00126365 0.00246872 0.00444997 0.00740591 0.0113668 0.0161027 0.0210723 0.0255129 0.0286851 0.0301602 0.030117 0.0294559 0.0298273 0.0336636 0.0446388 0.0676736 0.108144 0.170626 0.257467 0.366999 0.4924 0.622188 0.742722 0.842339 0.915696 0.966786 1.00922 1.06312 1.14891 1.27899 1.44985 1.63888 1.80874 1.9186 1.93748 1.85408 1.67946 1.44189 1.17711 0.91815 0.688456 0.499722 0.353586 0.245309 0.167457 0.112483 0.0740771 0.0475025 0.0293983 0.0174004 0.00973252 0.00503917 0.00251633 0.00116876 0.000463724 0.000158213 0 0 0 0 0 0 0 0 0 0 0 0 0 0 0 0 0 0 0 0 0 0 0 0 0 0 0 0 0 0 0 0 0 0 0 0 0 0 0 0 0 0 0 0 0 0 0 0
0 0 0 0 0 0 0 0 0 0 0 0 0 0 0 0 0 0 0 0 0 0 0 0 0 0 0 0 0 0 0 0 0 0 0 0 0 0 0 0 0 2.20946e-05 6.29998e-05 0.000166966 0.000410481 0.000934583 0.00196809 0.00382979 0.00688614 0.0114277 0.0175088 0.0247727 0.0323923 0.0392073 0.0440824 0.0463414 0.0461562 0.0446679 0.0438064 0.0461335 0.0550682 0.0753447 0.112154 0.169533 0.249125 0.348901 0.46246 0.5796 0.688552 0.779511 0.848298 0.898961 0.943982 1.00174 1.09106 1.22364 1.39631 1.58748 1.76126 1.87819 1.90793 1.83872 1.67985 1.45725 1.2045 0.953495 0.727625 0.539275 0.391026 0.278954 0.196225 0.135817 0.091939 0.0603397 0.0380229 0.022799 0.0128765 0.00675409 0.00337005 0.00156258 0.000672094 0.000205078 7.73777e-05 0 0 0 0 0 0 0 0 0 0 0 0 0 0 0 0 0 0 0 0 0 0 0 0 0 0 0 0 0 0 0 0 0 0 0 0 0 0 0 0 0 0 0 0 0 0 0
0 0 0 0 0 0 0 0 0 0 0 0 0 0 0 0 0 0 0 0 0 0 0 0 0 0 0 0 0 0 0 0 0 0 0 0 0 0 0 0 0 3.49615e-05 9.73394e-05 0.000253004 0.000612576 0.00137831 0.00287643 0.00556116 0.00994522 0.0164417 0.0251213 0.0354783 0.0463503 0.0561179 0.0632031 0.0666813 0.066776 0.0649419 0.0634791 0.0650489 0.0728412 0.0913292 0.125745 0.179932 0.254853 0.347832 0.452466 0.559385 0.658225 0.740542 0.802755 0.848322 0.888132 0.938553 1.01706 1.13553 1.29273 1.47029 1.63607 1.75385 1.79496 1.74692 1.61599 1.42362 1.19891 0.970266 0.759392 0.57866 0.43185 0.316813 0.22855 0.161576 0.1112 0.0738672 0.046932 0.0282861 0.0160338 0.00845993 0.00421281 0.00194912 0.000836377 0.000247334 9.31774e-05 0 0 0 0 0 0 0 0 0 0 0 0 0 0 0 0 0 0 0 0 0 0 0 0 0 0 0 0 0 0 0 0 0 0 0 0 0 0 0 0 0 0 0 0 0 0 0
0 0 0 0 0 0 0 0 0 0 0 0 0 0 0 0 0 0 0 0 0 0 0 0 0 0 0 0 0 0 0 0 0 0 0 0 0 0 0 0 1.88292e-05 5.42694e-05 0.000146593 0.000370867 0.000877547 0.00193768 0.00398418 0.00761521 0.013501 0.0221782 0.0337332 0.0475066 0.0619948 0.0751306 0.0849258 0.0902806 0.0915542 0.090543 0.0898584 0.0921253 0.100207 0.118313 0.151887 0.205031 0.278251 0.367972 0.467141 0.566449 0.656274 0.728996 0.78136 0.816168 0.842837 0.876064 0.932401 1.02451 1.15399 1.30701 1.45647 1.57059 1.62304 1.60062 1.50593 1.35472 1.16984 0.974453 0.78704 0.61916 0.475927 0.35783 0.26284 0.187968 0.130149 0.0866535 0.0550562 0.0331422 0.0187511 0.00990704 0.00491667 0.00226791 0.000970483 0.000276843 0.000104179 0 0 0 0 0 0 0 0 0 0 0 0 0 0 0 0 0 0 0 0 0 0 0 0 0 0 0 0 0 0 0 0 0 0 0 0 0 0 0 0 0 0 0 0 0 0 0
0 0 0 0 0 0 0 0 0 0 0 0 0 0 0 0 0 0 0 0 0 0 0 0 0 0 0 0 0 0 0 0 0 0 0 0 0 0 0 0 2.95979e-05 8.2898e-05 0.000217192 0.00053292 0.00122506 0.00263618 0.00530427 0.00995757 0.0174092 0.0283001 0.042727 0.0598975 0.0780347 0.0947308 0.107736 0.115908 0.119785 0.121424 0.123442 0.128177 0.138083 0.157162 0.191121 0.244642 0.318181 0.407237 0.503574 0.597185 0.678443 0.74016 0.779346 0.7985 0.806103 0.815756 0.843476 0.902905 0.998747 1.12194 1.25088 1.35856 1.42135 1.42569 1.37057 1.26566 1.12673 0.970542 0.811259 0.659027 0.520271 0.39869 0.295994 0.21235 0.146701 0.0971476 0.0613252 0.0366812 0.0206063 0.0108735 0.00537011 0.00246714 0.00105214 0.000415846 0.000108218 0 0 0 0 0 0 0 0 0 0 0 0 0 0 0 0 0 0 0 0 0 0 0 0 0 0 0 0 0 0 0 0 0 0 0 0 0 0 0 0 0 0 0 0 0 0 0
0 0 0 0 0 0 0 0 0 0 0 0 0 0 0 0 0 0 0 0 0 0 0 0 0 0 0 0 0 0 0 0 0 0 0 0 0 0 0 1.52405e-05 4.4962e-05 0.000123354 0.000315405 0.000753005 0.00168147 0.0035157 0.00688584 0.0126225 0.0216326 0.034617 0.051669 0.071914 0.0934406 0.113715 0.130453 0.142609 0.15084 0.157123 0.163672 0.172301 0.185127 0.206077 0.241128 0.29556 0.370094 0.459507 0.554222 0.643036 0.715808 0.765478 0.789416 0.790238 0.776112 0.760019 0.757667 0.783524 0.845053 0.937635 1.04482 1.14424 1.21518 1.24417 1.22711 1.16793 1.07529 0.959176 0.82896 0.693035 0.559085 0.434111 0.323799 0.231688 0.158809 0.104059 0.0649534 0.0384524 0.0214413 0.0112333 0.0055133 0.00252025 0.00107037 0.00042157 0.000104808 0 0 0 0 0 0 0 0 0 0 0 0 0 0 0 0 0 0 0 0 0 0 0 0 0 0 0 0 0 0 0 0 0 0 0 0 0 0 0 0 0 0 0 0 0 0 0
0 0 0 0 0 0 0 0 0 0 0 0 0 0 0 0 0 0 0 0 0 0 0 0 0 0 0 0 0 0 0 0 0 0 0 0 0 0 0 2.22188e-05 6.49297e-05 0.000175911 0.000442651 0.00103625 0.00226143 0.00460981 0.00879309 0.0157072 0.0262905 0.0412349 0.0606006 0.0834953 0.10805 0.131869 0.152871 0.17014 0.184206 0.196501 0.208493 0.221474 0.237457 0.260519 0.296883 0.352287 0.427738 0.517549 0.610901 0.695269 0.759753 0.797267 0.805645 0.787964 0.7525 0.711992 0.681812 0.676838 0.706586 0.770251 0.855957 0.945628 1.02146 1.07054 1.08634 1.06779 1.01697 0.93752 0.834281 0.713904 0.585163 0.458055 0.341858 0.243171 0.164909 0.10662 0.0656345 0.038302 0.0211684 0.0109931 0.00535562 0.00243394 0.00102881 0.000403587 9.5244e-05 0 0 0 0 0 0 0 0 0 0 0 0 0 0 0 0 0 0 0 0 0 0 0 0 0 0 0 0 0 0 0 0 0 0 0 0 0 0 0 0 0 0 0 0 0 0 0
0 0 0 0 0 0 0 0 0 0 0 0 0 0 0 0 0 0 0 0 0 0 0 0 0 0 0 0 0 0 0 0 0 0 0 0 0 0 0 3.02682e-05 8.80388e-05 0.000236995 0.000590988 0.00136741 0.00294043 0.00588819 0.0110051 0.0192315 0.0314872 0.0483872 0.0699177 0.0952056 0.122569 0.149946 0.175575 0.198564 0.218956 0.237304 0.254268 0.270853 0.289297 0.314057 0.351631 0.407975 0.484231 0.57429 0.666299 0.746512 0.803256 0.829417 0.823352 0.788816 0.734481 0.673028 0.619416 0.58835 0.590544 0.628226 0.693568 0.772345 0.84954 0.912974 0.954302 0.968244 0.951417 0.902182 0.821697 0.715247 0.592465 0.465659 0.346859 0.244951 0.164243 0.104728 0.0635351 0.0365927 0.0199796 0.0102775 0.00496746 0.0022434 0.000943504 0.000368537 8.2006e-05 0 0 0 0 0 0 0 0 0 0 0 0 0 0 0 0 0 0 0 0 0 0 0 0 0 0 0 0 0 0 0 0 0 0 0 0 0 0 0 0 0 0 0 0 0 0 0
0 0 0 0 0 0 0 0 0 0 0 0 0 0 0 0 0 0 0 0 0 0 0 0 0 0 0 0 0 0 0 0 0 0 0 0 0 0 0 3.83113e-05 0.000111226 0.000298584 0.000741533 0.00170592 0.00364005 0.00721714 0.0133205 0.0229423 0.0369728 0.0559234 0.0796731 0.10736 0.137519 0.168448 0.198635 0.227006 0.252901 0.275944 0.296214 0.314769 0.334384 0.360093 0.398679 0.456089 0.533259 0.623547 0.714196 0.790457 0.840061 0.855955 0.837165 0.788267 0.718512 0.640616 0.569059 0.51791 0.498124 0.514052 0.561327 0.629168 0.704951 0.777156 0.835969 0.872843 0.880321 0.853045 0.789744 0.694925 0.578846 0.455277 0.337871 0.236811 0.157105 0.098908 0.05919 0.0336864 0.0181843 0.00927179 0.00444847 0.00199738 0.000835923 0.000296407 6.77693e-05 0 0 0 0 0 0 0 0 0 0 0 0 0 0 0 0 0 0 0 0 0 0 0 0 0 0 0 0 0 0 0 0 0 0 0 0 0 0 0 0 0 0 0 0 0 0 0
0 0 0 0 0 0 0 0 0 0 0 0 0 0 0 0 0 0 0 0 0 0 0 0 0 0 0 0 0 0 0 0 0 0 0 0 0 0 0 4.49191e-05 0.000130406 0.000349846 0.000867855 0.00199266 0.0042392 0.00836938 0.0153584 0.0262613 0.0419635 0.0629003 0.0888511 0.118938 0.15183 0.186038 0.2201 0.252603 0.282176 0.307768 0.32923 0.347991 0.367588 0.393728 0.433431 0.492349 0.570775 0.661298 0.750327 0.822406 0.864958 0.871269 0.841255 0.780563 0.699171 0.609885 0.526602 0.462429 0.427763 0.428012 0.461474 0.520206 0.593399 0.669865 0.738582 0.788737 0.810332 0.79603 0.743509 0.657165 0.547739 0.429665 0.317114 0.220507 0.144869 0.0902221 0.0533995 0.0300949 0.0160997 0.00815266 0.00389032 0.00173857 0.000724818 0.000258446 5.45022e-05 0 0 0 0 0 0 0 0 0 0 0 0 0 0 0 0 0 0 0 0 0 0 0 0 0 0 0 0 0 0 0 0 0 0 0 0 0 0 0 0 0 0 0 0 0 0 0
0 0 0 0 0 0 0 0 0 0 0 0 0 0 0 0 0 0 0 0 0 0 0 0 0 0 0 0 0 0 0 0 0 0 0 0 0 0 0 4.87151e-05 0.000141557 0.000380068 0.000943446 0.00216706 0.00461017 0.00909669 0.0166725 0.0284518 0.0453433 0.0677593 0.095432 0.127465 0.162558 0.199242 0.23591 0.270751 0.301885 0.32794 0.348895 0.366794 0.386013 0.412909 0.454549 0.515904 0.596166 0.686922 0.773813 0.840988 0.875926 0.87265 0.832379 0.762233 0.673195 0.5782 0.49034 0.42131 0.38028 0.372751 0.398745 0.452291 0.523577 0.601253 0.673372 0.727847 0.753707 0.743233 0.694385 0.612127 0.507686 0.395565 0.289569 0.19951 0.129797 0.0800476 0.0469711 0.0262704 0.0139741 0.00703741 0.00334723 0.00149145 0.000620159 0.000222596 4.30372e-05 0 0 0 0 0 0 0 0 0 0 0 0 0 0 0 0 0 0 0 0 0 0 0 0 0 0 0 0 0 0 0 0 0 0 0 0 0 0 0 0 0 0 0 0 0 0 0
0 0 0 0 0 0 0 0 0 0 0 0 0 0 0 0 0 0 0 0 0 0 0 0 0 0 0 0 0 0 0 0 0 0 0 0 0 0 0 4.8828e-05 0.00014215 0.000382295 0.000950679 0.00218759 0.00466219 0.00921488 0.0169153 0.0289047 0.0461205 0.0689958 0.0972866 0.130116 0.166177 0.203912 0.241487 0.276766 0.307614 0.33269 0.352388 0.369496 0.389187 0.418296 0.4636 0.528912 0.611959 0.703169 0.787571 0.849153 0.875803 0.862666 0.812859 0.735595 0.643411 0.549456 0.46553 0.40102 0.362949 0.356287 0.38228 0.436152 0.50801 0.585573 0.655918 0.706606 0.727071 0.710818 0.657362 0.573031 0.469673 0.361521 0.261415 0.177928 0.114395 0.0698064 0.040603 0.0225251 0.0119334 0.00599911 0.0028363 0.00126118 0.000523485 0.000189199 0 0 0 0 0 0 0 0 0 0 0 0 0 0 0 0 0 0 0 0 0 0 0 0 0 0 0 0 0 0 0 0 0 0 0 0 0 0 0 0 0 0 0 0 0 0 0 0
0 0 0 0 0 0 0 0 0 0 0 0 0 0 0 0 0 0 0 0 0 0 0 0 0 0 0 0 0 0 0 0 0 0 0 0 0 0 0 4.52552e-05 0.00013198 0.00035581 0.000887074 0.00204681 0.00437492 0.00867372 0.0159731 0.027386 0.0438506 0.0658422 0.0931975 0.125126 0.160362 0.197276 0.233872 0.267851 0.297088 0.320532 0.339181 0.356588 0.378601 0.412227 0.463486 0.534609 0.621661 0.71399 0.796176 0.852261 0.870736 0.848226 0.790241 0.708951 0.6192 0.534451 0.464114 0.413441 0.386222 0.387322 0.420127 0.480877 0.558196 0.637246 0.703261 0.743545 0.749111 0.716331 0.64795 0.552837 0.443961 0.335198 0.237989 0.159209 0.100724 0.0605691 0.0347831 0.0191126 0.0100347 0.0050166 0.00235347 0.00104494 0.000407175 0.000157265 0 0 0 0 0 0 0 0 0 0 0 0 0 0 0 0 0 0 0 0 0 0 0 0 0 0 0 0 0 0 0 0 0 0 0 0 0 0 0 0 0 0 0 0 0 0 0 0
0 0 0 0 0 0 0 0 0 0 0 0 0 0 0 0 0 0 0 0 0 0 0 0 0 0 0 0 0 0 0 0 0 0 0 0 0 0 0 3.87601e-05 0.000113331 0.000306361 0.000766215 0.00177399 0.00380558 0.00757479 0.0140084 0.0241273 0.0388229 0.058602 0.0834153 0.112627 0.1451 0.179257 0.213089 0.244346 0.271147 0.292915 0.311306 0.330583 0.357067 0.397524 0.456747 0.535129 0.627154 0.721308 0.802025 0.853629 0.865429 0.835654 0.772635 0.692125 0.611853 0.54498 0.496324 0.464985 0.451944 0.46431 0.509446 0.584535 0.67502 0.761295 0.824825 0.851696 0.834779 0.774708 0.679457 0.562275 0.438487 0.322029 0.222796 0.145453 0.0899409 0.0529166 0.0297751 0.0160852 0.00830945 0.0041106 0.00189557 0.000838046 0.000327799 0 0 0 0 0 0 0 0 0 0 0 0 0 0 0 0 0 0 0 0 0 0 0 0 0 0 0 0 0 0 0 0 0 0 0 0 0 0 0 0 0 0 0 0 0 0 0 0 0
0 0 0 0 0 0 0 0 0 0 0 0 0 0 0 0 0 0 0 0 0 0 0 0 0 0 0 0 0 0 0 0 0 0 0 0 0 0 0 3.06892e-05 8.99942e-05 0.00024409 0.000612602 0.00142386 0.0030673 0.00613175 0.0113979 0.019736 0.031943 0.0485262 0.0695515 0.0945796 0.12269 0.152492 0.182161 0.209703 0.233647 0.253976 0.272999 0.295556 0.32812 0.376762 0.444688 0.530478 0.627296 0.723202 0.802858 0.851318 0.85893 0.825715 0.762814 0.689662 0.626342 0.583779 0.559936 0.548043 0.548954 0.574571 0.637139 0.734094 0.846215 0.947334 1.0134 1.0279 0.984952 0.889939 0.757435 0.606942 0.457832 0.325225 0.217771 0.137739 0.0825643 0.047135 0.0257516 0.0135342 0.00679553 0.00329828 0.00152014 0.000645329 0.000252229 0 0 0 0 0 0 0 0 0 0 0 0 0 0 0 0 0 0 0 0 0 0 0 0 0 0 0 0 0 0 0 0 0 0 0 0 0 0 0 0 0 0 0 0 0 0 0 0 0
0 0 0 0 0 0 0 0 0 0 0 0 0 0 0 0 0 0 0 0 0 0 0 0 0 0 0 0 0 0 0 0 0 0 0 0 0 0 0 0 6.61117e-05 0.000179966 0.000453445 0.00105836 0.00229047 0.00460153 0.00859958 0.0149792 0.0244037 0.037345 0.053959 0.0740047 0.0968277 0.121329 0.146015 0.169313 0.190264 0.209437 0.22971 0.256273 0.295358 0.351917 0.427446 0.518968 0.618805 0.714996 0.792989 0.83909 0.845141 0.812997 0.756346 0.697408 0.656747 0.640726 0.640418 0.645893 0.660502 0.701834 0.786436 0.910898 1.05049 1.17185 1.24471 1.24923 1.18017 1.0474 0.872369 0.681669 0.499841 0.344234 0.223017 0.136259 0.0787784 0.0433305 0.0227967 0.0115407 0.00563129 0.0026137 0.00117373 0.00045749 0.000175633 0 0 0 0 0 0 0 0 0 0 0 0 0 0 0 0 0 0 0 0 0 0 0 0 0 0 0 0 0 0 0 0 0 0 0 0 0 0 0 0 0 0 0 0 0 0 0 0 0
0 0 0 0 0 0 0 0 0 0 0 0 0 0 0 0 0 0 0 0 0 0 0 0 0 0 0 0 0 0 0 0 0 0 0 0 0 0 0 0 4.49358e-05 0.000122818 0.000310769 0.000728659 0.00158464 0.00320033 0.00601569 0.010546 0.0173068 0.0267038 0.0389455 0.0539572 0.0713445 0.0903421 0.109867 0.12884 0.146865 0.165053 0.186713 0.217086 0.261726 0.324182 0.404471 0.498516 0.598212 0.692072 0.766846 0.810651 0.817233 0.790281 0.745352 0.705817 0.690309 0.699609 0.720041 0.741491 0.771 0.831066 0.940637 1.09419 1.26162 1.40317 1.48309 1.47854 1.38482 1.21586 0.999356 0.7685 0.552889 0.372382 0.235133 0.13952 0.0780619 0.0413813 0.0209074 0.0101424 0.00473883 0.00208218 0.000884955 0.000314495 0 0 0 0 0 0 0 0 0 0 0 0 0 0 0 0 0 0 0 0 0 0 0 0 0 0 0 0 0 0 0 0 0 0 0 0 0 0 0 0 0 0 0 0 0 0 0 0 0 0
0 0 0 0 0 0 0 0 0 0 0 0 0 0 0 0 0 0 0 0 0 0 0 0 0 0 0 0 0 0 0 0 0 0 0 0 0 0 0 0 2.82738e-05 7.75953e-05 0.00019724 0.000464695 0.00101578 0.0020629 0.00390175 0.00688827 0.0113961 0.0177503 0.026171 0.0366994 0.0491556 0.0630819 0.0778167 0.0927631 0.108056 0.125269 0.147946 0.181015 0.228986 0.2941 0.375284 0.467853 0.563747 0.65234 0.722141 0.763474 0.772197 0.753617 0.72418 0.706477 0.715396 0.746882 0.785485 0.823013 0.870063 0.95167 1.08609 1.26461 1.4531 1.60778 1.68953 1.67402 1.55759 1.35756 1.10656 0.842734 0.599425 0.398292 0.24745 0.143999 0.0787157 0.0405931 0.0198169 0.0092531 0.00414315 0.00167987 0.000701656 0.000218458 0 0 0 0 0 0 0 0 0 0 0 0 0 0 0 0 0 0 0 0 0 0 0 0 0 0 0 0 0 0 0 0 0 0 0 0 0 0 0 0 0 0 0 0 0 0 0 0 0 0
0 0 0 0 0 0 0 0 0 0 0 0 0 0 0 0 0 0 0 0 0 0 0 0 0 0 0 0 0 0 0 0 0 0 0 0 0 0 0 0 0 4.54021e-05 0.000115941 0.000274545 0.00060335 0.00123259 0.00234599 0.00417579 0.00697276 0.0109808 0.0164026 0.0233413 0.031767 0.0414708 0.0521343 0.0635986 0.0764289 0.0925338 0.115424 0.149401 0.197841 0.261972 0.34011 0.427441 0.516356 0.597503 0.661371 0.700614 0.713084 0.705209 0.693158 0.697038 0.727408 0.777385 0.832522 0.887706 0.955698 1.06025 1.21532 1.40849 1.60414 1.75803 1.83118 1.80013 1.66304 1.43985 1.16606 0.882187 0.623091 0.410793 0.25294 0.14564 0.0785893 0.0398654 0.0190756 0.008666 0.0037598 0.00151696 0.000574631 6.43332e-05 0 0 0 0 0 0 0 0 0 0 0 0 0 0 0 0 0 0 0 0 0 0 0 0 0 0 0 0 0 0 0 0 0 0 0 0 0 0 0 0 0 0 0 0 0 0 0 0 0 0
0 0 0 0 0 0 0 0 0 0 0 0 0 0 0 0 0 0 0 0 0 0 0 0 0 0 0 0 0 0 0 0 0 0 0 0 0 0 0 0 0 2.46001e-05 6.3139e-05 0.000150279 0.000332144 0.000682905 0.00130942 0.00235179 0.00397039 0.00633684 0.0096199 0.0139411 0.0193581 0.0258308 0.0332979 0.0419243 0.0525888 0.0673485 0.0894517 0.12232 0.168446 0.228419 0.300366 0.379783 0.459968 0.533118 0.591763 0.630622 0.649069 0.653909 0.659872 0.683579 0.731867 0.797434 0.868806 0.943968 1.03527 1.16098 1.32788 1.52032 1.70417 1.83896 1.8898 1.83696 1.68137 1.44454 1.16227 0.874418 0.614534 0.403323 0.24726 0.141737 0.0761041 0.0383672 0.0181865 0.00815265 0.00347555 0.0013708 0.000448427 5.82419e-05 0 0 0 0 0 0 0 0 0 0 0 0 0 0 0 0 0 0 0 0 0 0 0 0 0 0 0 0 0 0 0 0 0 0 0 0 0 0 0 0 0 0 0 0 0 0 0 0 0 0
0 0 0 0 0 0 0 0 0 0 0 0 0 0 0 0 0 0 0 0 0 0 0 0 0 0 0 0 0 0 0 0 0 0 0 0 0 0 0 0 0 0 3.1854e-05 7.62345e-05 0.000169505 0.000351027 0.000678976 0.0012319 0.00211026 0.00342581 0.00530949 0.00787492 0.0112156 0.01539 0.0204955 0.0269221 0.0357074 0.0488825 0.0691596 0.0992542 0.140992 0.194701 0.258721 0.329317 0.401092 0.468001 0.524408 0.566522 0.594447 0.614472 0.639072 0.681181 0.745175 0.825074 0.912994 1.00878 1.12154 1.26138 1.4272 1.60122 1.75337 1.85043 1.86532 1.78465 1.61295 1.37208 1.09561 0.819601 0.573699 0.37557 0.229981 0.131849 0.0708826 0.035803 0.0170394 0.00761933 0.00324797 0.001268 0.0004209 5.25231e-05 0 0 0 0 0 0 0 0 0 0 0 0 0 0 0 0 0 0 0 0 0 0 0 0 0 0 0 0 0 0 0 0 0 0 0 0 0 0 0 0 0 0 0 0 0 0 0 0 0 0
0 0 0 0 0 0 0 0 0 0 0 0 0 0 0 0 0 0 0 0 0 0 0 0 0 0 0 0 0 0 0 0 0 0 0 0 0 0 0 0 0 0 0 3.58525e-05 8.02664e-05 0.000167667 0.000327841 0.000603372 0.0010512 0.00174802 0.00278385 0.0042526 0.00625166 0.00888301 0.0123341 0.0170912 0.024244 0.0356108 0.0533688 0.0796438 0.115943 0.162661 0.218779 0.281758 0.347938 0.413047 0.472814 0.524066 0.566658 0.605593 0.650709 0.71157 0.790989 0.884587 0.987231 1.09894 1.22431 1.36552 1.51506 1.65433 1.75853 1.80368 1.77285 1.66074 1.47587 1.23941 0.980472 0.728918 0.508484 0.332586 0.204001 0.117437 0.0635416 0.0323558 0.0155529 0.00700097 0.00301044 0.00115998 0.000389853 4.70387e-05 0 0 0 0 0 0 0 0 0 0 0 0 0 0 0 0 0 0 0 0 0 0 0 0 0 0 0 0 0 0 0 0 0 0 0 0 0 0 0 0 0 0 0 0 0 0 0 0 0 0
0 0 0 0 0 0 0 0 0 0 0 0 0 0 0 0 0 0 0 0 0 0 0 0 0 0 0 0 0 0 0 0 0 0 0 0 0 0 0 0 0 0 0 0 3.53228e-05 7.46228e-05 0.000148134 0.000278116 0.000497058 0.000850014 0.00140569 0.00222656 0.00339909 0.00503573 0.00735853 0.010867 0.0165844 0.0260695 0.0409893 0.0631526 0.0940184 0.134445 0.18448 0.243285 0.309129 0.379272 0.450027 0.517853 0.581533 0.644313 0.713234 0.794608 0.889465 0.994062 1.10463 1.22073 1.34342 1.46962 1.58799 1.6804 1.72743 1.71436 1.63479 1.49185 1.29789 1.07246 0.838856 0.619384 0.430876 0.282101 0.173801 0.100827 0.0551324 0.028435 0.0138589 0.00627092 0.00272866 0.0010718 0.000154507 0 0 0 0 0 0 0 0 0 0 0 0 0 0 0 0 0 0 0 0 0 0 0 0 0 0 0 0 0 0 0 0 0 0 0 0 0 0 0 0 0 0 0 0 0 0 0 0 0 0 0
0 0 0 0 0 0 0 0 0 0 0 0 0 0 0 0 0 0 0 0 0 0 0 0 0 0 0 0 0 0 0 0 0 0 0 0 0 0 0 0 0 0 0 0 0 3.11478e-05 6.32156e-05 0.000122189 0.000226235 0.000402318 0.000685919 0.00114557 0.00182332 0.00283318 0.00439491 0.00696783 0.011464 0.0190983 0.0312736 0.0496999 0.076103 0.112174 0.159497 0.219159 0.291156 0.373631 0.462689 0.553811 0.644451 0.735896 0.832055 0.935382 1.04409 1.15373 1.26107 1.36589 1.46813 1.56289 1.63799 1.67691 1.66527 1.59627 1.47245 1.30415 1.10657 0.897016 0.692525 0.50766 0.352486 0.231419 0.143559 0.0841353 0.0465894 0.0243678 0.0119926 0.00548729 0.0024197 0.000770691 8.90424e-05 0 0 0 0 0 0 0 0 0 0 0 0 0 0 0 0 0 0 0 0 0 0 0 0 0 0 0 0 0 0 0 0 0 0 0 0 0 0 0 0 0 0 0 0 0 0 0 0 0 0 0
0 0 0 0 0 0 0 0 0 0 0 0 0 0 0 0 0 0 0 0 0 0 0 0 0 0 0 0 0 0 0 0 0 0 0 0 0 0 0 0 0 0 0 0 0 0 2.58812e-05 5.21497e-05 0.000100989 0.000187742 0.000333033 0.000578603 0.00096899 0.00158798 0.00263288 0.00448079 0.00796775 0.0139412 0.0238492 0.0394275 0.0629942 0.0973937 0.145831 0.211043 0.29417 0.393646 0.505124 0.623258 0.744301 0.867404 0.99271 1.11791 1.23721 1.34432 1.43643 1.51477 1.58088 1.63125 1.65546 1.63988 1.57458 1.45869 1.30103 1.11666 0.922111 0.731886 0.557118 0.405469 0.281238 0.185375 0.115894 0.0686337 0.0384464 0.0203482 0.0101332 0.00477475 0.00195639 0.00062987 7.03388e-05 0 0 0 0 0 0 0 0 0 0 0 0 0 0 0 0 0 0 0 0 0 0 0 0 0 0 0 0 0 0 0 0 0 0 0 0 0 0 0 0 0 0 0 0 0 0 0 0 0 0 0
0 0 0 0 0 0 0 0 0 0 0 0 0 0 0 0 0 0 0 0 0 0 0 0 0 0 0 0 0 0 0 0 0 0 0 0 0 0 0 0 0 0 0 0 0 0 0 0 4.47739e-05 8.67584e-05 0.000159096 0.000274694 0.000503133 0.000884697 0.00157258 0.00285215 0.00556852 0.0102617 0.0185417 0.0324059 0.0548534 0.0898451 0.141846 0.214695 0.310239 0.427116 0.560814 0.705569 0.856655 1.01096 1.16444 1.30934 1.43505 1.53286 1.60039 1.64153 1.66145 1.66052 1.63207 1.56623 1.45697 1.30724 1.12919 0.939779 0.755113 0.586558 0.440158 0.318126 0.22049 0.145894 0.0918121 0.0547963 0.0309524 0.0165038 0.00827024 0.00391554 0.00158051 0.000223811 0 0 0 0 0 0 0 0 0 0 0 0 0 0 0 0 0 0 0 0 0 0 0 0 0 0 0 0 0 0 0 0 0 0 0 0 0 0 0 0 0 0 0 0 0 0 0 0 0 0 0 0
0 0 0 0 0 0 0 0 0 0 0 0 0 0 0 0 0 0 0 0 0 0 0 0 0 0 0 0 0 0 0 0 0 0 0 0 0 0 0 0 0 0 0 0 0 0 0 0 0 0 7.38094e-05 0.000129717 0.000259745 0.000481558 0.000915459 0.00176798 0.00397614 0.00783187 0.0151135 0.028135 0.0504775 0.0868041 0.142361 0.221731 0.327287 0.457969 0.609435 0.775865 0.951912 1.13236 1.30915 1.46916 1.59685 1.68088 1.71937 1.7194 1.69084 1.63924 1.56278 1.45574 1.31519 1.14611 0.961416 0.777557 0.608708 0.463053 0.342658 0.245941 0.170212 0.112851 0.0712666 0.0426893 0.0241946 0.0129291 0.00648705 0.0030713 0.00120554 0 0 0 0 0 0 0 0 0 0 0 0 0 0 0 0 0 0 0 0 0 0 0 0 0 0 0 0 0 0 0 0 0 0 0 0 0 0 0 0 0 0 0 0 0 0 0 0 0 0 0 0 0
0 0 0 0 0 0 0 0 0 0 0 0 0 0 0 0 0 0 0 0 0 0 0 0 0 0 0 0 0 0 0 0 0 0 0 0 0 0 0 0 0 0 0 0 0 0 0 0 0 0 0 0 0 0.000260632 0.000525372 0.00135691 0.00296849 0.00633477 0.0129568 0.0254622 0.0475965 0.0844324 0.141599 0.224049 0.334523 0.472295 0.633408 0.812387 1.00374 1.2008 1.39227 1.56053 1.6858 1.75439 1.76484 1.72715 1.65583 1.56164 1.44771 1.3122 1.15448 0.980084 0.800867 0.631099 0.482226 0.359541 0.262366 0.186854 0.128912 0.0854018 0.0539215 0.0322777 0.0182518 0.00970081 0.00487443 0.00220311 0.000262742 0 0 0 0 0 0 0 0 0 0 0 0 0 0 0 0 0 0 0 0 0 0 0 0 0 0 0 0 0 0 0 0 0 0 0 0 0 0 0 0 0 0 0 0 0 0 0 0 0 0 0 0 0
0 0 0 0 0 0 0 0 0 0 0 0 0 0 0 0 0 0 0 0 0 0 0 0 0 0 0 0 0 0 0 0 0 0 0 0 0 0 0 0 0 0 0 0 0 0 0 0 0 0 0 0 0 0 0.000273375 0.000985755 0.0023326 0.00531334 0.0113805 0.0231013 0.0443057 0.079962 0.13577 0.216697 0.325574 0.461979 0.622494 0.802399 0.996616 1.19796 1.39306 1.56132 1.68009 1.73404 1.7219 1.65576 1.55363 1.43044 1.29342 1.1439 0.982803 0.81519 0.650796 0.500934 0.374131 0.2734 0.196491 0.138576 0.095062 0.0627489 0.0394894 0.0235474 0.0132579 0.00701375 0.00350248 0.00111685 0 0 0 0 0 0 0 0 0 0 0 0 0 0 0 0 0 0 0 0 0 0 0 0 0 0 0 0 0 0 0 0 0 0 0 0 0 0 0 0 0 0 0 0 0 0 0 0 0 0 0 0 0 0
0 0 0 0 0 0 0 0 0 0 0 0 0 0 0 0 0 0 0 0 0 0 0 0 0 0 0 0 0 0 0 0 0 0 0 0 0 0 0 0 0 0 0 0 0 0 0 0 0 0 0 0 0 0 0 0.000757101 0.00187517 0.00447609 0.00985083 0.0204014 0.0396849 0.0723781 0.123793 0.198584 0.299447 0.426165 0.576033 0.745377 0.930093 1.12325 1.31082 1.47094 1.57978 1.62138 1.5945 1.51211 1.39396 1.25743 1.11249 0.962692 0.809829 0.658038 0.514584 0.387678 0.283205 0.202586 0.142987 0.0995097 0.067657 0.044378 0.0277812 0.0164702 0.00918743 0.00484892 0.00233603 0.000200804 0 0 0 0 0 0 0 0 0 0 0 0 0 0 0 0 0 0 0 0 0 0 0 0 0 0 0 0 0 0 0 0 0 0 0 0 0 0 0 0 0 0 0 0 0 0 0 0 0 0 0 0 0 0
0 0 0 0 0 0 0 0 0 0 0 0 0 0 0 0 0 0 0 0 0 0 0 0 0 0 0 0 0 0 0 0 0 0 0 0 0 0 0 0 0 0 0 0 0 0 0 0 0 0 0 0 0 0 0 0 0.00152682 0.00366549 0.00820776 0.0172202 0.0338227 0.0621289 0.106804 0.171896 0.259797 0.37047 0.50204 0.652059 0.817699 0.992836 1.16391 1.30938 1.40595 1.43796 1.40418 1.31732 1.197 1.06124 0.921256 0.781865 0.645306 0.514705 0.395028 0.291724 0.208481 0.145688 0.100551 0.068709 0.0461053 0.0299446 0.0186327 0.0109249 0.00609114 0.00313019 0.00149341 0 0 0 0 0 0 0 0 0 0 0 0 0 0 0 0 0 0 0 0 0 0 0 0 0 0 0 0 0 0 0 0 0 0 0 0 0 0 0 0 0 0 0 0 0 0 0 0 0 0 0 0 0 0 0
0 0 0 0 0 0 0 0 0 0 0 0 0 0 0 0 0 0 0 0 0 0 0 0 0 0 0 0 0 0 0 0 0 0 0 0 0 0 0 0 0 0 0 0 0 0 0 0 0 0 0 0 0 0 0 0 0.00117177 0.00287722 0.00652453 0.0138257 0.0273607 0.050535 0.0871861 0.140676 0.212994 0.304316 0.413622 0.539747 0.681147 0.832752 0.982091 1.10916 1.19239 1.21734 1.18277 1.10025 0.987949 0.862953 0.736477 0.61388 0.497582 0.38989 0.293937 0.212942 0.148857 0.101398 0.0681161 0.0454119 0.0299107 0.0191853 0.0118183 0.00689664 0.00373519 0.00193874 0.000812047 0 0 0 0 0 0 0 0 0 0 0 0 0 0 0 0 0 0 0 0 0 0 0 0 0 0 0 0 0 0 0 0 0 0 0 0 0 0 0 0 0 0 0 0 0 0 0 0 0 0 0 0 0 0 0
0 0 0 0 0 0 0 0 0 0 0 0 0 0 0 0 0 0 0 0 0 0 0 0 0 0 0 0 0 0 0 0 0 0 0 0 0 0 0 0 0 0 0 0 0 0 0 0 0 0 0 0 0 0 0 0 0.000873066 0.00215315 0.00493732 0.0105616 0.021033 0.0390265 0.0675405 0.10923 0.165733 0.23747 0.324264 0.426143 0.542634 0.669646 0.796031 0.903917 0.974188 0.994122 0.962527 0.889379 0.790614 0.681474 0.572349 0.468627 0.372824 0.286716 0.212136 0.150665 0.102952 0.0682323 0.0444174 0.0287067 0.0184222 0.0116092 0.00706141 0.00404664 0.00222796 0.00105422 0 0 0 0 0 0 0 0 0 0 0 0 0 0 0 0 0 0 0 0 0 0 0 0 0 0 0 0 0 0 0 0 0 0 0 0 0 0 0 0 0 0 0 0 0 0 0 0 0 0 0 0 0 0 0 0
0 0 0 0 0 0 0 0 0 0 0 0 0 0 0 0 0 0 0 0 0 0 0 0 0 0 0 0 0 0 0 0 0 0 0 0 0 0 0 0 0 0 0 0 0 0 0 0 0 0 0 0 0 0 0 0 0.000621064 0.00154213 0.00357633 0.00769879 0.0154169 0.0287324 0.049881 0.0808934 0.123142 0.177344 0.244124 0.324483 0.418757 0.523554 0.629 0.719473 0.778511 0.795212 0.768456 0.706543 0.62288 0.530526 0.438719 0.352588 0.274741 0.206723 0.149584 0.103834 0.069186 0.0445084 0.027965 0.0173994 0.0107764 0.00660154 0.00394621 0.00226299 0.00117775 0.000601979 0 0 0 0 0 0 0 0 0 0 0 0 0 0 0 0 0 0 0 0 0 0 0 0 0 0 0 0 0 0 0 0 0 0 0 0 0 0 0 0 0 0 0 0 0 0 0 0 0 0 0 0 0 0 0 0
0 0 0 0 0 0 0 0 0 0 0 0 0 0 0 0 0 0 0 0 0 0 0 0 0 0 0 0 0 0 0 0 0 0 0 0 0 0 0 0 0 0 0 0 0 0 0 0 0 0 0 0 0 0 0 0 0.000423922 0.00106289 0.00248243 0.00537802 0.0108237 0.0202505 0.0352831 0.0574545 0.0879768 0.127894 0.178548 0.24172 0.31824 0.405159 0.493692 0.570304 0.620951 0.63637 0.615402 0.564715 0.495294 0.418027 0.340942 0.268913 0.204725 0.149997 0.105473 0.0710608 0.0458792 0.0284965 0.0171881 0.0102109 0.00603452 0.00355861 0.00206031 0.00114523 0.00062121 0 0 0 0 0 0 0 0 0 0 0 0 0 0 0 0 0 0 0 0 0 0 0 0 0 0 0 0 0 0 0 0 0 0 0 0 0 0 0 0 0 0 0 0 0 0 0 0 0 0 0 0 0 0 0 0 0
0 0 0 0 0 0 0 0 0 0 0 0 0 0 0 0 0 0 0 0 0 0 0 0 0 0 0 0 0 0 0 0 0 0 0 0 0 0 0 0 0 0 0 0 0 0 0 0 0 0 0 0 0 0 0 0 0.000199849 0.000704184 0.00165344 0.00360649 0.00729254 0.013702 0.0239897 0.0393294 0.060883 0.0900324 0.128767 0.179441 0.243129 0.317147 0.393644 0.460875 0.506775 0.523261 0.508947 0.468906 0.411869 0.346752 0.280521 0.217943 0.162216 0.115368 0.0782907 0.0506824 0.0313411 0.0185803 0.0106361 0.00595457 0.00331904 0.00187067 0.00100307 0.000562731 0.000303269 0 0 0 0 0 0 0 0 0 0 0 0 0 0 0 0 0 0 0 0 0 0 0 0 0 0 0 0 0 0 0 0 0 0 0 0 0 0 0 0 0 0 0 0 0 0 0 0 0 0 0 0 0 0 0 0 0
0 0 0 0 0 0 0 0 0 0 0 0 0 0 0 0 0 0 0 0 0 0 0 0 0 0 0 0 0 0 0 0 0 0 0 0 0 0 0 0 0 0 0 0 0 0 0 0 0 0 0 0 0 0 0 0 0.000140296 0.000448195 0.00105878 0.00231864 0.00471418 0.00890571 0.0157125 0.0260831 0.041208 0.0628456 0.0935128 0.135916 0.191197 0.256887 0.326025 0.388343 0.433258 0.453405 0.446882 0.417115 0.370676 0.314657 0.255173 0.197171 0.144615 0.100358 0.0657931 0.0407591 0.0239064 0.013342 0.00713345 0.00369324 0.00188885 0.000977772 0.000473115 0.000258203 0 0 0 0 0 0 0 0 0 0 0 0 0 0 0 0 0 0 0 0 0 0 0 0 0 0 0 0 0 0 0 0 0 0 0 0 0 0 0 0 0 0 0 0 0 0 0 0 0 0 0 0 0 0 0 0 0 0
0 0 0 0 0 0 0 0 0 0 0 0 0 0 0 0 0 0 0 0 0 0 0 0 0 0 0 0 0 0 0 0 0 0 0 0 0 0 0 0 0 0 0 0 0 0 0 0 0 0 0 0 0 0 0 0 9.16908e-05 0.000235965 0.000648097 0.0014266 0.00291564 0.00555766 0.00994828 0.0169238 0.0277831 0.0446117 0.0702586 0.107519 0.157516 0.218107 0.28326 0.344011 0.390931 0.417038 0.419669 0.400432 0.363593 0.31439 0.258241 0.200616 0.146698 0.100594 0.0645425 0.0387261 0.0217518 0.0114775 0.00570313 0.00271563 0.00125704 0.00056753 0.000215587 0 0 0 0 0 0 0 0 0 0 0 0 0 0 0 0 0 0 0 0 0 0 0 0 0 0 0 0 0 0 0 0 0 0 0 0 0 0 0 0 0 0 0 0 0 0 0 0 0 0 0 0 0 0 0 0 0 0 0
0 0 0 0 0 0 0 0 0 0 0 0 0 0 0 0 0 0 0 0 0 0 0 0 0 0 0 0 0 0 0 0 0 0 0 0 0 0 0 0 0 0 0 0 0 0 0 0 0 0 0 0 0 0 0 0 5.56913e-05 0.000143959 0.000377124 0.000835654 0.00172463 0.00334245 0.00616451 0.0109942 0.019246 0.0331609 0.0556175 0.0892893 0.135345 0.192155 0.254729 0.315435 0.365977 0.399674 0.412911 0.405116 0.377872 0.334383 0.279472 0.219459 0.161162 0.110288 0.0701731 0.0414729 0.0227678 0.0116122 0.00553112 0.00247178 0.00104759 0.000418514 0.000142624 0 0 0 0 0 0 0 0 0 0 0 0 0 0 0 0 0 0 0 0 0 0 0 0 0 0 0 0 0 0 0 0 0 0 0 0 0 0 0 0 0 0 0 0 0 0 0 0 0 0 0 0 0 0 0 0 0 0 0
0 0 0 0 0 0 0 0 0 0 0 0 0 0 0 0 0 0 0 0 0 0 0 0 0 0 0 0 0 0 0 0 0 0 0 0 0 0 0 0 0 0 0 0 0 0 0 0 0 0 0 0 0 0 0 0 3.14457e-05 8.15882e-05 0.000196404 0.000465839 0.000981509 0.00197155 0.00385279 0.00741744 0.0140833 0.0259942 0.045811 0.0760414 0.117986 0.170672 0.230328 0.290876 0.345328 0.387373 0.41222 0.416688 0.399364 0.361333 0.306976 0.24367 0.180004 0.123405 0.0783753 0.0460695 0.0250548 0.0126063 0.00587866 0.00254504 0.00102347 0.000371802 0.000135148 0 0 0 0 0 0 0 0 0 0 0 0 0 0 0 0 0 0 0 0 0 0 0 0 0 0 0 0 0 0 0 0 0 0 0 0 0 0 0 0 0 0 0 0 0 0 0 0 0 0 0 0 0 0 0 0 0 0 0
0 0 0 0 0 0 0 0 0 0 0 0 0 0 0 0 0 0 0 0 0 0 0 0 0 0 0 0 0 0 0 0 0 0 0 0 0 0 0 0 0 0 0 0 0 0 0 0 0 0 0 0 0 0 0 0 0 4.30845e-05 0.00010508 0.000241561 0.000550357 0.00118433 0.0025265 0.00530409 0.0107869 0.020854 0.0378507 0.0640867 0.101025 0.148426 0.203899 0.263134 0.320643 0.370447 0.406386 0.422584 0.414744 0.382137 0.328862 0.263264 0.19546 0.134323 0.0853337 0.0500725 0.0271367 0.0135807 0.00627727 0.00266457 0.00105271 0.000384629 0.000132895 0 0 0 0 0 0 0 0 0 0 0 0 0 0 0 0 0 0 0 0 0 0 0 0 0 0 0 0 0 0 0 0 0 0 0 0 0 0 0 0 0 0 0 0 0 0 0 0 0 0 0 0 0 0 0 0 0 0 0
0 0 0 0 0 0 0 0 0 0 0 0 0 0 0 0 0 0 0 0 0 0 0 0 0 0 0 0 0 0 0 0 0 0 0 0 0 0 0 0 0 0 0 0 0 0 0 0 0 0 0 0 0 0 0 0 0 2.14224e-05 5.38741e-05 0.000130626 0.000311437 0.000751495 0.00175067 0.00391727 0.00829249 0.0164305 0.0303078 0.0519913 0.0830697 0.124034 0.173912 0.230165 0.288719 0.343826 0.388065 0.413368 0.413337 0.385992 0.33524 0.269973 0.20117 0.138522 0.0880618 0.0516651 0.0279655 0.0139634 0.00642279 0.00272947 0.00106758 0.000387517 0.000130667 0 0 0 0 0 0 0 0 0 0 0 0 0 0 0 0 0 0 0 0 0 0 0 0 0 0 0 0 0 0 0 0 0 0 0 0 0 0 0 0 0 0 0 0 0 0 0 0 0 0 0 0 0 0 0 0 0 0 0
0 0 0 0 0 0 0 0 0 0 0 0 0 0 0 0 0 0 0 0 0 0 0 0 0 0 0 0 0 0 0 0 0 0 0 0 0 0 0 0 0 0 0 0 0 0 0 0 0 0 0 0 0 0 0 0 0 0 2.74105e-05 7.31818e-05 0.000192323 0.000493385 0.0012318 0.00285063 0.00615498 0.0123528 0.0230397 0.039999 0.0648767 0.0987823 0.141944 0.193292 0.249865 0.30611 0.353909 0.384093 0.389286 0.366923 0.320641 0.259239 0.193646 0.133527 0.0849487 0.049841 0.0269668 0.0134506 0.00618717 0.00262446 0.00102515 0.000370163 0.000123546 0 0 0 0 0 0 0 0 0 0 0 0 0 0 0 0 0 0 0 0 0 0 0 0 0 0 0 0 0 0 0 0 0 0 0 0 0 0 0 0 0 0 0 0 0 0 0 0 0 0 0 0 0 0 0 0 0 0 0
0 0 0 0 0 0 0 0 0 0 0 0 0 0 0 0 0 0 0 0 0 0 0 0 0 0 0 0 0 0 0 0 0 0 0 0 0 0 0 0 0 0 0 0 0 0 0 0 0 0 0 0 0 0 0 0 0 0 1.47544e-05 4.3144e-05 0.000122202 0.00032879 0.000835133 0.00196382 0.00431406 0.00874034 0.0164788 0.0290239 0.0479755 0.074832 0.110606 0.15518 0.206332 0.258911 0.304966 0.335457 0.343142 0.325418 0.285507 0.231418 0.173139 0.119502 0.0760631 0.0446395 0.0241503 0.0120453 0.00553797 0.00234502 0.000916421 0.000330233 0.000109703 0 0 0 0 0 0 0 0 0 0 0 0 0 0 0 0 0 0 0 0 0 0 0 0 0 0 0 0 0 0 0 0 0 0 0 0 0 0 0 0 0 0 0 0 0 0 0 0 0 0 0 0 0 0 0 0 0 0 0
0 0 0 0 0 0 0 0 0 0 0 0 0 0 0 0 0 0 0 0 0 0 0 0 0 0 0 0 0 0 0 0 0 0 0 0 0 0 0 0 0 0 0 0 0 0 0 0 0 0 0 0 0 0 0 0 0 0 0 2.59857e-05 7.63462e-05 0.000209234 0.000540036 0.00128025 0.00281881 0.00579213 0.011072 0.0198639 0.0336311 0.053948 0.0821438 0.118532 0.161416 0.206334 0.246308 0.273427 0.281394 0.267914 0.235649 0.191313 0.143278 0.0989527 0.0630066 0.0369841 0.0200109 0.00998004 0.00458766 0.00194293 0.000758775 0.000273149 9.06021e-05 0 0 0 0 0 0 0 0 0 0 0 0 0 0 0 0 0 0 0 0 0 0 0 0 0 0 0 0 0 0 0 0 0 0 0 0 0 0 0 0 0 0 0 0 0 0 0 0 0 0 0 0 0 0 0 0 0 0 0
0 0 0 0 0 0 0 0 0 0 0 0 0 0 0 0 0 0 0 0 0 0 0 0 0 0 0 0 0 0 0 0 0 0 0 0 0 0 0 0 0 0 0 0 0 0 0 0 0 0 0 0 0 0 0 0 0 0 0 1.51261e-05 4.51087e-05 0.000124529 0.000325713 0.000777975 0.00172965 0.00358927 0.00699045 0.012846 0.0223939 0.0370057 0.0579476 0.0856336 0.118793 0.153887 0.185379 0.207033 0.2139 0.204159 0.179853 0.146162 0.109532 0.0756768 0.0481992 0.0282959 0.0153112 0.00763607 0.00350911 0.00148661 0.0005805 0.000208882 6.92866e-05 0 0 0 0 0 0 0 0 0 0 0 0 0 0 0 0 0 0 0 0 0 0 0 0 0 0 0 0 0 0 0 0 0 0 0 0 0 0 0 0 0 0 0 0 0 0 0 0 0 0 0 0 0 0 0 0 0 0 0
0 0 0 0 0 0 0 0 0 0 0 0 0 0 0 0 0 0 0 0 0 0 0 0 0 0 0 0 0 0 0 0 0 0 0 0 0 0 0 0 0 0 0 0 0 0 0 0 0 0 0 0 0 0 0 0 0 0 0 0 2.4813e-05 6.86802e-05 0.000175328 0.000440463 0.000991623 0.00209718 0.00418167 0.00790067 0.0141686 0.0240796 0.0386196 0.0581435 0.0817382 0.106855 0.129499 0.145185 0.150372 0.143746 0.12676 0.103078 0.0772772 0.053405 0.0340193 0.0199734 0.0108082 0.00538969 0.00247735 0.00104944 0.000409754 0.00014745 4.89026e-05 0 0 0 0 0 0 0 0 0 0 0 0 0 0 0 0 0 0 0 0 0 0 0 0 0 0 0 0 0 0 0 0 0 0 0 0 0 0 0 0 0 0 0 0 0 0 0 0 0 0 0 0 0 0 0 0 0 0 0
0 0 0 0 0 0 0 0 0 0 0 0 0 0 0 0 0 0 0 0 0 0 0 0 0 0 0 0 0 0 0 0 0 0 0 0 0 0 0 0 0 0 0 0 0 0 0 0 0 0 0 0 0 0 0 0 0 0 0 0 0 3.49713e-05 8.93356e-05 0.000233019 0.000534255 0.00115565 0.00237151 0.00461469 0.00850993 0.0148099 0.0241922 0.0369036 0.0523488 0.0688405 0.0837513 0.0941251 0.0976356 0.0934243 0.0824344 0.0670586 0.0502868 0.0347578 0.0221431 0.0130016 0.00703525 0.00350856 0.00161278 0.000683242 0.000266761 9.59602e-05 3.18214e-05 0 0 0 0 0 0 0 0 0 0 0 0 0 0 0 0 0 0 0 0 0 0 0 0 0 0 0 0 0 0 0 0 0 0 0 0 0 0 0 0 0 0 0 0 0 0 0 0 0 0 0 0 0 0 0 0 0 0 0
0 0 0 0 0 0 0 0 0 0 0 0 0 0 0 0 0 0 0 0 0 0 0 0 0 0 0 0 0 0 0 0 0 0 0 0 0 0 0 0 0 0 0 0 0 0 0 0 0 0 0 0 0 0 0 0 0 0 0 0 0 0 4.19874e-05 9.88546e-05 0.000271702 0.000604296 0.00127574 0.00255539 0.00482553 0.00855336 0.0141578 0.0217923 0.0310966 0.0410495 0.0500589 0.056344 0.0585009 0.0560108 0.0494408 0.0402289 0.0301717 0.0208566 0.0132878 0.00780213 0.0042221 0.00210571 0.000967915 0.000410039 0.000160089 5.76028e-05 0 0 0 0 0 0 0 0 0 0 0 0 0 0 0 0 0 0 0 0 0 0 0 0 0 0 0 0 0 0 0 0 0 0 0 0 0 0 0 0 0 0 0 0 0 0 0 0 0 0 0 0 0 0 0 0 0 0 0 0
0 0 0 0 0 0 0 0 0 0 0 0 0 0 0 0 0 0 0 0 0 0 0 0 0 0 0 0 0 0 0 0 0 0 0 0 0 0 0 0 0 0 0 0 0 0 0 0 0 0 0 0 0 0 0 0 0 0 0 0 0 0 0 0 0.000130963 0.000300019 0.000651368 0.00133461 0.00256921 0.00461449 0.00770711 0.0119335 0.0170931 0.0226182 0.0276241 0.0311216 0.0323318 0.0309669 0.0273409 0.0222499 0.0166889 0.0115368 0.00735041 0.00431601 0.00233577 0.001165 0.000535514 0.000226863 8.85726e-05 3.18706e-05 0 0 0 0 0 0 0 0 0 0 0 0 0 0 0 0 0 0 0 0 0 0 0 0 0 0 0 0 0 0 0 0 0 0 0 0 0 0 0 0 0 0 0 0 0 0 0 0 0 0 0 0 0 0 0 0 0 0 0 0
0 0 0 0 0 0 0 0 0 0 0 0 0 0 0 0 0 0 0 0 0 0 0 0 0 0 0 0 0 0 0 0 0 0 0 0 0 0 0 0 0 0 0 0 0 0 0 0 0 0 0 0 0 0 0 0 0 0 0 0 0 0 0 0 0 0.000120111 0.000313924 0.000655153 0.00127683 0.0023155 0.00389025 0.00604633 0.00868135 0.0115046 0.0140639 0.0158539 0.0164762 0.0157844 0.013938 0.0113436 0.00850901 0.00588208 0.00374791 0.00220087 0.00119108 0.00059408 0.000273079 0.000115687 4.5153e-05 0 0 0 0 0 0 0 0 0 0 0 0 0 0 0 0 0 0 0 0 0 0 0 0 0 0 0 0 0 0 0 0 0 0 0 0 0 0 0 0 0 0 0 0 0 0 0 0 0 0 0 0 0 0 0 0 0 0 0 0 0
0 0 0 0 0 0 0 0 0 0 0 0 0 0 0 0 0 0 0 0 0 0 0 0 0 0 0 0 0 0 0 0 0 0 0 0 0 0 0 0 0 0 0 0 0 0 0 0 0 0 0 0 0 0 0 0 0 0 0 0 0 0 0 0 0 5.64576e-05 0.000132809 0.000287924 0.000590644 0.0010768 0.00181601 0.00283042 0.00407001 0.00539864 0.00660338 0.00744648 0.00774048 0.00741651 0.00654953 0.00533014 0.00399851 0.00276445 0.00176146 0.00103437 0.000559798 0.00027921 0.000128345 5.43595e-05 2.1224e-05 0 0 0 0 0 0 0 0 0 0 0 0 0 0 0 0 0 0 0 0 0 0 0 0 0 0 0 0 0 0 0 0 0 0 0 0 0 0 0 0 0 0 0 0 0 0 0 0 0 0 0 0 0 0 0 0 0 0 0 0 0
0 0 0 0 0 0 0 0 0 0 0 0 0 0 0 0 0 0 0 0 0 0 0 0 0 0 0 0 0 0 0 0 0 0 0 0 0 0 0 0 0 0 0 0 0 0 0 0 0 0 0 0 0 0 0 0 0 0 0 0 0 0 0 0 0 0 5.75329e-05 0.000124729 0.000249213 0.000458896 0.000778767 0.00121802 0.00175565 0.00233286 0.00285609 0.00322254 0.00335098 0.00321139 0.0028364 0.00230879 0.001732 0.00119746 0.000762984 0.00044805 0.000242442 0.000120924 5.55861e-05 2.35487e-05 0 0 0 0 0 0 0 0 0 0 0 0 0 0 0 0 0 0 0 0 0 0 0 0 0 0 0 0 0 0 0 0 0 0 0 0 0 0 0 0 0 0 0 0 0 0 0 0 0 0 0 0 0 0 0 0 0 0 0 0 0 0
0 0 0 0 0 0 0 0 0 0 0 0 0 0 0 0 0 0 0 0 0 0 0 0 0 0 0 0 0 0 0 0 0 0 0 0 0 0 0 0 0 0 0 0 0 0 0 0 0 0 0 0 0 0 0 0 0 0 0 0 0 0 0 0 0 0 0 4.97971e-05 9.94955e-05 0.000183208 0.000310916 0.000486282 0.000700933 0.00093114 0.00113998 0.00128626 0.00133755 0.00128184 0.00113216 0.000921574 0.000691345 0.000477982 0.00030456 0.000178848 9.67934e-05 4.82779e-05 2.21924e-05 0 0 0 0 0 0 0 0 0 0 0 0 0 0 0 0 0 0 0 0 0 0 0 0 0 0 0 0 0 0 0 0 0 0 0 0 0 0 0 0 0 0 0 0 0 0 0 0 0 0 0 0 0 0 0 0 0 0 0 0 0 0 0
0 0 0 0 0 0 0 0 0 0 0 0 0 0 0 0 0 0 0 0 0 0 0 0 0 0 0 0 0 0 0 0 0 0 0 0 0 0 0 0 0 0 0 0 0 0 0 0 0 0 0 0 0 0 0 0 0 0 0 0 0 0 0 0 0 0 0 0 3.66087e-05 6.74116e-05 0.000114401 0.000178925 0.000257904 0.000342603 0.00041945 0.000473271 0.000492139 0.000471643 0.000416573 0.000339085 0.000254378 0.000175871 0.000112062 6.58066e-05 3.56143e-05 1.77636e-05 8.16553e-06 0 0 0 0 0 0 0 0 0 0 0 0 0 0 0 0 0 0 0 0 0 0 0 0 0 0 0 0 0 0 0 0 0 0 0 0 0 0 0 0 0 0 0 0 0 0 0 0 0 0 0 0 0 0 0 0 0 0 0 0 0 0 0
0 0 0 0 0 0 0 0 0 0 0 0 0 0 0 0 0 0 0 0 0 0 0 0 0 0 0 0 0 0 0 0 0 0 0 0 0 0 0 0 0 0 0 0 0 0 0 0 0 0 0 0 0 0 0 0 0 0 0 0 0 0 0 0 0 0 0 0 0 0 3.87935e-05 6.06737e-05 8.74562e-05 0.000116178 0.000142236 0.000160486 0.000166886 0.000159935 0.00014126 0.000114985 8.62598e-05 5.96381e-05 3.80005e-05 2.23151e-05 1.20769e-05 6.02364e-06 0 0 0 0 0 0 0 0 0 0 0 0 0 0 0 0 0 0 0 0 0 0 0 0 0 0 0 0 0 0 0 0 0 0 0 0 0 0 0 0 0 0 0 0 0 0 0 0 0 0 0 0 0 0 0 0 0 0 0 0 0 0 0 0
0 0 0 0 0 0 0 0 0 0 0 0 0 0 0 0 0 0 0 0 0 0 0 0 0 0 0 0 0 0 0 0 0 0 0 0 0 0 0 0 0 0 0 0 0 0 0 0 0 0 0 0 0 0 0 0 0 0 0 0 0 0 0 0 0 0 0 0 0 0 0 0 2.73314e-05 3.63079e-05 4.44515e-05 5.01557e-05 5.21548e-05 4.9983e-05 4.41466e-05 3.59352e-05 2.69578e-05 1.86381e-05 1.18758e-05 6.9739e-06 0 0 0 0 0 0 0 0 0 0 0 0 0 0 0 0 0 0 0 0 0 0 0 0 0 0 0 0 0 0 0 0 0 0 0 0 0 0 0 0 0 0 0 0 0 0 0 0 0 0 0 0 0 0 0 0 0 0 0 0 0 0 0 0 0 0
0 0 0 0 0 0 0 0 0 0 0 0 0 0 0 0 0 0 0 0 0 0 0 0 0 0 0 0 0 0 0 0 0 0 0 0 0 0 0 0 0 0 0 0 0 0 0 0 0 0 0 0 0 0 0 0 0 0 0 0 0 0 0 0 0 0 0 0 0 0 0 0 0 0 1.28029e-05 1.44459e-05 1.50217e-05 1.43962e-05 1.27151e-05 1.03501e-05 7.76442e-06 5.36815e-06 3.42051e-06 0 0 0 0 0 0 0 0 0 0 0 0 0 0 0 0 0 0 0 0 0 0 0 0 0 0 0 0 0 0 0 0 0 0 0 0 0 0 0 0 0 0 0 0 0 0 0 0 0 0 0 0 0 0 0 0 0 0 0 0 0 0 0 0 0 0 0
0 0 0 0 0 0 0 0 0 0 0 0 0 0 0 0 0 0 0 0 0 0 0 0 0 0 0 0 0 0 0 0 0 0 0 0 0 0 0 0 0 0 0 0 0 0 0 0 0 0 0 0 0 0 0 0 0 0 0 0 0 0 0 0 0 0 0 0 0 0 0 0 0 0 0 0 0 0 0 0 0 0 0 0 0 0 0 0 0 0 0 0 0 0 0 0 0 0 0 0 0 0 0 0 0 0 0 0 0 0 0 0 0 0 0 0 0 0 0 0 0 0 0 0 0 0 0 0 0 0 0 0 0 0 0 0 0 0 0 0 0 0 0 0 0 0 0 0 0 0
0 0 0 0 0 0 0 0 0 0 0 0 0 0 0 0 0 0 0 0 0 0 0 0 0 0 0 0 0 0 0 0 0 0 0 0 0 0 0 0 0 0 0 0 0 0 0 0 0 0 0 0 0 0 0 0 0 0 0 0 0 0 0 0 0 0 0 0 0 0 0 0 0 0 0 0 0 0 0 0 0 0 0 0 0 0 0 0 0 0 0 0 0 0 0 0 0 0 0 0 0 0 0 0 0 0 0 0 0 0 0 0 0 0 0 0 0 0 0 0 0 0 0 0 0 0 0 0 0 0 0 0 0 0 0 0 0 0 0 0 0 0 0 0 0 0 0 0 0 0
0 0 0 0 0 0 0 0 0 0 0 0 0 0 0 0 0 0 0 0 0 0 0 0 0 0 0 0 0 0 0 0 0 0 0 0 0 0 0 0 0 0 0 0 0 0 0 0 0 0 0 0 0 0 0 0 0 0 0 0 0 0 0 0 0 0 0 0 0 0 0 0 0 0 0 0 0 0 0 0 0 0 0 0 0 0 0 0 0 0 0 0 0 0 0 0 0 0 0 0 0 0 0 0 0 0 0 0 0 0 0 0 0 0 0 0 0 0 0 0 0 0 0 0 0 0 0 0 0 0 0 0 0 0 0 0 0 0 0 0 0 0 0 0 0 0 0 0 0 0
0 0 0 0 0 0 0 0 0 0 0 0 0 0 0 0 0 0 0 0 0 0 0 0 0 0 0 0 0 0 0 0 0 0 0 0 0 0 0 0 0 0 0 0 0 0 0 0 0 0 0 0 0 0 0 0 0 0 0 0 0 0 0 0 0 0 0 0 0 0 0 0 0 0 0 0 0 0 0 0 0 0 0 0 0 0 0 0 0 0 0 0 0 0 0 0 0 0 0 0 0 0 0 0 0 0 0 0 0 0 0 0 0 0 0 0 0 0 0 0 0 0 0 0 0 0 0 0 0 0 0 0 0 0 0 0 0 0 0 0 0 0 0 0 0 0 0 0 0 0
0 0 0 0 0 0 0 0 0 0 0 0 0 0 0 0 0 0 0 0 0 0 0 0 0 0 0 0 0 0 0 0 0 0 0 0 0 0 0 0 0 0 0 0 0 0 0 0 0 0 0 0 0 0 0 0 0 0 0 0 0 0 0 0 0 0 0 0 0 0 0 0 0 0 0 0 0 0 0 0 0 0 0 0 0 0 0 0 0 0 0 0 0 0 0 0 0 0 0 0 0 0 0 0 0 0 0 0 0 0 0 0 0 0 0 0 0 0 0 0 0 0 0 0 0 0 0 0 0 0 0 0 0 0 0 0 0 0 0 0 0 0 0 0 0 0 0 0 0 0
0 0 0 0 0 0 0 0 0 0 0 0 0 0 0 0 0 0 0 0 0 0 0 0 0 0 0 0 0 0 0 0 0 0 0 0 0 0 0 0 0 0 0 0 0 0 0 0 0 0 0 0 0 0 0 0 0 0 0 0 0 0 0 0 0 0 0 0 0 0 0 0 0 0 0 0 0 0 0 0 0 0 0 0 0 0 0 0 0 0 0 0 0 0 0 0 0 0 0 0 0 0 0 0 0 0 0 0 0 0 0 0 0 0 0 0 0 0 0 0 0 0 0 0 0 0 0 0 0 0 0 0 0 0 0 0 0 0 0 0 0 0 0 0 0 0 0 0 0 0
0 0 0 0 0 0 0 0 0 0 0 0 0 0 0 0 0 0 0 0 0 0 0 0 0 0 0 0 0 0 0 0 0 0 0 0 0 0 0 0 0 0 0 0 0 0 0 0 0 0 0 0 0 0 0 0 0 0 0 0 0 0 0 0 0 0 0 0 0 0 0 0 0 0 0 0 0 0 0 0 0 0 0 0 0 0 0 0 0 0 0 0 0 0 0 0 0 0 0 0 0 0 0 0 0 0 0 0 0 0 0 0 0 0 0 0 0 0 0 0 0 0 0 0 0 0 0 0 0 0 0 0 0 0 0 0 0 0 0 0 0 0 0 0 0 0 0 0 0 0
0 0 0 0 0 0 0 0 0 0 0 0 0 0 0 0 0 0 0 0 0 0 0 0 0 0 0 0 0 0 0 0 0 0 0 0 0 0 0 0 0 0 0 0 0 0 0 0 0 0 0 0 0 0 0 0 0 0 0 0 0 0 0 0 0 0 0 0 0 0 0 0 0 0 0 0 0 0 0 0 0 0 0 0 0 0 0 0 0 0 0 0 0 0 0 0 0 0 0 0 0 0 0 0 0 0 0 0 0 0 0 0 0 0 0 0 0 0 0 0 0 0 0 0 0 0 0 0 0 0 0 0 0 0 0 0 0 0 0 0 0 0 0 0 0 0 0 0 0 0
0 0 0 0 0 0 0 0 0 0 0 0 0 0 0 0 0 0 0 0 0 0 0 0 0 0 0 0 0 0 0 0 0 0 0 0 0 0 0 0 0 0 0 0 0 0 0 0 0 0 0 0 0 0 0 0 0 0 0 0 0 0 0 0 0 0 0 0 0 0 0 0 0 0 0 0 0 0 0 0 0 0 0 0 0 0 0 0 0 0 0 0 0 0 0 0 0 0 0 0 0 0 0 0 0 0 0 0 0 0 0 0 0 0 0 0 0 0 0 0 0 0 0 0 0 0 0 0 0 0 0 0 0 0 0 0 0 0 0 0 0 0 0 0 0 0 0 0 0 0
0 0 0 0 0 0 0 0 0 0 0 0 0 0 0 0 0 0 0 0 0 0 0 0 0 0 0 0 0 0 0 0 0 0 0 0 0 0 0 0 0 0 0 0 0 0 0 0 0 0 0 0 0 0 0 0 0 0 0 0 0 0 0 0 0 0 0 0 0 0 0 0 0 0 0 0 0 0 0 0 0 0 0 0 0 0 0 0 0 0 0 0 0 0 0 0 0 0 0 0 0 0 0 0 0 0 0 0 0 0 0 0 0 0 0 0 0 0 0 0 0 0 0 0 0 0 0 0 0 0 0 0 0 0 0 0 0 0 0 0 0 0 0 0 0 0 0 0 0 0
0 0 0 0 0 0 0 0 0 0 0 0 0 0 0 0 0 0 0 0 0 0 0 0 0 0 0 0 0 0 0 0 0 0 0 0 0 0 0 0 0 0 0 0 0 0 0 0 0 0 0 0 0 0 0 0 0 0 0 0 0 0 0 0 0 0 0 0 0 0 0 0 0 0 0 0 0 0 0 0 0 0 0 0 0 0 0 0 0 0 0 0 0 0 0 0 0 0 0 0 0 0 0 0 0 0 0 0 0 0 0 0 0 0 0 0 0 0 0 0 0 0 0 0 0 0 0 0 0 0 0 0 0 0 0 0 0 0 0 0 0 0 0 0 0 0 0 0 0 0
0 0 0 0 0 0 0 0 0 0 0 0 0 0 0 0 0 0 0 0 0 0 0 0 0 0 0 0 0 0 0 0 0 0 0 0 0 0 0 0 0 0 0 0 0 0 0 0 0 0 0 0 0 0 0 0 0 0 0 0 0 0 0 0 0 0 0 0 0 0 0 0 0 0 0 0 0 0 0 0 0 0 0 0 0 0 0 0 0 0 0 0 0 0 0 0 0 0 0 0 0 0 0 0 0 0 0 0 0 0 0 0 0 0 0 0 0 0 0 0 0 0 0 0 0 0 0 0 0 0 0 0 0 0 0 0 0 0 0 0 0 0 0 0 0 0 0 0 0 0
0 0 0 0 0 0 0 0 0 0 0 0 0 0 0 0 0 0 0 0 0 0 0 0 0 0 0 0 0 0 0 0 0 0 0 0 0 0 0 0 0 0 0 0 0 0 0 0 0 0 0 0 0 0 0 0 0 0 0 0 0 0 0 0 0 0 0 0 0 0 0 0 0 0 0 0 0 0 0 0 0 0 0 0 0 0 0 0 0 0 0 0 0 0 0 0 0 0 0 0 0 0 0 0 0 0 0 0 0 0 0 0 0 0 0 0 0 0 0 0 0 0 0 0 0 0 0 0 0 0 0 0 0 0 0 0 0 0 0 0 0 0 0 0 0 0 0 0 0 0
0 0 0 0 0 0 0 0 0 0 0 0 0 0 0 0 0 0 0 0 0 0 0 0 0 0 0 0 0 0 0 0 0 0 0 0 0 0 0 0 0 0 0 0 0 0 0 0 0 0 0 0 0 0 0 0 0 0 0 0 0 0 0 0 0 0 0 0 0 0 0 0 0 0 0 0 0 0 0 0 0 0 0 0 0 0 0 0 0 0 0 0 0 0 0 0 0 0 0 0 0 0 0 0 0 0 0 0 0 0 0 0 0 0 0 0 0 0 0 0 0 0 0 0 0 0 0 0 0 0 0 0 0 0 0 0 0 0 0 0 0 0 0 0 0 0 0 0 0 0
0 0 0 0 0 0 0 0 0 0 0 0 0 0 0 0 0 0 0 0 0 0 0 0 0 0 0 0 0 0 0 0 0 0 0 0 0 0 0 0 0 0 0 0 0 0 0 0 0 0 0 0 0 0 0 0 0 0 0 0 0 0 0 0 0 0 0 0 0 0 0 0 0 0 0 0 0 0 0 0 0 0 0 0 0 0 0 0 0 0 0 0 0 0 0 0 0 0 0 0 0 0 0 0 0 0 0 0 0 0 0 0 0 0 0 0 0 0 0 0 0 0 0 0 0 0 0 0 0 0 0 0 0 0 0 0 0 0 0 0 0 0 0 0 0 0 0 0 0 0
0 0 0 0 0 0 0 0 0 0 0 0 0 0 0 0 0 0 0 0 0 0 0 0 0 0 0 0 0 0 0 0 0 0 0 0 0 0 0 0 0 0 0 0 0 0 0 0 0 0 0 0 0 0 0 0 0 0 0 0 0 0 0 0 0 0 0 0 0 0 0 0 0 0 0 0 0 0 0 0 0 0 0 0 0 0 0 0 0 0 0 0 0 0 0 0 0 0 0 0 0 0 0 0 0 0 0 0 0 0 0 0 0 0 0 0 0 0 0 0 0 0 0 0 0 0 0 0 0 0 0 0 0 0 0 0 0 0 0 0 0 0 0 0 0 0 0 0 0 0
0 0 0 0 0 0 0 0 0 0 0 0 0 0 0 0 0 0 0 0 0 0 0 0 0 0 0 0 0 0 0 0 0 0 0 0 0 0 0 0 0 0 0 0 0 0 0 0 0 0 0 0 0 0 0 0 0 0 0 0 0 0 0 0 0 0 0 0 0 0 0 0 0 0 0 0 0 0 0 0 0 0 0 0 0 0 0 0 0 0 0 0 0 0 0 0 0 0 0 0 0 0 0 0 0 0 0 0 0 0 0 0 0 0 0 0 0 0 0 0 0 0 0 0 0 0 0 0 0 0 0 0 0 0 0 0 0 0 0 0 0 0 0 0 0 0 0 0 0 0
0 0 0 0 0 0 0 0 0 0 0 0 0 0 0 0 0 0 0 0 0 0 0 0 0 0 0 0 0 0 0 0 0 0 0 0 0 0 0 0 0 0 0 0 0 0 0 0 0 0 0 0 0 0 0 0 0 0 0 0 0 0 0 0 0 0 0 0 0 0 0 0 0 0 0 0 0 0 0 0 0 0 0 0 0 0 0 0 0 0 0 0 0 0 0 0 0 0 0 0 0 0 0 0 0 0 0 0 0 0 0 0 0 0 0 0 0 0 0 0 0 0 0 0 0 0 0 0 0 0 0 0 0 0 0 0 0 0 0 0 0 0 0 0 0 0 0 0 0 0
0 0 0 0 0 0 0 0 0 0 0 0 0 0 0 0 0 0 0 0 0 0 0 0 0 0 0 0 0 0 0 0 0 0 0 0 0 0 0 0 0 0 0 0 0 0 0 0 0 0 0 0 0 0 0 0 0 0 0 0 0 0 0 0 0 0 0 0 0 0 0 0 0 0 0 0 0 0 0 0 0 0 0 0 0 0 0 0 0 0 0 0 0 0 0 0 0 0 0 0 0 0 0 0 0 0 0 0 0 0 0 0 0 0 0 0 0 0 0 0 0 0 0 0 0 0 0 0 0 0 0 0 0 0 0 0 0 0 0 0 0 0 0 0 0 0 0 0 0 0
0 0 0 0 0 0 0 0 0 0 0 0 0 0 0 0 0 0 0 0 0 0 0 0 0 0 0 0 0 0 0 0 0 0 0 0 0 0 0 0 0 0 0 0 0 0 0 0 0 0 0 0 0 0 0 0 0 0 0 0 0 0 0 0 0 0 0 0 0 0 0 0 0 0 0 0 0 0 0 0 0 0 0 0 0 0 0 0 0 0 0 0 0 0 0 0 0 0 0 0 0 0 0 0 0 0 0 0 0 0 0 0 0 0 0 0 0 0 0 0 0 0 0 0 0 0 0 0 0 0 0 0 0 0 0 0 0 0 0 0 0 0 0 0 0 0 0 0 0 0
0 0 0 0 0 0 0 0 0 0 0 0 0 0 0 0 0 0 0 0 0 0 0 0 0 0 0 0 0 0 0 0 0 0 0 0 0 0 0 0 0 0 0 0 0 0 0 0 0 0 0 0 0 0 0 0 0 0 0 0 0 0 0 0 0 0 0 0 0 0 0 0 0 0 0 0 0 0 0 0 0 0 0 0 0 0 0 0 0 0 0 0 0 0 0 0 0 0 0 0 0 0 0 0 0 0 0 0 0 0 0 0 0 0 0 0 0 0 0 0 0 0 0 0 0 0 0 0 0 0 0 0 0 0 0 0 0 0 0 0 0 0 0 0 0 0 0 0 0 0
0 0 0 0 0 0 0 0 0 0 0 0 0 0 0 0 0 0 0 0 0 0 0 0 0 0 0 0 0 0 0 0 0 0 0 0 0 0 0 0 0 0 0 0 0 0 0 0 0 0 0 0 0 0 0 0 0 0 0 0 0 0 0 0 0 0 0 0 0 0 0 0 0 0 0 0 0 0 0 0 0 0 0 0 0 0 0 0 0 0 0 0 0 0 0 0 0 0 0 0 0 0 0 0 0 0 0 0 0 0 0 0 0 0 0 0 0 0 0 0 0 0 0 0 0 0 0 0 0 0 0 0 0 0 0 0 0 0 0 0 0 0 0 0 0 0 0 0 0 0
0 0 0 0 0 0 0 0 0 0 0 0 0 0 0 0 0 0 0 0 0 0 0 0 0 0 0 0 0 0 0 0 0 0 0 0 0 0 0 0 0 0 0 0 0 0 0 0 0 0 0 0 0 0 0 0 0 0 0 0 0 0 0 0 0 0 0 0 0 0 0 0 0 0 0 0 0 0 0 0 0 0 0 0 0 0 0 0 0 0 0 0 0 0 0 0 0 0 0 0 0 0 0 0 0 0 0 0 0 0 0 0 0 0 0 0 0 0 0 0 0 0 0 0 0 0 0 0 0 0 0 0 0 0 0 0 0 0 0 0 0 0 0 0 0 0 0 0 0 0
0 0 0 0 0 0 0 0 0 0 0 0 0 0 0 0 0 0 0 0 0 0 0 0 0 0 0 0 0 0 0 0 0 0 0 0 0 0 0 0 0 0 0 0 0 0 0 0 0 0 0 0 0 0 0 0 0 0 0 0 0 0 0 0 0 0 0 0 0 0 0 0 0 0 0 0 0 0 0 0 0 0 0 0 0 0 0 0 0 0 0 0 0 0 0 0 0 0 0 0 0 0 0 0 0 0 0 0 0 0 0 0 0 0 0 0 0 0 0 0 0 0 0 0 0 0 0 0 0 0 0 0 0 0 0 0 0 0 0 0 0 0 0 0 0 0 0 0 0 0
0 0 0 0 0 0 0 0 0 0 0 0 0 0 0 0 0 0 0 0 0 0 0 0 0 0 0 0 0 0 0 0 0 0 0 0 0 0 0 0 0 0 0 0 0 0 0 0 0 0 0 0 0 0 0 0 0 0 0 0 0 0 0 0 0 0 0 0 0 0 0 0 0 0 0 0 0 0 0 0 0 0 0 0 0 0 0 0 0 0 0 0 0 0 0 0 0 0 0 0 0 0 0 0 0 0 0 0 0 0 0 0 0 0 0 0 0 0 0 0 0 0 0 0 0 0 0 0 0 0 0 0 0 0 0 0 0 0 0 0 0 0 0 0 0 0 0 0 0 0
0 0 0 0 0 0 0 0 0 0 0 0 0 0 0 0 0 0 0 0 0 0 0 0 0 0 0 0 0 0 0 0 0 0 0 0 0 0 0 0 0 0 0 0 0 0 0 0 0 0 0 0 0 0 0 0 0 0 0 0 0 0 0 0 0 0 0 0 0 0 0 0 0 0 0 0 0 0 0 0 0 0 0 0 0 0 0 0 0 0 0 0 0 0 0 0 0 0 0 0 0 0 0 0 0 0 0 0 0 0 0 0 0 0 0 0 0 0 0 0 0 0 0 0 0 0 0 0 0 0 0 0 0 0 0 0 0 0 0 0 0 0 0 0 0 0 0 0 0 0
0 0 0 0 0 0 0 0 0 0 0 0 0 0 0 0 0 0 0 0 0 0 0 0 0 0 0 0 0 0 0 0 0 0 0 0 0 0 0 0 0 0 0 0 0 0 0 0 0 0 0 0 0 0 0 0 0 0 0 0 0 0 0 0 0 0 0 0 0 0 0 0 0 0 0 0 0 0 0 0 0 0 0 0 0 0 0 0 0 0 0 0 0 0 0 0 0 0 0 0 0 0 0 0 0 0 0 0 0 0 0 0 0 0 0 0 0 0 0 0 0 0 0 0 0 0 0 0 0 0 0 0 0 0 0 0 0 0 0 0 0 0 0 0 0 0 0 0 0 0
0 0 0 0 0 0 0 0 0 0 0 0 0 0 0 0 0 0 0 0 0 0 0 0 0 0 0 0 0 0 0 0 0 0 0 0 0 0 0 0 0 0 0 0 0 0 0 0 0 0 0 0 0 0 0 0 0 0 0 0 0 0 0 0 0 0 0 0 0 0 0 0 0 0 0 0 0 0 0 0 0 0 0 0 0 0 0 0 0 0 0 0 0 0 0 0 0 0 0 0 0 0 0 0 0 0 0 0 0 0 0 0 0 0 0 0 0 0 0 0 0 0 0 0 0 0 0 0 0 0 0 0 0 0 0 0 0 0 0 0 0 0 0 0 0 0 0 0 0 0
0 0 0 0 0 0 0 0 0 0 0 0 0 0 0 0 0 0 0 0 0 0 0 0 0 0 0 0 0 0 0 0 0 0 0 0 0 0 0 0 0 0 0 0 0 0 0 0 0 0 0 0 0 0 0 0 0 0 0 0 0 0 0 0 0 0 0 0 0 0 0 0 0 0 0 0 0 0 0 0 0 0 0 0 0 0 0 0 0 0 0 0 0 0 0 0 0 0 0 0 0 0 0 0 0 0 0 0 0 0 0 0 0 0 0 0 0 0 0 0 0 0 0 0 0 0 0 0 0 0 0 0 0 0 0 0 0 0 0 0 0 0 0 0 0 0 0 0 0 0
