0 0 0 0 0 0 0 0 0 0 0 0 0 0 0 0 0 0 0 0 0 0 0 0 0 0 0 0 0 0 0 0 0 0 0 0 0 0 0 0 0 0 0 0 0 0 0 0 0 0 0 0 0 0 0 0 0 0 0 0 0 0 0 0 0 0 0 0 0 0 0 0 0 0 0 0 0 0 0 0 0 0 0 0 0 0 0 0 0 0 0 0 0 0 0 0 0 0 0 0 0 0 0 0 0 0 0 0 0 0 0 0 0 0 0 0 0 0 0 0 0 0 0 0 0 0 0 0 0 0 0 0 0 0 0 0 0 0 0 0 0 0 0 0 0 0 0 0 0 0
0 0 0 0 0 0 0 0 0 0 0 0 0 0 0 0 0 0 0 0 0 0 0 0 0 0 0 0 0 0 0 0 0 0 0 0 0 0 0 0 0 0 0 0 0 0 0 0 0 0 0 0 0 0 0 0 0 0 0 0 0 0 0 0 0 0 0 0 0 0 0 0 0 0 0 0 0 0 0 0 0 0 0 0 0 0 0 0 0 0 0 0 0 0 0 0 0 0 0 0 0 0 0 0 0 0 0 0 0 0 0 0 0 0 0 0 0 0 0 0 0 0 0 0 0 0 0 0 0 0 0 0 0 0 0 0 0 0 0 0 0 0 0 0 0 0 0 0 0 0
0 0 0 0 0 0 0 0 0 0 0 0 0 0 0 0 0 0 0 0 0 0 0 0 0 0 0 0 0 0 0 0 0 0 0 0 0 0 0 0 0 0 0 0 0 0 0 0 0 0 0 0 0 0 0 0 0 0 0 0 0 0 0 0 0 0 0 0 0 0 0 0 0 0 0 0 0 0 0 0 0 0 0 0 0 0 0 0 0 0 0 0 0 0 0 0 0 0 0 0 0 0 0 0 0 0 0 0 0 0 0 0 0 0 0 0 0 0 0 0 0 0 0 0 0 0 0 0 0 0 0 0 0 0 0 0 0 0 0 0 0 0 0 0 0 0 0 0 0 0
0 0 0 0 0 0 0 0 0 0 0 0 0 0 0 0 0 0 0 0 0 0 0 0 0 0 0 0 0 0 0 0 0 0 0 0 0 0 0 0 0 0 0 0 0 0 0 0 0 0 0 0 0 0 0 0 0 0 0 0 0 0 0 0 0 0 0 0 0 0 0 0 0 0 0 0 0 0 0 0 0 0 0 0 0 0 0 0 0 0 0 0 0 0 0 0 0 0 0 0 0 0 0 0 0 0 0 0 0 0 0 0 0 0 0 0 0 0 0 0 0 0 0 0 0 0 0 0 0 0 0 0 0 0 0 0 0 0 0 0 0 0 0 0 0 0 0 0 0 0
0 0 0 0 0 0 0 0 0 0 0 0 0 0 0 0 0 0 0 0 0 0 0 0 0 0 0 0 0 0 0 0 0 0 0 0 0 0 0 0 0 0 0 0 0 0 0 0 0 0 0 0 0 0 0 0 0 0 0 0 0 0 0 0 0 0 0 0 0 0 0 0 0 0 0 0 0 0 0 0 0 0 0 0 0 0 0 0 0 0 0 0 0 0 0 0 0 0 0 0 0 0 0 0 0 0 0 0 0 0 0 0 0 0 0 0 0 0 0 0 0 0 0 0 0 0 0 0 0 0 0 0 0 0 0 0 0 0 0 0 0 0 0 0 0 0 0 0 0 0
0 0 0 0 0 0 0 0 0 0 0 0 0 0 0 0 0 0 0 0 0 0 0 0 0 0 0 0 0 0 0 0 0 0 0 0 0 0 0 0 0 0 0 0 0 0 0 0 0 0 0 0 0 0 0 0 0 0 0 0 0 0 0 0 0 0 0 0 0 0 0 0 0 0 0 0 0 0 0 0 0 0 0 0 0 0 0 0 0 0 0 0 0 0 0 0 0 0 0 0 0 0 0 0 0 0 0 0 0 0 0 0 0 0 0 0 0 0 0 0 0 0 0 0 0 0 0 0 0 0 0 0 0 0 0 0 0 0 0 0 0 0 0 0 0 0 0 0 0 0
0 0 0 0 0 0 0 0 0 0 0 0 0 0 0 0 0 0 0 0 0 0 0 0 0 0 0 0 0 0 0 0 0 0 0 0 0 0 0 0 0 0 0 0 0 0 0 0 0 0 0 0 0 0 0 0 0 0 0 0 0 0 0 0 0 0 0 0 0 0 0 0 0 0 0 0 0 0 0 0 0 0 0 0 0 0 0 0 0 0 0 0 0 0 0 0 0 0 0 0 0 0 0 0 0 0 0 0 0 0 0 0 0 0 0 0 0 0 0 0 0 0 0 0 0 0 0 0 0 0 0 0 0 0 0 0 0 0 0 0 0 0 0 0 0 0 0 0 0 0
0 0 0 0 0 0 0 0 0 0 0 0 0 0 0 0 0 0 0 0 0 0 0 0 0 0 0 0 0 0 0 0 0 0 0 0 0 0 0 0 0 0 0 0 0 0 0 0 0 0 0 0 0 0 0 0 0 0 0 0 0 0 0 0 0 0 0 0 0 0 0 0 0 0 0 0 0 0 0 0 0 0 0 0 0 0 0 0 0 0 0 0 0 0 0 0 0 0 0 0 0 0 0 0 0 0 0 0 0 0 0 0 0 0 0 0 0 0 0 0 0 0 0 0 0 0 0 0 0 0 0 0 0 0 0 0 0 0 0 0 0 0 0 0 0 0 0 0 0 0
0 0 0 0 0 0 0 0 0 0 0 0 0 0 0 0 0 0 0 0 0 0 0 0 0 0 0 0 0 0 0 0 0 0 0 0 0 0 0 0 0 0 0 0 0 0 0 0 0 0 0 0 0 0 0 0 0 0 0 0 0 0 0 0 0 0 0 0 0 0 0 0 0 0 0 0 0 0 0 0 0 0 0 0 0 0 0 0 0 0 0 0 0 0 0 0 0 0 0 0 0 0 0 0 0 0 0 0 0 0 0 0 0 0 0 0 0 0 0 0 0 0 0 0 0 0 0 0 0 0 0 0 0 0 0 0 0 0 0 0 0 0 0 0 0 0 0 0 0 0
0 0 0 0 0 0 0 0 0 0 0 0 0 0 0 0 0 0 0 0 0 0 0 0 0 0 0 0 0 0 0 0 0 0 0 0 0 0 0 0 0 0 0 0 0 0 0 0 0 0 0 0 0 0 0 0 0 0 0 0 0 0 0 0 0 0 0 0 0 0 0 0 0 0 0 0 0 0 0 0 0 0 0 0 0 0 0 0 0 0 0 0 0 0 0 0 0 0 0 0 0 0 0 0 0 0 0 0 0 0 0 0 0 0 0 0 0 0 0 0 0 0 0 0 0 0 0 0 0 0 0 0 0 0 0 0 0 0 0 0 0 0 0 0 0 0 0 0 0 0
0 0 0 0 0 0 0 0 0 0 0 0 0 0 0 0 0 0 0 0 0 0 0 0 0 0 0 0 0 0 0 0 0 0 0 0 0 0 0 0 0 0 0 0 0 0 0 0 0 0 0 0 0 0 0 0 0 0 0 0 0 0 0 0 0 0 0 0 0 0 0 0 0 0 0 0 0 0 0 0 0 0 0 0 0 0 0 0 0 0 0 0 0 0 0 0 0 0 0 0 0 0 0 0 0 0 0 0 0 0 0 0 0 0 0 0 0 0 0 0 0 0 0 0 0 0 0 0 0 0 0 0 0 0 0 0 0 0 0 0 0 0 0 0 0 0 0 0 0 0
0 0 0 0 0 0 0 0 0 0 0 0 0 0 0 0 0 0 0 0 0 0 0 0 0 0 0 0 0 0 0 0 0 0 0 0 0 0 0 0 0 0 0 0 0 0 0 0 0 0 0 0 0 0 0 0 0 0 0 0 0 0 0 0 0 0 0 0 0 0 0 0 0 0 0 0 0 0 0 0 0 0 0 0 0 0 0 0 0 0 0 0 0 0 0 0 0 0 0 0 0 0 0 0 0 0 0 0 0 0 0 0 0 0 0 0 0 0 0 0 0 0 0 0 0 0 0 0 0 0 0 0 0 0 0 0 0 0 0 0 0 0 0 0 0 0 0 0 0 0
0 0 0 0 0 0 0 0 0 0 0 0 0 0 0 0 0 0 0 0 0 0 0 0 0 0 0 0 0 0 0 0 0 0 0 0 0 0 0 0 0 0 0 0 0 0 0 0 0 0 0 0 0 0 0 0 0 0 0 0 0 0 0 0 0 0 0 0 0 0 0 0 0 0 0 0 0 0 0 0 0 0 0 0 0 0 0 0 0 0 0 0 0 0 0 0 0 0 0 0 0 0 0 0 0 0 0 0 0 0 0 0 0 0 0 0 0 0 0 0 0 0 0 0 0 0 0 0 0 0 0 0 0 0 0 0 0 0 0 0 0 0 0 0 0 0 0 0 0 0
0 0 0 0 0 0 0 0 0 0 0 0 0 0 0 0 0 0 0 0 0 0 0 0 0 0 0 0 0 0 0 0 0 0 0 0 0 0 0 0 0 0 0 0 0 0 0 0 0 0 0 0 0 0 0 0 0 0 0 0 0 0 0 0 0 0 0 0 0 0 0 0 0 0 0 0 0 0 0 0 0 0 0 0 0 0 0 0 0 0 0 0 0 0 0 0 0 0 0 0 0 0 0 0 0 0 0 0 0 0 0 0 0 0 0 0 0 0 0 0 0 0 0 0 0 0 0 0 0 0 0 0 0 0 0 0 0 0 0 0 0 0 0 0 0 0 0 0 0 0
0 0 0 0 0 0 0 0 0 0 0 0 0 0 0 0 0 0 0 0 0 0 0 0 0 0 0 0 0 0 0 0 0 0 0 0 0 0 0 0 0 0 0 0 0 0 0 0 0 0 0 0 0 0 0 0 0 0 0 0 0 0 0 0 0 0 0 0 0 0 0 0 0 0 0 0 0 0 0 0 0 0 0 0 0 0 0 0 0 0 0 0 0 0 0 0 0 0 0 0 0 0 0 0 0 0 0 0 0 0 0 0 0 0 0 0 0 0 0 0 0 0 0 0 0 0 0 0 0 0 0 0 0 0 0 0 0 0 0 0 0 0 0 0 0 0 0 0 0 0
0 0 0 0 0 0 0 0 0 0 0 0 0 0 0 0 0 0 0 0 0 0 0 0 0 0 0 0 0 0 0 0 0 0 0 0 0 0 0 0 0 0 0 0 0 0 0 0 0 0 0 0 0 0 0 0 0 0 0 0 0 0 0 0 0 0 0 0 0 0 0 0 0 0 0 0 0 0 0 0 0 0 0 0 0 0 0 0 0 0 0 0 0 0 0 0 0 0 0 0 0 0 0 0 0 0 0 0 0 0 0 0 0 0 0 0 0 0 0 0 0 0 0 0 0 0 0 0 0 0 0 0 0 0 0 0 0 0 0 0 0 0 0 0 0 0 0 0 0 0
0 0 0 0 0 0 0 0 0 0 0 0 0 0 0 0 0 0 0 0 0 0 0 0 0 0 0 0 0 0 0 0 0 0 0 0 0 0 0 0 0 0 0 0 0 0 0 0 0 0 0 0 0 0 0 0 0 0 0 0 0 0 0 0 0 0 0 0 0 0 0 0 0 0 0 0 0 0 0 0 0 0 0 0 0 0 0 0 0 0 0 0 0 0 0 0 0 0 0 0 0 0 0 0 0 0 0 0 0 0 0 0 0 0 0 0 0 0 0 0 0 0 0 0 0 0 0 0 0 0 0 0 0 0 0 0 0 0 0 0 0 0 0 0 0 0 0 0 0 0
0 0 0 0 0 0 0 0 0 0 0 0 0 0 0 0 0 0 0 0 0 0 0 0 0 0 0 0 0 0 0 0 0 0 0 0 0 0 0 0 0 0 0 0 0 0 0 0 0 0 0 0 0 0 0 0 0 0 0 0 0 0 0 0 0 0 0 0 0 0 0 0 0 0 0 0 0 0 0 0 0 0 0 0 0 0 0 0 0 0 0 0 0 0 0 0 0 0 0 0 0 0 0 0 0 0 0 0 0 0 0 0 0 0 0 0 0 0 0 0 0 0 0 0 0 0 0 0 0 0 0 0 0 0 0 0 0 0 0 0 0 0 0 0 0 0 0 0 0 0
0 0 0 0 0 0 0 0 0 0 0 0 0 0 0 0 0 0 0 0 0 0 0 0 0 0 0 0 0 0 0 0 0 0 0 0 0 0 0 0 0 0 0 0 0 0 0 0 0 0 0 0 0 0 0 0 0 0 0 0 0 0 0 0 0 0 0 0 0 0 0 0 0 0 0 0 0 0 0 0 0 0 0 0 0 0 0 0 0 0 0 0 0 0 0 0 0 0 0 0 0 0 0 0 0 0 0 0 0 0 0 0 0 0 0 0 0 0 0 0 0 0 0 0 0 0 0 0 0 0 0 0 0 0 0 0 0 0 0 0 0 0 0 0 0 0 0 0 0 0
0 0 0 0 0 0 0 0 0 0 0 0 0 0 0 0 0 0 0 0 0 0 0 0 0 0 0 0 0 0 0 0 0 0 0 0 0 0 0 0 0 0 0 0 0 0 0 0 0 0 0 0 0 0 0 0 0 0 0 0 0 0 0 0 0 0 0 0 0 0 0 0 0 0 0 0 0 0 0 0 0 0 0 0 0 0 0 0 0 0 0 0 0 0 0 0 0 0 0 0 0 0 0 0 0 0 0 0 0 0 0 0 0 0 0 0 0 0 0 0 0 0 0 0 0 0 0 0 0 0 0 0 0 0 0 0 0 0 0 0 0 0 0 0 0 0 0 0 0 0
0 0 0 0 0 0 0 0 0 0 0 0 0 0 0 0 0 0 0 0 0 0 0 0 0 0 0 0 0 0 0 0 0 0 0 0 0 0 0 0 0 0 0 0 0 0 0 0 0 0 0 0 0 0 0 0 0 0 0 0 0 0 0 0 0 0 0 0 0 0 0 0 0 0 0 0 0 0 0 0 0 0 0 0 0 0 0 0 0 0 0 0 0 0 0 0 0 0 0 0 0 0 0 0 0 0 0 0 0 0 0 0 0 0 0 0 0 0 0 0 0 0 0 0 0 0 0 0 0 0 0 0 0 0 0 0 0 0 0 0 0 0 0 0 0 0 0 0 0 0
0 0 0 0 0 0 0 0 0 0 0 0 0 0 0 0 0 0 0 0 0 0 0 0 0 0 0 0 0 0 0 0 0 0 0 0 0 0 0 0 0 0 0 0 0 0 0 0 0 0 0 0 0 0 0 0 0 0 0 0 0 0 0 0 0 0 0 0 0 0 0 0 0 0 0 0 0 0 0 0 0 0 0 0 0 0 0 0 0 0 0 0 0 0 0 0 0 0 0 0 0 0 0 0 0 0 0 0 0 0 0 0 0 0 0 0 0 0 0 0 0 0 0 0 0 0 0 0 0 0 0 0 0 0 0 0 0 0 0 0 0 0 0 0 0 0 0 0 0 0
0 0 0 0 0 0 0 0 0 0 0 0 0 0 0 0 0 0 0 0 0 0 0 0 0 0 0 0 0 0 0 0 0 0 0 0 0 0 0 0 0 0 0 0 0 0 0 0 0 0 0 0 0 0 0 0 0 0 0 0 0 0 0 0 0 0 0 0 0 0 0 0 0 0 0 0 0 0 0 0 0 0 0 0 0 0 0 0 0 0 0 0 0 0 0 0 0 0 0 0 0 0 0 0 0 0 0 0 0 0 0 0 0 0 0 0 0 0 0 0 0 0 0 0 0 0 0 0 0 0 0 0 0 0 0 0 0 0 0 0 0 0 0 0 0 0 0 0 0 0
0 0 0 0 0 0 0 0 0 0 0 0 0 0 0 0 0 0 0 0 0 0 0 0 0 0 0 0 0 0 0 0 0 0 0 0 0 0 0 0 0 0 0 0 0 0 0 0 0 0 0 0 0 0 0 0 0 0 0 0 0 0 0 0 0 0 0 0 0 0 0 0 0 0 0 0 0 0 0 0 0 0 0 0 0 0 0 0 0 0 0 0 0 0 0 0 0 0 0 0 0 0 0 0 0 0 0 0 0 0 0 0 0 0 0 0 0 0 0 0 0 0 0 0 0 0 0 0 0 0 0 0 0 0 0 0 0 0 0 0 0 0 0 0 0 0 0 0 0 0
0 0 0 0 0 0 0 0 0 0 0 0 0 0 0 0 0 0 0 0 0 0 0 0 0 0 0 0 0 0 0 0 0 0 0 0 0 0 0 0 0 0 0 0 0 0 0 0 0 0 0 0 0 0 0 0 0 0 0 0 0 0 0 0 0 0 0 0 0 0 0 0 0 0 0 0 0 0 0 0 0 0 0 0 0 0 0 0 0 0 0 0 0 0 0 0 0 0 0 0 0 0 0 0 0 0 0 0 0 0 0 0 0 0 0 0 0 0 0 0 0 0 0 0 0 0 0 0 0 0 0 0 0 0 0 0 0 0 0 0 0 0 0 0 0 0 0 0 0 0
0 0 0 0 0 0 0 0 0 0 0 0 0 0 0 0 0 0 0 0 0 0 0 0 0 0 0 0 0 0 0 0 0 0 0 0 0 0 0 0 0 0 0 0 0 0 0 0 0 0 0 0 0 0 0 0 0 0 0 0 0 0 0 0 0 0 0 0 0 0 0 0 0 0 0 0 0 0 0 0 0 0 0 0 0 0 0 0 0 0 0 0 0 0 0 0 0 0 0 0 0 0 0 0 0 0 0 0 0 0 0 0 0 0 0 0 0 0 0 0 0 0 0 0 0 0 0 0 0 0 0 0 0 0 0 0 0 0 0 0 0 0 0 0 0 0 0 0 0 0
0 0 0 0 0 0 0 0 0 0 0 0 0 0 0 0 0 0 0 0 0 0 0 0 0 0 0 0 0 0 0 0 0 0 0 0 0 0 0 0 0 0 0 0 0 0 0 0 0 0 0 0 0 0 0 0 0 0 0 0 0 0 0 0 0 0 0 0 0 0 0 0 0 0 0 0 0 0 0 0 0 0 0 0 0 0 0 0 0 0 0 0 0 0 0 0 0 0 0 0 0 0 0 0 0 0 0 0 0 0 0 0 0 0 0 0 0 0 0 0 0 0 0 0 0 0 0 0 0 0 0 0 0 0 0 0 0 0 0 0 0 0 0 0 0 0 0 0 0 0
0 0 0 0 0 0 0 0 0 0 0 0 0 0 0 0 0 0 0 0 0 0 0 0 0 0 0 0 0 0 0 0 0 0 0 0 0 0 0 0 0 0 0 0 0 0 0 0 0 0 0 0 0 0 0 0 0 0 0 0 0 0 0 0 0 0 0 0 0 0 0 0 0 0 0 0 0 0 0 0 0 0 0 0 0 0 0 0 0 0 0 0 0 0 0 0 0 0 0 0 0 0 0 0 0 0 0 0 0 0 0 0 0 0 0 0 0 0 0 0 0 0 0 0 0 0 0 0 0 0 0 0 0 0 0 0 0 0 0 0 0 0 0 0 0 0 0 0 0 0
0 0 0 0 0 0 0 0 0 0 0 0 0 0 0 0 0 0 0 0 0 0 0 0 0 0 0 0 0 0 0 0 0 0 0 0 0 0 0 0 0 0 0 0 0 0 0 0 0 0 0 0 0 0 0 0 0 0 0 0 0 0 0 0 0 0 0 0 0 0 0 0 0 0 0 0 0 0 0 0 0 0 0 0 0 0 0 0 0 0 0 0 0 0 0 0 0 0 0 0 0 0 0 0 0 0 0 0 0 0 0 0 0 0 0 0 0 0 0 0 0 0 0 0 0 0 0 0 0 0 0 0 0 0 0 0 0 0 0 0 0 0 0 0 0 0 0 0 0 0
0 0 0 0 0 0 0 0 0 0 0 0 0 0 0 0 0 0 0 0 0 0 0 0 0 0 0 0 0 0 0 0 0 0 0 0 0 0 0 0 0 0 0 0 0 0 0 0 0 0 0 0 0 0 0 0 0 0 0 0 0 0 0 0 0 0 0 0 0 0 0 0 0 0 0 0 0 0 0 0 0 0 0 0 0 0 0 0 0 0 0 0 0 0 0 0 0 0 0 0 0 0 0 0 0 0 0 0 0 0 0 0 0 0 0 0 0 0 0 0 0 0 0 0 0 0 0 0 0 0 0 0 0 0 0 0 0 0 0 0 0 0 0 0 0 0 0 0 0 0
0 0 0 0 0 0 0 0 0 0 0 0 0 0 0 0 0 0 0 0 0 0 0 0 0 0 0 0 0 0 0 0 0 0 0 0 0 0 0 0 0 0 0 0 0 0 0 0 0 0 0 0 0 0 0 0 0 0 0 0 0 0 0 0 0 0 0 0 0 0 0 0 0 0 0 0 0 0 0 0 0 0 0 0 0 0 0 0 0 0 0 0 0 0 0 0 0 0 0 0 0 0 0 0 0 0 0 0 0 0 0 0 0 0 0 0 0 0 0 0 0 0 0 0 0 0 0 0 0 0 0 0 0 0 0 0 0 0 0 0 0 0 0 0 0 0 0 0 0 0
0 0 0 0 0 0 0 0 0 0 0 0 0 0 0 0 0 0 0 0 0 0 0 0 0 0 0 0 0 0 0 0 0 0 0 0 0 0 0 0 0 0 0 0 0 0 0 0 0 0 0 0 0 0 0 0 0 0 0 0 0 0 0 0 0 0 0 0 0 0 0 0 0 0 0 0 0 0 0 0 0 0 0 0 5.16439e-05 4.88402e-05 4.26231e-05 3.43758e-05 2.56762e-05 1.79e-05 1.17646e-05 0 0 0 0 0 0 0 0 0 0 0 0 0 0 0 0 0 0 0 0 0 0 0 0 0 0 0 0 0 0 0 0 0 0 0 0 0 0 0 0 0 0 0 0 0 0 0 0 0 0 0 0 0 0 0 0 0 0 0
0 0 0 0 0 0 0 0 0 0 0 0 0 0 0 0 0 0 0 0 0 0 0 0 0 0 0 0 0 0 0 0 0 0 0 0 0 0 0 0 0 0 0 0 0 0 0 0 0 0 0 0 0 0 0 0 0 0 0 0 0 0 0 0 0 0 0 0 0 0 0 0 0 0 0 0 0 0 0 0 0 0.000109909 0.000132573 0.000147652 0.00015158 0.00014364 0.000125874 0.000102275 7.74675e-05 5.51583e-05 3.75348e-05 2.47899e-05 1.49454e-05 9.47058e-06 5.84346e-06 0 0 0 0 0 0 0 0 0 0 0 0 0 0 0 0 0 0 0 0 0 0 0 0 0 0 0 0 0 0 0 0 0 0 0 0 0 0 0 0 0 0 0 0 0 0 0 0 0 0 0 0 0 0 0
0 0 0 0 0 0 0 0 0 0 0 0 0 0 0 0 0 0 0 0 0 0 0 0 0 0 0 0 0 0 0 0 0 0 0 0 0 0 0 0 0 0 0 0 0 0 0 0 0 0 0 0 0 0 0 0 0 0 0 0 0 0 0 0 0 0 0 0 0 0 2.6485e-05 3.71092e-05 4.97156e-05 6.34748e-05 7.67155e-05 8.71098e-05 9.2331e-05 0 0 0.000160182 0.000227107 0.000297095 0.000358538 0.000399247 0.00041051 0.00039018 0.000343648 0.000281833 0.000216884 0.000158523 0.000111719 7.6807e-05 5.15626e-05 3.32321e-05 2.07396e-05 1.13234e-05 6.23477e-06 0 0 0 0 0 0 0 0 0 0 0 0 0 0 0 0 0 0 0 0 0 0 0 0 0 0 0 0 0 0 0 0 0 0 0 0 0 0 0 0 0 0 0 0 0 0 0 0 0 0 0 0 0
0 0 0 0 0 0 0 0 0 0 0 0 0 0 0 0 0 0 0 0 0 0 0 0 0 0 0 0 0 0 0 0 0 0 0 0 0 0 0 0 0 0 0 0 0 0 0 0 0 0 0 0 0 0 0 0 0 0 0 0 0 0 0 0 0 0 1.31745e-05 2.29591e-05 3.73502e-05 5.68441e-05 8.16501e-05 0.000111501 0.000145473 0.000181384 0.000215158 0.000241071 0.000253264 0.000293951 0.000345061 0.000442901 0.00056663 0.000740908 0.000894379 0.000997045 0.0010275 0.000980929 0.000870887 0.00072381 0.000569181 0.000429165 0.00031422 0.000224531 0.000155638 0.000103458 6.50673e-05 3.78286e-05 2.07994e-05 9.94425e-06 0 0 0 0 0 0 0 0 0 0 0 0 0 0 0 0 0 0 0 0 0 0 0 0 0 0 0 0 0 0 0 0 0 0 0 0 0 0 0 0 0 0 0 0 0 0 0 0 0 0 0 0
0 0 0 0 0 0 0 0 0 0 0 0 0 0 0 0 0 0 0 0 0 0 0 0 0 0 0 0 0 0 0 0 0 0 0 0 0 0 0 0 0 0 0 0 0 0 0 0 0 0 0 0 0 0 0 0 0 0 0 0 0 0 0 0 1.04662e-05 2.1213e-05 3.97307e-05 6.90022e-05 0.000111181 0.000167134 0.000235872 0.000314841 0.000400214 0.000486287 0.000564123 0.000621354 0.00067758 0.000726559 0.0008291 0.00103924 0.00135746 0.00172767 0.0020622 0.00230366 0.00238392 0.00229341 0.00206268 0.00175031 0.00141804 0.00111018 0.00084516 0.000623833 0.000441489 0.000296699 0.000187413 0.000110497 6.05614e-05 3.03416e-05 1.34715e-05 0 0 0 0 0 0 0 0 0 0 0 0 0 0 0 0 0 0 0 0 0 0 0 0 0 0 0 0 0 0 0 0 0 0 0 0 0 0 0 0 0 0 0 0 0 0 0 0 0 0 0
0 0 0 0 0 0 0 0 0 0 0 0 0 0 0 0 0 0 0 0 0 0 0 0 0 0 0 0 0 0 0 0 0 0 0 0 0 0 0 0 0 0 0 0 0 0 0 0 0 0 0 0 0 0 0 0 0 0 0 0 2.54106e-06 5.09269e-06 9.40652e-06 2.08195e-05 3.86178e-05 6.95871e-05 0.000121145 0.000200941 0.000314719 0.000463242 0.00063661 0.000833822 0.00103514 0.00122548 0.00138686 0.00151596 0.00159578 0.00167153 0.00185255 0.00226267 0.00291479 0.00369205 0.00442309 0.00493888 0.00514865 0.00501555 0.0046024 0.00402056 0.00337976 0.00275215 0.00216793 0.00163882 0.00117663 0.00079512 0.000502396 0.000295185 0.000161322 8.17321e-05 3.78599e-05 1.55006e-05 0 0 0 0 0 0 0 0 0 0 0 0 0 0 0 0 0 0 0 0 0 0 0 0 0 0 0 0 0 0 0 0 0 0 0 0 0 0 0 0 0 0 0 0 0 0 0 0 0 0
0 0 0 0 0 0 0 0 0 0 0 0 0 0 0 0 0 0 0 0 0 0 0 0 0 0 0 0 0 0 0 0 0 0 0 0 0 0 0 0 0 0 0 0 0 0 0 0 0 0 0 0 0 0 0 0 0 0 0 3.57441e-06 7.60461e-06 1.60199e-05 3.04622e-05 5.71269e-05 0.000104117 0.000184731 0.000317143 0.000520744 0.000808676 0.00117969 0.00161358 0.0020741 0.00251864 0.00290436 0.00321491 0.00341594 0.00351329 0.00358956 0.00385907 0.00458248 0.00581081 0.00732302 0.00878465 0.00988427 0.010421 0.0103498 0.00977349 0.008856 0.00774559 0.00653399 0.00528137 0.00405325 0.00292937 0.00198161 0.00124951 0.000732672 0.000398757 0.000200826 9.38364e-05 4.00979e-05 1.5149e-05 0 0 0 0 0 0 0 0 0 0 0 0 0 0 0 0 0 0 0 0 0 0 0 0 0 0 0 0 0 0 0 0 0 0 0 0 0 0 0 0 0 0 0 0 0 0 0 0 0
0 0 0 0 0 0 0 0 0 0 0 0 0 0 0 0 0 0 0 0 0 0 0 0 0 0 0 0 0 0 0 0 0 0 0 0 0 0 0 0 0 0 0 0 0 0 0 0 0 0 0 0 0 0 0 0 0 0 0 9.49199e-06 2.06866e-05 4.18221e-05 8.00816e-05 0.000146904 0.000261744 0.000455221 0.000768388 0.00124977 0.00192521 0.00278751 0.00377921 0.00480004 0.00573397 0.00648686 0.00699626 0.00723995 0.00726165 0.00722364 0.00751866 0.00866123 0.0107924 0.0135359 0.0162993 0.0185447 0.0199323 0.0203684 0.0199425 0.0188001 0.0170468 0.0147768 0.0121456 0.00939555 0.00680287 0.00459337 0.00288565 0.00168404 0.0009121 0.000458061 0.000213099 9.16199e-05 3.62236e-05 1.25751e-05 0 0 0 0 0 0 0 0 0 0 0 0 0 0 0 0 0 0 0 0 0 0 0 0 0 0 0 0 0 0 0 0 0 0 0 0 0 0 0 0 0 0 0 0 0 0 0 0
0 0 0 0 0 0 0 0 0 0 0 0 0 0 0 0 0 0 0 0 0 0 0 0 0 0 0 0 0 0 0 0 0 0 0 0 0 0 0 0 0 0 0 0 0 0 0 0 0 0 0 0 0 0 0 0 0 0 1.02561e-05 2.32637e-05 5.02643e-05 0.000100897 0.000191347 0.000346394 0.000607096 0.00103804 0.00172814 0.00277411 0.00423601 0.00609257 0.00820252 0.0103247 0.0121792 0.0135447 0.0142946 0.0144393 0.0141096 0.0136532 0.0137633 0.0153505 0.0187681 0.0234522 0.0284644 0.0329691 0.0364288 0.0385816 0.0392889 0.0384016 0.035806 0.0316009 0.0262145 0.0203383 0.0147086 0.0098959 0.00618651 0.00359103 0.00193421 0.000966236 0.00044735 0.000191912 7.59874e-05 2.7541e-05 8.86614e-06 0 0 0 0 0 0 0 0 0 0 0 0 0 0 0 0 0 0 0 0 0 0 0 0 0 0 0 0 0 0 0 0 0 0 0 0 0 0 0 0 0 0 0 0 0 0 0
0 0 0 0 0 0 0 0 0 0 0 0 0 0 0 0 0 0 0 0 0 0 0 0 0 0 0 0 0 0 0 0 0 0 0 0 0 0 0 0 0 0 0 0 0 0 0 0 0 0 0 0 0 0 0 0 0 0 2.36292e-05 5.35045e-05 0.000113311 0.000225472 0.000423352 0.000756894 0.00130538 0.00219156 0.00359061 0.00569738 0.00862626 0.0123247 0.0164936 0.0206181 0.0240989 0.0264395 0.0274125 0.0270882 0.0258358 0.0243201 0.0237385 0.0256266 0.0307427 0.0383829 0.047225 0.0561123 0.0641727 0.0706202 0.0745293 0.0749193 0.0711746 0.0634677 0.0528657 0.0410064 0.0295701 0.0198048 0.0123136 0.0071058 0.00380467 0.00188967 0.000870183 0.000371432 0.00014686 5.35332e-05 1.78741e-05 0 0 0 0 0 0 0 0 0 0 0 0 0 0 0 0 0 0 0 0 0 0 0 0 0 0 0 0 0 0 0 0 0 0 0 0 0 0 0 0 0 0 0 0 0 0 0
0 0 0 0 0 0 0 0 0 0 0 0 0 0 0 0 0 0 0 0 0 0 0 0 0 0 0 0 0 0 0 0 0 0 0 0 0 0 0 0 0 0 0 0 0 0 0 0 0 0 0 0 0 0 0 0 0 2.10031e-05 4.99898e-05 0.00011192 0.000235322 0.000464878 0.000865599 0.00153101 0.00260168 0.00429235 0.00691725 0.0108228 0.0162327 0.0230418 0.0306768 0.0381386 0.0442681 0.0480933 0.0491851 0.0477564 0.0445773 0.0409227 0.0387376 0.0405285 0.0477735 0.0598369 0.0751166 0.0921011 0.10924 0.124443 0.135011 0.138313 0.132859 0.119077 0.0992759 0.0768638 0.0552229 0.0368062 0.0227567 0.013053 0.00694546 0.00342852 0.00156958 0.000666274 0.000262106 9.55086e-05 3.16837e-05 9.20312e-06 0 0 0 0 0 0 0 0 0 0 0 0 0 0 0 0 0 0 0 0 0 0 0 0 0 0 0 0 0 0 0 0 0 0 0 0 0 0 0 0 0 0 0 0 0 0
0 0 0 0 0 0 0 0 0 0 0 0 0 0 0 0 0 0 0 0 0 0 0 0 0 0 0 0 0 0 0 0 0 0 0 0 0 0 0 0 0 0 0 0 0 0 0 0 0 0 0 0 0 0 0 0 0 4.14108e-05 9.75481e-05 0.000216385 0.000451547 0.000885825 0.00163691 0.00286572 0.0048002 0.00778991 0.0123401 0.0190408 0.028267 0.0398451 0.0527828 0.0653354 0.0754324 0.0813682 0.0823831 0.0789028 0.0723787 0.0650447 0.0599642 0.061001 0.0708695 0.0894701 0.115148 0.145904 0.178793 0.209188 0.231255 0.239647 0.231552 0.207932 0.173226 0.133774 0.0957383 0.0635035 0.0390477 0.0222641 0.0117737 0.00577468 0.00262733 0.00110863 0.00043369 0.000157224 5.27952e-05 1.5968e-05 0 0 0 0 0 0 0 0 0 0 0 0 0 0 0 0 0 0 0 0 0 0 0 0 0 0 0 0 0 0 0 0 0 0 0 0 0 0 0 0 0 0 0 0 0 0
0 0 0 0 0 0 0 0 0 0 0 0 0 0 0 0 0 0 0 0 0 0 0 0 0 0 0 0 0 0 0 0 0 0 0 0 0 0 0 0 0 0 0 0 0 0 0 0 0 0 0 0 0 0 0 0 0 7.56254e-05 0.000176084 0.000386966 0.000801083 0.00156037 0.00286015 0.00495942 0.00820567 0.0131109 0.0204233 0.0310302 0.0455462 0.0637145 0.0839705 0.103526 0.119045 0.127755 0.128433 0.121808 0.110309 0.0975314 0.0881039 0.0876273 0.100765 0.128653 0.169931 0.22174 0.278684 0.3321 0.371435 0.387397 0.375354 0.337151 0.280466 0.215998 0.154013 0.101697 0.0622112 0.0352698 0.0185382 0.00903612 0.00408497 0.00171262 0.000665931 0.000240053 8.01896e-05 2.41817e-05 0 0 0 0 0 0 0 0 0 0 0 0 0 0 0 0 0 0 0 0 0 0 0 0 0 0 0 0 0 0 0 0 0 0 0 0 0 0 0 0 0 0 0 0 0 0
0 0 0 0 0 0 0 0 0 0 0 0 0 0 0 0 0 0 0 0 0 0 0 0 0 0 0 0 0 0 0 0 0 0 0 0 0 0 0 0 0 0 0 0 0 0 0 0 0 0 0 0 0 0 0 0 0 0.000127869 0.000294379 0.000640574 0.00131456 0.00253997 0.00462007 0.00794189 0.0129936 0.0204578 0.0313461 0.0468912 0.0679942 0.0943245 0.123629 0.151829 0.174005 0.186046 0.18613 0.175382 0.157473 0.137744 0.122715 0.12014 0.137306 0.177504 0.23988 0.320269 0.409693 0.493953 0.556246 0.582124 0.564634 0.506913 0.420992 0.323396 0.229824 0.151147 0.092031 0.0519025 0.0271247 0.0131406 0.00590294 0.00245914 0.000949909 0.000340325 0.00011303 3.47864e-05 8.6177e-06 0 0 0 0 0 0 0 0 0 0 0 0 0 0 0 0 0 0 0 0 0 0 0 0 0 0 0 0 0 0 0 0 0 0 0 0 0 0 0 0 0 0 0 0 0
0 0 0 0 0 0 0 0 0 0 0 0 0 0 0 0 0 0 0 0 0 0 0 0 0 0 0 0 0 0 0 0 0 0 0 0 0 0 0 0 0 0 0 0 0 0 0 0 0 0 0 0 0 0 0 0 0 0.000200494 0.000456147 0.000981623 0.00199527 0.00382372 0.00690413 0.0117741 0.0190598 0.0296151 0.044674 0.0657999 0.0941985 0.129484 0.168697 0.206347 0.235777 0.251392 0.25072 0.235328 0.210321 0.18299 0.161906 0.157084 0.17889 0.233601 0.321247 0.435815 0.563893 0.684702 0.77402 0.811413 0.787238 0.706227 0.585612 0.448862 0.318084 0.208473 0.12642 0.0709657 0.0368929 0.0177706 0.00793399 0.00328424 0.0012606 0.000448547 0.000148045 4.5294e-05 1.22991e-05 0 0 0 0 0 0 0 0 0 0 0 0 0 0 0 0 0 0 0 0 0 0 0 0 0 0 0 0 0 0 0 0 0 0 0 0 0 0 0 0 0 0 0 0 0
0 0 0 0 0 0 0 0 0 0 0 0 0 0 0 0 0 0 0 0 0 0 0 0 0 0 0 0 0 0 0 0 0 0 0 0 0 0 0 0 0 0 0 0 0 0 0 0 0 0 0 0 0 0 0 0 0 0.000291702 0.000655345 0.00139376 0.00280378 0.00532473 0.00955665 0.0161576 0.0259188 0.0398052 0.0592054 0.0859238 0.121431 0.165312 0.213974 0.260611 0.296922 0.3159 0.314475 0.294694 0.263082 0.228846 0.202426 0.195746 0.222181 0.291589 0.405285 0.555284 0.723418 0.88197 0.999111 1.04819 1.01685 0.911516 0.754865 0.577553 0.408338 0.266866 0.161278 0.0901714 0.0466625 0.02236 0.00992614 0.00408373 0.00155748 0.000550292 0.000180442 5.48539e-05 1.51573e-05 0 0 0 0 0 0 0 0 0 0 0 0 0 0 0 0 0 0 0 0 0 0 0 0 0 0 0 0 0 0 0 0 0 0 0 0 0 0 0 0 0 0 0 0 0
0 0 0 0 0 0 0 0 0 0 0 0 0 0 0 0 0 0 0 0 0 0 0 0 0 0 0 0 0 0 0 0 0 0 0 0 0 0 0 0 0 0 0 0 0 0 0 0 0 0 0 0 0 0 0 0 0.000405451 0.000692761 0.00115613 0.00206771 0.0038223 0.00701434 0.0123294 0.0206093 0.0327505 0.0497868 0.0731739 0.104808 0.146319 0.19728 0.253631 0.30754 0.349409 0.371135 0.369211 0.346146 0.309712 0.270656 0.240724 0.232896 0.262803 0.344061 0.479794 0.660366 0.863239 1.05454 1.19574 1.25478 1.21695 1.09018 0.901915 0.689116 0.486351 0.317138 0.191137 0.106513 0.0549047 0.0261916 0.0115678 0.00473222 0.00179377 0.000630193 0.000204957 6.18926e-05 1.69334e-05 0 0 0 0 0 0 0 0 0 0 0 0 0 0 0 0 0 0 0 0 0 0 0 0 0 0 0 0 0 0 0 0 0 0 0 0 0 0 0 0 0 0 0 0 0
0 0 0 0 0 0 0 0 0 0 0 0 0 0 0 0 0 0 0 0 0 0 0 0 0 0 0 0 0 0 0 0 0 0 0 0 0 0 0 0 0 0 0 0 0 0 0 0 0 0 0 0 0 0 0.000453056 0.000712438 0.00105069 0.00153996 0.0021972 0.00326628 0.00526073 0.00886329 0.0149847 0.0245841 0.0386604 0.0582529 0.0848094 0.120236 0.166181 0.222166 0.283829 0.342718 0.388435 0.412226 0.410395 0.385845 0.347198 0.306145 0.274869 0.266284 0.297025 0.384023 0.532778 0.732712 0.958089 1.17071 1.32752 1.39281 1.35033 1.20902 0.999492 0.762918 0.537746 0.350075 0.210549 0.117027 0.0601332 0.0285785 0.0125668 0.00511515 0.00192811 0.00067326 0.00021777 6.51727e-05 1.7652e-05 0 0 0 0 0 0 0 0 0 0 0 0 0 0 0 0 0 0 0 0 0 0 0 0 0 0 0 0 0 0 0 0 0 0 0 0 0 0 0 0 0 0 0 0 0
0 0 0 0 0 0 0 0 0 0 0 0 0 0 0 0 0 0 0 0 0 0 0 0 0 0 0 0 0 0 0 0 0 0 0 0 0 0 0 0 0 0 0 0 0 0 0 0 0 0 0 0 0.0003713 0.000665752 0.00111167 0.00173277 0.00252901 0.00351651 0.00465893 0.00606017 0.00816442 0.0117149 0.017943 0.0281236 0.0432735 0.0645425 0.0933594 0.131562 0.180731 0.240272 0.30562 0.36797 0.416553 0.442342 0.441586 0.417439 0.378947 0.338036 0.306546 0.296364 0.323774 0.407911 0.556933 0.760324 0.990893 1.20872 1.3692 1.43554 1.39098 1.24479 1.0285 0.784536 0.552498 0.359274 0.215759 0.119696 0.0613602 0.0290756 0.0127379 0.00516283 0.00193651 0.000672473 0.000216264 6.41435e-05 1.77147e-05 0 0 0 0 0 0 0 0 0 0 0 0 0 0 0 0 0 0 0 0 0 0 0 0 0 0 0 0 0 0 0 0 0 0 0 0 0 0 0 0 0 0 0 0 0
0 0 0 0 0 0 0 0 0 0 0 0 0 0 0 0 0 0 0 0 0 0 0 0 0 0 0 0 0 0 0 0 0 0 0 0 0 0 0 0 0 0 0 0 0 0 0 0 0 0 0 0.000446888 0.000856686 0.00152642 0.00253088 0.00391273 0.00565582 0.0076963 0.00989082 0.0121869 0.0146523 0.0178835 0.023334 0.0327112 0.0477501 0.069778 0.100298 0.141165 0.193856 0.257564 0.327398 0.394168 0.446689 0.475624 0.477097 0.454294 0.416366 0.375159 0.34194 0.327355 0.346172 0.417868 0.552961 0.742248 0.959017 1.16442 1.31554 1.37711 1.33305 1.19218 0.984539 0.750644 0.528336 0.343314 0.205977 0.114122 0.058404 0.0276151 0.0120677 0.00487552 0.00181993 0.000629021 0.000201302 5.96244e-05 1.63123e-05 0 0 0 0 0 0 0 0 0 0 0 0 0 0 0 0 0 0 0 0 0 0 0 0 0 0 0 0 0 0 0 0 0 0 0 0 0 0 0 0 0 0 0 0 0
0 0 0 0 0 0 0 0 0 0 0 0 0 0 0 0 0 0 0 0 0 0 0 0 0 0 0 0 0 0 0 0 0 0 0 0 0 0 0 0 0 0 0 0 0 0 0 0 0 0.000213044 0.000469333 0.000962035 0.00183299 0.00324608 0.00534691 0.00820459 0.0117551 0.015789 0.0199551 0.0239342 0.0274589 0.0308382 0.035031 0.0423803 0.0557848 0.0777559 0.110297 0.155448 0.214597 0.286526 0.365552 0.441389 0.501694 0.536138 0.540256 0.517224 0.476556 0.430563 0.390682 0.366829 0.371511 0.422089 0.530263 0.689404 0.875287 1.05261 1.18276 1.23419 1.19251 1.06532 0.8792 0.67003 0.471435 0.306217 0.183626 0.101667 0.0519779 0.0245448 0.0107075 0.00431671 0.0016091 0.00055248 0.0001761 5.21739e-05 1.3832e-05 0 0 0 0 0 0 0 0 0 0 0 0 0 0 0 0 0 0 0 0 0 0 0 0 0 0 0 0 0 0 0 0 0 0 0 0 0 0 0 0 0 0 0 0 0
0 0 0 0 0 0 0 0 0 0 0 0 0 0 0 0 0 0 0 0 0 0 0 0 0 0 0 0 0 0 0 0 0 0 0 0 0 0 0 0 0 0 0 0 0 0 0 0 0.000186202 0.00043372 0.000945617 0.00192287 0.00363935 0.00640571 0.0104863 0.0159809 0.0227149 0.0301948 0.0377292 0.0444753 0.0499008 0.0538317 0.0571239 0.0621136 0.0729679 0.0944569 0.130376 0.183501 0.255152 0.343235 0.440246 0.533356 0.607439 0.649901 0.655221 0.626948 0.576152 0.517139 0.462969 0.423748 0.4094 0.432827 0.504567 0.621358 0.763647 0.901534 1.0024 1.03968 1.00107 0.892521 0.735806 0.560466 0.394267 0.256092 0.153575 0.0850331 0.043474 0.0205271 0.00895376 0.00360934 0.00134585 0.000465024 0.000146682 4.39778e-05 1.21322e-05 0 0 0 0 0 0 0 0 0 0 0 0 0 0 0 0 0 0 0 0 0 0 0 0 0 0 0 0 0 0 0 0 0 0 0 0 0 0 0 0 0 0 0 0 0
0 0 0 0 0 0 0 0 0 0 0 0 0 0 0 0 0 0 0 0 0 0 0 0 0 0 0 0 0 0 0 0 0 0 0 0 0 0 0 0 0 0 0 0 0 0 0 0 0.00036141 0.000825885 0.00177592 0.00357492 0.00671371 0.0117404 0.0191032 0.028943 0.0408508 0.0538485 0.066544 0.0774441 0.0854112 0.0901458 0.0925177 0.0952515 0.103608 0.12499 0.166475 0.232738 0.325192 0.440059 0.566483 0.687001 0.781599 0.833954 0.837192 0.796196 0.725437 0.643331 0.56623 0.505377 0.468269 0.46209 0.493226 0.56085 0.651983 0.743964 0.81102 0.831752 0.795836 0.707176 0.582125 0.443252 0.31195 0.202825 0.121817 0.0675781 0.034632 0.0164 0.0071806 0.00290989 0.00109416 0.000383793 0.00012735 3.78921e-05 1.09154e-05 0 0 0 0 0 0 0 0 0 0 0 0 0 0 0 0 0 0 0 0 0 0 0 0 0 0 0 0 0 0 0 0 0 0 0 0 0 0 0 0 0 0 0 0 0
0 0 0 0 0 0 0 0 0 0 0 0 0 0 0 0 0 0 0 0 0 0 0 0 0 0 0 0 0 0 0 0 0 0 0 0 0 0 0 0 0 0 0 0 0 0 0 0.000283817 0.000663326 0.00147845 0.0031209 0.00619936 0.0115305 0.0200151 0.0323861 0.0487662 0.0684085 0.0895285 0.109651 0.126175 0.137275 0.142524 0.143362 0.143491 0.149611 0.171797 0.22128 0.306071 0.428036 0.58086 0.748496 0.90658 1.02803 1.09146 1.08853 1.02668 0.925821 0.810633 0.702358 0.614189 0.551664 0.516338 0.508657 0.527249 0.565456 0.609556 0.641499 0.644827 0.610505 0.539942 0.44402 0.338589 0.239076 0.156193 0.0943903 0.0527662 0.0272938 0.0130718 0.00580645 0.0023998 0.000929775 0.000343333 0.000124576 4.615e-05 0 0 0 0 0 0 0 0 0 0 0 0 0 0 0 0 0 0 0 0 0 0 0 0 0 0 0 0 0 0 0 0 0 0 0 0 0 0 0 0 0 0 0 0 0 0
0 0 0 0 0 0 0 0 0 0 0 0 0 0 0 0 0 0 0 0 0 0 0 0 0 0 0 0 0 0 0 0 0 0 0 0 0 0 0 0 0 0 0 0 0 0 0.000218412 0.00051321 0.00115766 0.0025026 0.00515791 0.0100676 0.0185068 0.0318442 0.0511598 0.0766154 0.106904 0.139093 0.169126 0.192841 0.207444 0.212545 0.21072 0.207521 0.21166 0.235787 0.295423 0.403065 0.561745 0.761914 0.980685 1.18464 1.33784 1.41273 1.39956 1.30949 1.16967 1.01287 0.86653 0.746419 0.656581 0.593797 0.552806 0.529445 0.520323 0.519974 0.518877 0.505603 0.471724 0.415672 0.342955 0.263673 0.188378 0.124897 0.0767978 0.0438063 0.0231941 0.0114193 0.00524884 0.00227348 0.000945252 0.00038932 0.000163982 7.11139e-05 2.6342e-05 0 0 0 0 0 0 0 0 0 0 0 0 0 0 0 0 0 0 0 0 0 0 0 0 0 0 0 0 0 0 0 0 0 0 0 0 0 0 0 0 0 0 0 0 0
0 0 0 0 0 0 0 0 0 0 0 0 0 0 0 0 0 0 0 0 0 0 0 0 0 0 0 0 0 0 0 0 0 0 0 0 0 0 0 0 0 0 0 0 0 0 0.000389715 0.000885676 0.00192755 0.00402701 0.00806269 0.015405 0.0278529 0.047403 0.0755897 0.11259 0.156407 0.202627 0.245083 0.277582 0.296027 0.300214 0.294501 0.287241 0.289832 0.317183 0.388457 0.521239 0.720694 0.973859 1.24977 1.50451 1.69192 1.7777 1.75085 1.62711 1.44209 1.23776 1.04856 0.893258 0.774819 0.68622 0.617792 0.562588 0.518028 0.483713 0.457001 0.431009 0.397438 0.351368 0.293676 0.230097 0.168179 0.114388 0.0723324 0.0425324 0.0233017 0.011951 0.00579492 0.00270912 0.00125621 0.000592556 0.000284232 0.000127569 5.894e-05 0 0 0 0 0 0 0 0 0 0 0 0 0 0 0 0 0 0 0 0 0 0 0 0 0 0 0 0 0 0 0 0 0 0 0 0 0 0 0 0 0 0 0 0 0
0 0 0 0 0 0 0 0 0 0 0 0 0 0 0 0 0 0 0 0 0 0 0 0 0 0 0 0 0 0 0 0 0 0 0 0 0 0 0 0 0 0 0 0 0 0.000281425 0.000657377 0.00145322 0.00306127 0.00617952 0.0119979 0.0223049 0.0395405 0.0663942 0.104965 0.155511 0.215288 0.278154 0.335464 0.378494 0.401517 0.404508 0.394114 0.38233 0.383797 0.415257 0.498425 0.655868 0.895898 1.20254 1.53639 1.84235 2.06368 2.15918 2.11685 1.95728 1.7248 1.47069 1.23647 1.04418 0.896316 0.783055 0.691662 0.613446 0.546197 0.491967 0.451519 0.419859 0.387521 0.346529 0.294689 0.235626 0.176063 0.122615 0.0795681 0.0482057 0.027411 0.014778 0.00768721 0.00395121 0.0020445 0.00106346 0.000545082 0.000264528 0.000123541 5.38841e-05 0 0 0 0 0 0 0 0 0 0 0 0 0 0 0 0 0 0 0 0 0 0 0 0 0 0 0 0 0 0 0 0 0 0 0 0 0 0 0 0 0 0 0 0
0 0 0 0 0 0 0 0 0 0 0 0 0 0 0 0 0 0 0 0 0 0 0 0 0 0 0 0 0 0 0 0 0 0 0 0 0 0 0 0 0 0 0 0 0 0.000453358 0.0010419 0.00225396 0.00462073 0.00905754 0.0170122 0.0307311 0.0532578 0.0880357 0.137837 0.203158 0.280612 0.362282 0.436819 0.492584 0.521852 0.524549 0.509677 0.493215 0.493295 0.528231 0.621359 0.799638 1.07517 1.4299 1.81656 2.16947 2.42189 2.52621 2.46948 2.27662 1.99969 1.69816 1.41992 1.19043 1.01269 0.875448 0.764138 0.669164 0.588744 0.525974 0.482047 0.450708 0.420154 0.380266 0.327669 0.26583 0.201972 0.143521 0.0955451 0.0598818 0.0356527 0.0204538 0.0115051 0.00643244 0.00357945 0.00195558 0.00102405 0.000511741 0.000239917 0.00010481 0 0 0 0 0 0 0 0 0 0 0 0 0 0 0 0 0 0 0 0 0 0 0 0 0 0 0 0 0 0 0 0 0 0 0 0 0 0 0 0 0 0 0 0
0 0 0 0 0 0 0 0 0 0 0 0 0 0 0 0 0 0 0 0 0 0 0 0 0 0 0 0 0 0 0 0 0 0 0 0 0 0 0 0 0 0 0 0 0 0.000679905 0.00154364 0.003285 0.00660893 0.0126012 0.0229963 0.0403927 0.0683784 0.111149 0.172297 0.252802 0.34891 0.451105 0.545318 0.616746 0.655253 0.660237 0.642517 0.621501 0.618591 0.653818 0.751919 0.943476 1.24442 1.63577 2.06406 2.45493 2.73339 2.84646 2.78003 2.56194 2.24959 1.90837 1.59106 1.32651 1.11949 0.959041 0.830049 0.722586 0.635106 0.570659 0.528948 0.500978 0.472546 0.432405 0.377055 0.310383 0.240321 0.175083 0.12044 0.078754 0.0494397 0.0301649 0.0180761 0.0106721 0.00616461 0.00343666 0.00182849 0.000917213 0.000430207 0.000188008 0 0 0 0 0 0 0 0 0 0 0 0 0 0 0 0 0 0 0 0 0 0 0 0 0 0 0 0 0 0 0 0 0 0 0 0 0 0 0 0 0 0 0 0
0 0 0 0 0 0 0 0 0 0 0 0 0 0 0 0 0 0 0 0 0 0 0 0 0 0 0 0 0 0 0 0 0 0 0 0 0 0 0 0 0 0 0 0 0.000391773 0.000946669 0.00212959 0.00447639 0.00887238 0.0165751 0.0295369 0.0506192 0.083849 0.134155 0.206102 0.301469 0.416526 0.540503 0.656787 0.747344 0.799281 0.810785 0.793387 0.768512 0.759959 0.789844 0.884848 1.07856 1.39022 1.80106 2.25398 2.66913 2.96618 3.08837 3.02001 2.78959 2.45653 2.08888 1.74229 1.44871 1.2158 1.03447 0.890342 0.773722 0.683092 0.620694 0.583891 0.560863 0.535604 0.496223 0.439133 0.368373 0.2922 0.219407 0.156551 0.106804 0.0702363 0.0448893 0.0280179 0.0170543 0.0100448 0.00565823 0.003024 0.00151877 0.000712526 0.000311082 0.000126031 0 0 0 0 0 0 0 0 0 0 0 0 0 0 0 0 0 0 0 0 0 0 0 0 0 0 0 0 0 0 0 0 0 0 0 0 0 0 0 0 0 0 0
0 0 0 0 0 0 0 0 0 0 0 0 0 0 0 0 0 0 0 0 0 0 0 0 0 0 0 0 0 0 0 0 0 0 0 0 0 0 0 0 0 0 0 0 0.000508246 0.00122155 0.00272863 0.00571271 0.0111475 0.0205068 0.035876 0.0602864 0.0980977 0.154954 0.236515 0.345666 0.479109 0.625253 0.765296 0.87819 0.948135 0.971435 0.958894 0.93204 0.915612 0.933817 1.01599 1.19833 1.50269 1.91157 2.36728 2.78871 3.09396 3.2246 3.16304 2.93576 2.60041 2.22408 1.86311 1.55182 1.30109 1.10459 0.949669 0.827506 0.736775 0.678678 0.648246 0.63132 0.610593 0.573558 0.516128 0.441938 0.359273 0.277533 0.204356 0.144161 0.098034 0.0646155 0.0413573 0.025624 0.0152505 0.00864644 0.00462365 0.00232213 0.00108868 0.000474796 0.000192157 0 0 0 0 0 0 0 0 0 0 0 0 0 0 0 0 0 0 0 0 0 0 0 0 0 0 0 0 0 0 0 0 0 0 0 0 0 0 0 0 0 0 0
0 0 0 0 0 0 0 0 0 0 0 0 0 0 0 0 0 0 0 0 0 0 0 0 0 0 0 0 0 0 0 0 0 0 0 0 0 0 0 0 0 0 0 0 0.000609666 0.0014592 0.00324151 0.00675718 0.0130681 0.0237688 0.0410254 0.067957 0.109182 0.171028 0.260313 0.38121 0.531182 0.698285 0.862111 0.999136 1.0909 1.13129 1.12899 1.10367 1.07919 1.08112 1.14155 1.29886 1.5769 1.96044 2.39454 2.80123 3.10142 3.23743 3.18975 2.98042 2.6618 2.29676 1.94007 1.62712 1.37146 1.16951 1.01075 0.887936 0.800373 0.748448 0.725268 0.714935 0.699141 0.664648 0.606611 0.528137 0.437612 0.345253 0.260057 0.187831 0.130727 0.0879818 0.0572564 0.0358821 0.0215007 0.0122228 0.00654659 0.00327872 0.00153523 0.000668624 0.000270249 0 0 0 0 0 0 0 0 0 0 0 0 0 0 0 0 0 0 0 0 0 0 0 0 0 0 0 0 0 0 0 0 0 0 0 0 0 0 0 0 0 0 0
0 0 0 0 0 0 0 0 0 0 0 0 0 0 0 0 0 0 0 0 0 0 0 0 0 0 0 0 0 0 0 0 0 0 0 0 0 0 0 0 0 0 0 0 0.000675967 0.00161261 0.00360767 0.00742773 0.0142729 0.025755 0.0440488 0.0722991 0.11533 0.180101 0.274529 0.404077 0.567154 0.751965 0.937309 1.09806 1.2136 1.27519 1.28833 1.26912 1.23892 1.22331 1.25614 1.37724 1.61195 1.9484 2.33733 2.70815 2.98862 3.12445 3.09449 2.91469 2.62941 2.29466 1.96144 1.66468 1.41929 1.22377 1.06989 0.952492 0.87191 0.827962 0.812251 0.807668 0.795289 0.761385 0.700697 0.61618 0.516629 0.413214 0.316096 0.23217 0.164343 0.112308 0.0739697 0.0467217 0.0281104 0.0159977 0.00856341 0.00429058 0.0019988 0.000869035 0.000350707 0 0 0 0 0 0 0 0 0 0 0 0 0 0 0 0 0 0 0 0 0 0 0 0 0 0 0 0 0 0 0 0 0 0 0 0 0 0 0 0 0 0 0
0 0 0 0 0 0 0 0 0 0 0 0 0 0 0 0 0 0 0 0 0 0 0 0 0 0 0 0 0 0 0 0 0 0 0 0 0 0 0 0 0 0 0 0 0.000692894 0.00164902 0.00369979 0.00759311 0.0145322 0.0260991 0.0444215 0.0726312 0.115721 0.18118 0.277854 0.412304 0.583924 0.781558 0.984077 1.16572 1.30441 1.3889 1.42086 1.41187 1.37963 1.34829 1.35174 1.42986 1.6091 1.88194 2.20721 2.52489 2.77275 2.90214 2.89088 2.74803 2.50819 2.21863 1.92484 1.65954 1.43768 1.25928 1.11855 1.01264 0.942862 0.908351 0.899434 0.898368 0.886242 0.849607 0.783574 0.691632 0.583282 0.470397 0.363722 0.270529 0.194008 0.134133 0.0891169 0.0565816 0.0341125 0.0194108 0.0103728 0.00518554 0.00240368 0.00104292 0.00042008 0 0 0 0 0 0 0 0 0 0 0 0 0 0 0 0 0 0 0 0 0 0 0 0 0 0 0 0 0 0 0 0 0 0 0 0 0 0 0 0 0 0 0
0 0 0 0 0 0 0 0 0 0 0 0 0 0 0 0 0 0 0 0 0 0 0 0 0 0 0 0 0 0 0 0 0 0 0 0 0 0 0 0 0 0 0 0 0.00065726 0.00156227 0.00353132 0.00724055 0.0138425 0.0248389 0.0422941 0.069305 0.11104 0.175385 0.271804 0.407637 0.583179 0.78821 1.00236 1.20008 1.35847 1.46403 1.51473 1.51766 1.48653 1.44284 1.41868 1.45229 1.57069 1.77159 2.02339 2.2784 2.48616 2.60501 2.61241 2.51025 2.32269 2.08712 1.8423 1.61746 1.42689 1.27212 1.15006 1.06011 1.00399 0.979625 0.976083 0.975525 0.959907 0.917012 0.843301 0.743492 0.627883 0.508593 0.396152 0.297434 0.2154 0.150172 0.100335 0.0638713 0.0385088 0.0218746 0.0116565 0.00580895 0.00269928 0.00115622 0.000464672 0 0 0 0 0 0 0 0 0 0 0 0 0 0 0 0 0 0 0 0 0 0 0 0 0 0 0 0 0 0 0 0 0 0 0 0 0 0 0 0 0 0 0
0 0 0 0 0 0 0 0 0 0 0 0 0 0 0 0 0 0 0 0 0 0 0 0 0 0 0 0 0 0 0 0 0 0 0 0 0 0 0 0 0 0 0 0 0.00057866 0.00137632 0.00315587 0.0064874 0.012444 0.0224591 0.0384985 0.0637333 0.103481 0.165852 0.260567 0.39534 0.571152 0.778812 0.998987 1.20672 1.37871 1.49976 1.56493 1.57779 1.54863 1.49588 1.44828 1.44091 1.50066 1.63067 1.80949 2.00211 2.16991 2.27854 2.30528 2.24513 2.11176 1.93247 1.73861 1.55561 1.39721 1.26701 1.16505 1.09266 1.05122 1.03675 1.0369 1.03404 1.01165 0.959659 0.876682 0.769147 0.648132 0.525545 0.411017 0.310418 0.22616 0.158387 0.106046 0.0674827 0.0405921 0.0229752 0.0121903 0.00604824 0.00279852 0.00118499 0.000474937 0 0 0 0 0 0 0 0 0 0 0 0 0 0 0 0 0 0 0 0 0 0 0 0 0 0 0 0 0 0 0 0 0 0 0 0 0 0 0 0 0 0 0
0 0 0 0 0 0 0 0 0 0 0 0 0 0 0 0 0 0 0 0 0 0 0 0 0 0 0 0 0 0 0 0 0 0 0 0 0 0 0 0 0 0 0 0 0.000476178 0.00113727 0.00267412 0.00554366 0.0107833 0.0196951 0.034315 0.0579073 0.0959196 0.156476 0.249182 0.381768 0.555617 0.762372 0.983626 1.19496 1.37284 1.50096 1.57272 1.58985 1.56065 1.50086 1.43531 1.39487 1.4052 1.47418 1.59005 1.72947 1.86469 1.96774 2.01573 1.9972 1.91604 1.78981 1.64269 1.49657 1.36542 1.25573 1.17105 1.11448 1.08654 1.08087 1.08338 1.07652 1.0455 0.982849 0.889807 0.77472 0.649401 0.525313 0.410854 0.310705 0.226617 0.15865 0.105983 0.0671715 0.0401917 0.0226119 0.0119217 0.00587885 0.00270453 0.00112376 0.000448893 0 0 0 0 0 0 0 0 0 0 0 0 0 0 0 0 0 0 0 0 0 0 0 0 0 0 0 0 0 0 0 0 0 0 0 0 0 0 0 0 0 0 0
0 0 0 0 0 0 0 0 0 0 0 0 0 0 0 0 0 0 0 0 0 0 0 0 0 0 0 0 0 0 0 0 0 0 0 0 0 0 0 0 0 0 0 0 0 0.000971871 0.00219767 0.00468914 0.00926997 0.0173229 0.0309481 0.0535484 0.0906154 0.150073 0.241155 0.371326 0.542093 0.745566 0.963902 1.17293 1.34882 1.47468 1.54349 1.55701 1.52346 1.45721 1.37963 1.317 1.29252 1.31694 1.38643 1.48766 1.60183 1.70617 1.77736 1.79839 1.76453 1.68461 1.57631 1.45871 1.34674 1.2504 1.17703 1.1317 1.11417 1.11564 1.11992 1.10903 1.06955 0.996395 0.893425 0.770877 0.641295 0.515697 0.40146 0.302284 0.219378 0.152626 0.101195 0.0635936 0.037706 0.0210218 0.0109832 0.00537055 0.00245134 0.00098722 0.000392751 0 0 0 0 0 0 0 0 0 0 0 0 0 0 0 0 0 0 0 0 0 0 0 0 0 0 0 0 0 0 0 0 0 0 0 0 0 0 0 0 0 0 0
0 0 0 0 0 0 0 0 0 0 0 0 0 0 0 0 0 0 0 0 0 0 0 0 0 0 0 0 0 0 0 0 0 0 0 0 0 0 0 0 0 0 0 0 0 0.000780287 0.00187423 0.00405318 0.00823449 0.0158278 0.0290503 0.0514164 0.0883703 0.147507 0.237538 0.365469 0.53262 0.731183 0.94347 1.14526 1.31242 1.42781 1.48494 1.4871 1.4443 1.3713 1.28726 1.2142 1.17171 1.17092 1.21322 1.29288 1.39811 1.50997 1.60481 1.66127 1.66777 1.62576 1.54734 1.44931 1.34793 1.25685 1.18737 1.14701 1.13552 1.14208 1.1482 1.13484 1.0891 1.00757 0.89614 0.766627 0.632296 0.504066 0.38883 0.289835 0.207973 0.1429 0.0935019 0.0579707 0.033915 0.018665 0.00963092 0.00465561 0.00210253 0.000885595 0.000318496 0 0 0 0 0 0 0 0 0 0 0 0 0 0 0 0 0 0 0 0 0 0 0 0 0 0 0 0 0 0 0 0 0 0 0 0 0 0 0 0 0 0 0
0 0 0 0 0 0 0 0 0 0 0 0 0 0 0 0 0 0 0 0 0 0 0 0 0 0 0 0 0 0 0 0 0 0 0 0 0 0 0 0 0 0 0 0 0 0.000639633 0.00168804 0.00374713 0.00780934 0.0153637 0.0287512 0.0515743 0.0891935 0.148841 0.238623 0.364873 0.528364 0.720942 0.924763 1.11546 1.26878 1.36778 1.4071 1.39239 1.33668 1.25663 1.17066 1.09723 1.05164 1.04328 1.07587 1.14871 1.25485 1.37809 1.49476 1.5808 1.61968 1.60709 1.55033 1.46415 1.36592 1.27267 1.19969 1.15755 1.14695 1.15594 1.16397 1.15049 1.10211 1.01604 0.899176 0.764325 0.625404 0.49369 0.376259 0.276465 0.195166 0.131754 0.0846522 0.0515385 0.029624 0.0160301 0.00813893 0.00387612 0.00172641 0.000717916 0 0 0 0 0 0 0 0 0 0 0 0 0 0 0 0 0 0 0 0 0 0 0 0 0 0 0 0 0 0 0 0 0 0 0 0 0 0 0 0 0 0 0 0
0 0 0 0 0 0 0 0 0 0 0 0 0 0 0 0 0 0 0 0 0 0 0 0 0 0 0 0 0 0 0 0 0 0 0 0 0 0 0 0 0 0 0 0 0 0.000445837 0.00169136 0.00381686 0.00806928 0.0160567 0.0302699 0.0544441 0.0938904 0.15551 0.246726 0.372912 0.533806 0.720377 0.914271 1.09107 1.22693 1.3058 1.32401 1.28988 1.21974 1.13282 1.04775 0.980193 0.941153 0.937106 0.972168 1.04839 1.16157 1.29717 1.43196 1.54077 1.60414 1.6134 1.57177 1.49166 1.39098 1.28965 1.20688 1.15664 1.14153 1.14947 1.15864 1.14689 1.09973 1.01376 0.895751 0.758694 0.616967 0.482494 0.363037 0.262488 0.18186 0.120285 0.075655 0.045089 0.0253829 0.0134627 0.00670547 0.0031365 0.00137354 0.000562214 0 0 0 0 0 0 0 0 0 0 0 0 0 0 0 0 0 0 0 0 0 0 0 0 0 0 0 0 0 0 0 0 0 0 0 0 0 0 0 0 0 0 0 0
0 0 0 0 0 0 0 0 0 0 0 0 0 0 0 0 0 0 0 0 0 0 0 0 0 0 0 0 0 0 0 0 0 0 0 0 0 0 0 0 0 0 0 0 0 0.000631967 0.00190113 0.00431101 0.00913815 0.0181958 0.0342244 0.0612018 0.104536 0.170884 0.266914 0.396682 0.558246 0.740937 0.925338 1.08701 1.20309 1.25947 1.25488 1.20058 1.11587 1.02232 0.938951 0.879132 0.849952 0.854917 0.897731 0.981612 1.10347 1.24951 1.39726 1.52172 1.60211 1.62681 1.59533 1.51757 1.41117 1.29829 1.20155 1.13831 1.11351 1.11617 1.12422 1.11457 1.07135 0.989705 0.875192 0.740214 0.599246 0.464822 0.345549 0.245958 0.167255 0.108354 0.0666755 0.0388572 0.0213977 0.0111072 0.0054184 0.00248478 0.0010678 0.000323139 0 0 0 0 0 0 0 0 0 0 0 0 0 0 0 0 0 0 0 0 0 0 0 0 0 0 0 0 0 0 0 0 0 0 0 0 0 0 0 0 0 0 0 0
0 0 0 0 0 0 0 0 0 0 0 0 0 0 0 0 0 0 0 0 0 0 0 0 0 0 0 0 0 0 0 0 0 0 0 0 0 0 0 0 0 0 0 0 0 0.000863197 0.00222339 0.00521718 0.0110362 0.0218956 0.0409551 0.0726382 0.122676 0.197651 0.303465 0.442536 0.610541 0.794289 0.972525 1.12043 1.21654 1.2494 1.22105 1.14599 1.04628 0.945447 0.862725 0.80938 0.788937 0.802171 0.852037 0.942099 1.06955 1.22105 1.37503 1.5075 1.59753 1.63171 1.60661 1.52946 1.41699 1.29244 1.18077 1.10189 1.06313 1.05564 1.05876 1.0495 1.0109 0.936195 0.829086 0.700699 0.565107 0.435132 0.319939 0.224475 0.150035 0.0953338 0.0574555 0.032769 0.0176575 0.0089713 0.00428614 0.00192629 0.000811916 0.000269184 0 0 0 0 0 0 0 0 0 0 0 0 0 0 0 0 0 0 0 0 0 0 0 0 0 0 0 0 0 0 0 0 0 0 0 0 0 0 0 0 0 0 0 0
0 0 0 0 0 0 0 0 0 0 0 0 0 0 0 0 0 0 0 0 0 0 0 0 0 0 0 0 0 0 0 0 0 0 0 0 0 0 0 0 0 0 0 0 0.000428307 0.00111977 0.00279832 0.00633116 0.0135229 0.0267519 0.0498326 0.0878446 0.147093 0.234282 0.354626 0.508737 0.689483 0.880497 1.05806 1.19655 1.27579 1.28715 1.23616 1.14047 1.02488 0.914954 0.830619 0.781531 0.767712 0.786671 0.839819 0.930556 1.05659 1.20551 1.35718 1.48901 1.58093 1.6189 1.59752 1.52161 1.40611 1.2737 1.14967 1.05495 0.999014 0.976297 0.969307 0.956616 0.920826 0.853412 0.755926 0.637807 0.512128 0.391396 0.284748 0.197125 0.129698 0.0809647 0.0478722 0.0267657 0.0141282 0.00703282 0.00329315 0.00145129 0.000547223 0.000209984 0 0 0 0 0 0 0 0 0 0 0 0 0 0 0 0 0 0 0 0 0 0 0 0 0 0 0 0 0 0 0 0 0 0 0 0 0 0 0 0 0 0 0 0
0 0 0 0 0 0 0 0 0 0 0 0 0 0 0 0 0 0 0 0 0 0 0 0 0 0 0 0 0 0 0 0 0 0 0 0 0 0 0 0 0 0 0 0 0.000525966 0.00137636 0.00333959 0.00765536 0.0161986 0.0319901 0.0594468 0.104403 0.173837 0.274703 0.411597 0.583377 0.780113 0.982324 1.16389 1.29848 1.36704 1.36333 1.2953 1.18267 1.05217 0.931715 0.843465 0.797027 0.78913 0.81274 0.865978 0.951196 1.06716 1.20368 1.34305 1.46505 1.55135 1.58849 1.57008 1.49864 1.38617 1.2526 1.12117 1.01224 0.937008 0.894167 0.871055 0.849342 0.812249 0.75006 0.66231 0.556434 0.443971 0.336334 0.241963 0.16529 0.107124 0.065776 0.0382105 0.0209717 0.0108576 0.00529547 0.00243514 0.00105306 0.000405775 0.00015362 0 0 0 0 0 0 0 0 0 0 0 0 0 0 0 0 0 0 0 0 0 0 0 0 0 0 0 0 0 0 0 0 0 0 0 0 0 0 0 0 0 0 0 0
0 0 0 0 0 0 0 0 0 0 0 0 0 0 0 0 0 0 0 0 0 0 0 0 0 0 0 0 0 0 0 0 0 0 0 0 0 0 0 0 0 0 0 0 0.000617362 0.00161326 0.00390959 0.00887517 0.0186717 0.0368328 0.0682622 0.119464 0.197958 0.310845 0.46212 0.649098 0.859602 1.07187 1.25845 1.39314 1.4583 1.44916 1.37434 1.25328 1.11286 0.983171 0.890219 0.845961 0.844887 0.874442 0.927523 1.00393 1.1033 1.21877 1.33685 1.4411 1.51618 1.5502 1.53628 1.47415 1.37152 1.24351 1.10968 0.98892 0.893965 0.827749 0.783056 0.745984 0.701808 0.64067 0.560574 0.466836 0.368859 0.276288 0.196205 0.132116 0.0843069 0.0509186 0.0290782 0.0156775 0.00797114 0.0038135 0.00172098 0.000711579 0.000282925 0 0 0 0 0 0 0 0 0 0 0 0 0 0 0 0 0 0 0 0 0 0 0 0 0 0 0 0 0 0 0 0 0 0 0 0 0 0 0 0 0 0 0 0 0
0 0 0 0 0 0 0 0 0 0 0 0 0 0 0 0 0 0 0 0 0 0 0 0 0 0 0 0 0 0 0 0 0 0 0 0 0 0 0 0 0 0 0 0 0.000699747 0.00182215 0.00440034 0.00991335 0.0207669 0.0407304 0.0751298 0.130728 0.215215 0.335499 0.494877 0.689508 0.905965 1.12177 1.3099 1.44579 1.51362 1.50925 1.43972 1.32155 1.17971 1.04565 0.950034 0.909118 0.916601 0.954509 1.00967 1.07809 1.15931 1.25001 1.34211 1.42464 1.48642 1.51753 1.51036 1.46117 1.37226 1.25333 1.12022 0.990658 0.878585 0.78987 0.721491 0.664166 0.606831 0.541211 0.464798 0.380922 0.296467 0.218698 0.152848 0.101218 0.0634855 0.0376807 0.0211313 0.011187 0.00558273 0.00261889 0.0011446 0.000476029 0.000186065 0 0 0 0 0 0 0 0 0 0 0 0 0 0 0 0 0 0 0 0 0 0 0 0 0 0 0 0 0 0 0 0 0 0 0 0 0 0 0 0 0 0 0 0 0
0 0 0 0 0 0 0 0 0 0 0 0 0 0 0 0 0 0 0 0 0 0 0 0 0 0 0 0 0 0 0 0 0 0 0 0 0 0 0 0 0 0 0 0 0.000771395 0.00199871 0.00480062 0.0107136 0.0223236 0.0434422 0.0794053 0.13685 0.223045 0.34416 0.502655 0.694021 0.904861 1.11388 1.29662 1.43165 1.50549 1.51364 1.45964 1.35509 1.22144 1.0906 0.997547 0.963086 0.981128 1.02939 1.08935 1.15318 1.21961 1.28807 1.35588 1.41808 1.46793 1.4973 1.49727 1.46034 1.38396 1.27367 1.14296 1.0091 0.886444 0.781529 0.692909 0.614647 0.540161 0.4647 0.386887 0.308834 0.234903 0.169656 0.116193 0.0754028 0.04635 0.0269596 0.0148147 0.00768663 0.00375528 0.00171326 0.00074258 0.000302725 0.000116031 0 0 0 0 0 0 0 0 0 0 0 0 0 0 0 0 0 0 0 0 0 0 0 0 0 0 0 0 0 0 0 0 0 0 0 0 0 0 0 0 0 0 0 0 0
0 0 0 0 0 0 0 0 0 0 0 0 0 0 0 0 0 0 0 0 0 0 0 0 0 0 0 0 0 0 0 0 0 0 0 0 0 0 0 0 0 0 0 0 0.000825509 0.00212749 0.00507851 0.011252 0.0232024 0.0447262 0.0807756 0.137353 0.220663 0.335669 0.483766 0.660274 0.853065 1.04388 1.21261 1.34224 1.42175 1.44554 1.41267 1.329 1.21204 1.09318 1.01007 0.986632 1.01707 1.07658 1.14328 1.20666 1.26448 1.31786 1.36822 1.41544 1.45639 1.48398 1.488 1.45829 1.38971 1.28604 1.16006 1.02856 0.904769 0.793494 0.6925 0.597527 0.505995 0.417644 0.333802 0.256739 0.189005 0.132626 0.0884775 0.056015 0.0336087 0.0190893 0.0102398 0.00517525 0.00246834 0.00110904 0.000466371 0.000185669 0 0 0 0 0 0 0 0 0 0 0 0 0 0 0 0 0 0 0 0 0 0 0 0 0 0 0 0 0 0 0 0 0 0 0 0 0 0 0 0 0 0 0 0 0 0
0 0 0 0 0 0 0 0 0 0 0 0 0 0 0 0 0 0 0 0 0 0 0 0 0 0 0 0 0 0 0 0 0 0 0 0 0 0 0 0 0 0 0 0 0.000848658 0.00217696 0.00516736 0.0113691 0.0232393 0.0442882 0.0789229 0.132113 0.208588 0.31165 0.441526 0.593713 0.758253 0.921163 1.0678 1.18615 1.26751 1.30497 1.29327 1.23329 1.13891 1.04005 0.974554 0.966786 1.01083 1.08149 1.15622 1.22341 1.27993 1.32735 1.36905 1.4076 1.44191 1.4656 1.46808 1.43891 1.37313 1.27513 1.15779 1.03656 0.921502 0.813742 0.70902 0.603944 0.499129 0.398345 0.306139 0.226057 0.159999 0.108303 0.0699179 0.0429484 0.0250361 0.0138172 0.00720645 0.00354766 0.00164677 0.00071883 0.000291551 0.000112781 0 0 0 0 0 0 0 0 0 0 0 0 0 0 0 0 0 0 0 0 0 0 0 0 0 0 0 0 0 0 0 0 0 0 0 0 0 0 0 0 0 0 0 0 0 0
0 0 0 0 0 0 0 0 0 0 0 0 0 0 0 0 0 0 0 0 0 0 0 0 0 0 0 0 0 0 0 0 0 0 0 0 0 0 0 0 0 0 0 0 0.000827196 0.00211443 0.00499652 0.0109297 0.0221732 0.0418245 0.073612 0.121316 0.188075 0.275452 0.382501 0.505045 0.635641 0.764952 0.88397 0.98544 1.0628 1.10816 1.11329 1.07577 1.00667 0.933436 0.891405 0.902535 0.960441 1.04186 1.12613 1.20177 1.2646 1.31498 1.35594 1.39056 1.41868 1.43494 1.43018 1.39597 1.32982 1.23804 1.13359 1.0292 0.930037 0.832657 0.730758 0.621752 0.508796 0.398695 0.298612 0.213646 0.145993 0.0952784 0.0593261 0.0351838 0.0198389 0.0106107 0.00535528 0.00255686 0.0011502 0.000485998 0.000187772 0 0 0 0 0 0 0 0 0 0 0 0 0 0 0 0 0 0 0 0 0 0 0 0 0 0 0 0 0 0 0 0 0 0 0 0 0 0 0 0 0 0 0 0 0 0 0
0 0 0 0 0 0 0 0 0 0 0 0 0 0 0 0 0 0 0 0 0 0 0 0 0 0 0 0 0 0 0 0 0 0 0 0 0 0 0 0 0 0 0 0 0.000756113 0.00192791 0.0045409 0.0098901 0.0199469 0.0373283 0.0649932 0.105667 0.161062 0.231282 0.314435 0.406706 0.502974 0.598014 0.6877 0.768728 0.836401 0.882637 0.898155 0.87919 0.834902 0.78949 0.773437 0.804293 0.875526 0.967788 1.06394 1.15309 1.22911 1.28959 1.33531 1.36848 1.38961 1.39534 1.37952 1.33729 1.26958 1.18478 1.09527 1.00999 0.92878 0.8441 0.748379 0.639939 0.523714 0.408394 0.3028 0.213268 0.142682 0.0906755 0.0547441 0.0313986 0.017083 0.00880578 0.00428852 0.00197568 0.000859448 0.000351041 0.000126858 0 0 0 0 0 0 0 0 0 0 0 0 0 0 0 0 0 0 0 0 0 0 0 0 0 0 0 0 0 0 0 0 0 0 0 0 0 0 0 0 0 0 0 0 0 0 0
0 0 0 0 0 0 0 0 0 0 0 0 0 0 0 0 0 0 0 0 0 0 0 0 0 0 0 0 0 0 0 0 0 0 0 0 0 0 0 0 0 0 0 0 0.000643331 0.00163756 0.00384828 0.00835555 0.0167797 0.031215 0.0539065 0.0866721 0.130231 0.183747 0.244792 0.309984 0.37598 0.440605 0.503219 0.563328 0.617739 0.659095 0.678777 0.673363 0.650862 0.631736 0.640406 0.689407 0.772975 0.876861 0.987714 1.09463 1.18863 1.26352 1.31705 1.35017 1.3643 1.3588 1.33126 1.2807 1.21118 1.13244 1.05553 0.985739 0.918808 0.844771 0.755689 0.6505 0.534926 0.418359 0.31032 0.217957 0.144759 0.090838 0.0538238 0.0301102 0.0158987 0.00792099 0.00370342 0.00163856 0.000687343 0.000270835 0 0 0 0 0 0 0 0 0 0 0 0 0 0 0 0 0 0 0 0 0 0 0 0 0 0 0 0 0 0 0 0 0 0 0 0 0 0 0 0 0 0 0 0 0 0 0 0
0 0 0 0 0 0 0 0 0 0 0 0 0 0 0 0 0 0 0 0 0 0 0 0 0 0 0 0 0 0 0 0 0 0 0 0 0 0 0 0 0 0 0 0 0 0.00128971 0.00302606 0.00655596 0.0131254 0.0243117 0.0417316 0.0665368 0.098853 0.137447 0.179893 0.223343 0.265698 0.306635 0.347468 0.389232 0.429807 0.463167 0.482493 0.485754 0.480336 0.482992 0.512007 0.575757 0.670386 0.786607 0.91383 1.04029 1.15389 1.24494 1.30845 1.34413 1.35411 1.3402 1.30339 1.24587 1.17372 1.09703 1.02556 0.96253 0.90207 0.833771 0.749775 0.648978 0.53675 0.422142 0.314671 0.221694 0.1473 0.0921232 0.0541408 0.0298687 0.0154663 0.00750446 0.00338859 0.00144076 0.000582663 0.000152151 0 0 0 0 0 0 0 0 0 0 0 0 0 0 0 0 0 0 0 0 0 0 0 0 0 0 0 0 0 0 0 0 0 0 0 0 0 0 0 0 0 0 0 0 0 0 0 0
0 0 0 0 0 0 0 0 0 0 0 0 0 0 0 0 0 0 0 0 0 0 0 0 0 0 0 0 0 0 0 0 0 0 0 0 0 0 0 0 0 0 0 0 0 0.00093929 0.00220146 0.0047621 0.00951329 0.0175665 0.0300213 0.047572 0.0700812 0.0963511 0.124329 0.151857 0.17773 0.202517 0.228215 0.256232 0.285008 0.309964 0.326528 0.334449 0.340811 0.359018 0.402243 0.476385 0.580076 0.707765 0.85027 0.994816 1.12721 1.23542 1.31222 1.3557 1.36754 1.3508 1.30863 1.24529 1.16791 1.08652 1.01049 0.943312 0.880264 0.811943 0.730564 0.634118 0.526683 0.41624 0.3117 0.220401 0.146744 0.0917506 0.0537489 0.0294595 0.0150907 0.00714428 0.00317129 0.00132896 0.000441983 0.00015459 0 0 0 0 0 0 0 0 0 0 0 0 0 0 0 0 0 0 0 0 0 0 0 0 0 0 0 0 0 0 0 0 0 0 0 0 0 0 0 0 0 0 0 0 0 0 0 0
0 0 0 0 0 0 0 0 0 0 0 0 0 0 0 0 0 0 0 0 0 0 0 0 0 0 0 0 0 0 0 0 0 0 0 0 0 0 0 0 0 0 0 0 0 0 0.0014793 0.0031964 0.00637554 0.0117467 0.020012 0.0315717 0.0462305 0.0630548 0.0805691 0.0973626 0.112913 0.128165 0.144964 0.164267 0.184575 0.202551 0.215732 0.22552 0.238784 0.266158 0.317158 0.396859 0.506187 0.641939 0.795819 0.954983 1.10473 1.23175 1.32662 1.38465 1.40541 1.39143 1.34684 1.2773 1.19076 1.0975 1.00771 0.927089 0.853899 0.780666 0.699491 0.606763 0.504652 0.399631 0.299777 0.212173 0.141259 0.0882089 0.051544 0.0281142 0.0143089 0.00671434 0.00292039 0.00111812 0.000423314 0 0 0 0 0 0 0 0 0 0 0 0 0 0 0 0 0 0 0 0 0 0 0 0 0 0 0 0 0 0 0 0 0 0 0 0 0 0 0 0 0 0 0 0 0 0 0 0 0
0 0 0 0 0 0 0 0 0 0 0 0 0 0 0 0 0 0 0 0 0 0 0 0 0 0 0 0 0 0 0 0 0 0 0 0 0 0 0 0 0 0 0 0 0 0 0.000917288 0.00198048 0.00394585 0.00725861 0.0123389 0.0194083 0.0283093 0.0384345 0.0488922 0.0589664 0.068684 0.0790746 0.0914425 0.105908 0.12083 0.133894 0.144283 0.154575 0.171204 0.202461 0.2556 0.335855 0.445969 0.584464 0.744404 0.914209 1.07983 1.22717 1.34399 1.4216 1.45599 1.44793 1.40192 1.32494 1.22614 1.11667 1.00815 0.909183 0.821694 0.740616 0.658011 0.568424 0.471828 0.373059 0.279271 0.19708 0.130718 0.081261 0.0472448 0.0256186 0.0129599 0.00598063 0.00253258 0.000997852 0.000378188 0 0 0 0 0 0 0 0 0 0 0 0 0 0 0 0 0 0 0 0 0 0 0 0 0 0 0 0 0 0 0 0 0 0 0 0 0 0 0 0 0 0 0 0 0 0 0 0 0
0 0 0 0 0 0 0 0 0 0 0 0 0 0 0 0 0 0 0 0 0 0 0 0 0 0 0 0 0 0 0 0 0 0 0 0 0 0 0 0 0 0 0 0 0 0 0 0.00113204 0.00225361 0.00414119 0.00702971 0.0110386 0.0160748 0.0218125 0.0278339 0.0339613 0.0405859 0.0486173 0.0586756 0.0702088 0.0816499 0.0916187 0.100421 0.11115 0.129279 0.160911 0.211937 0.288135 0.393829 0.529339 0.689818 0.865784 1.04438 1.2106 1.34905 1.44654 1.49511 1.49347 1.44624 1.36184 1.25092 1.12576 0.999303 0.882548 0.780735 0.691369 0.606899 0.520379 0.429733 0.338166 0.251764 0.176498 0.116192 0.071643 0.041305 0.022161 0.0109735 0.00513519 0.0021177 0.000826751 0.000313684 0 0 0 0 0 0 0 0 0 0 0 0 0 0 0 0 0 0 0 0 0 0 0 0 0 0 0 0 0 0 0 0 0 0 0 0 0 0 0 0 0 0 0 0 0 0 0 0 0
0 0 0 0 0 0 0 0 0 0 0 0 0 0 0 0 0 0 0 0 0 0 0 0 0 0 0 0 0 0 0 0 0 0 0 0 0 0 0 0 0 0 0 0 0 0 0 0.000596748 0.00118734 0.00218044 0.00369897 0.00580718 0.00846767 0.0115527 0.0149619 0.0188431 0.0237074 0.0301626 0.0382857 0.0473408 0.0561848 0.0642821 0.0726741 0.0843235 0.103181 0.133264 0.179485 0.248175 0.345049 0.4724 0.627753 0.803902 0.989175 1.16782 1.32175 1.43415 1.49379 1.49767 1.45034 1.36135 1.24261 1.10728 0.968965 0.839942 0.727663 0.632032 0.546585 0.463759 0.37996 0.296838 0.219266 0.152311 0.0992472 0.0605129 0.0344579 0.0183062 0.00898012 0.00416103 0.00164473 0.000634404 0 0 0 0 0 0 0 0 0 0 0 0 0 0 0 0 0 0 0 0 0 0 0 0 0 0 0 0 0 0 0 0 0 0 0 0 0 0 0 0 0 0 0 0 0 0 0 0 0 0
0 0 0 0 0 0 0 0 0 0 0 0 0 0 0 0 0 0 0 0 0 0 0 0 0 0 0 0 0 0 0 0 0 0 0 0 0 0 0 0 0 0 0 0 0 0 0 0 0.00057697 0.00105938 0.00179792 0.00282822 0.00414877 0.00574707 0.00768881 0.0102378 0.0138138 0.0187072 0.0247714 0.0314642 0.0382089 0.045216 0.0538478 0.0665188 0.0854464 0.112935 0.15304 0.212197 0.297141 0.41187 0.556041 0.724443 0.906574 1.08663 1.24534 1.36404 1.42967 1.43797 1.39314 1.30505 1.18611 1.04959 0.908927 0.776385 0.660352 0.562555 0.47822 0.400317 0.32453 0.251207 0.183845 0.126422 0.0814541 0.0490484 0.0275602 0.0143618 0.00699267 0.00319752 0.00118544 0.000450221 0 0 0 0 0 0 0 0 0 0 0 0 0 0 0 0 0 0 0 0 0 0 0 0 0 0 0 0 0 0 0 0 0 0 0 0 0 0 0 0 0 0 0 0 0 0 0 0 0 0
0 0 0 0 0 0 0 0 0 0 0 0 0 0 0 0 0 0 0 0 0 0 0 0 0 0 0 0 0 0 0 0 0 0 0 0 0 0 0 0 0 0 0 0 0 0 0 0 0 0.000475111 0.000807986 0.00127837 0.00190206 0.00271707 0.00384003 0.00549769 0.00796266 0.0113235 0.0154599 0.0201145 0.0252818 0.031641 0.0405739 0.0536153 0.0717011 0.0959415 0.129496 0.178302 0.2494 0.347861 0.474864 0.626797 0.794539 0.96336 1.11466 1.23 1.29607 1.30789 1.26889 1.18825 1.07781 0.950114 0.817491 0.691166 0.579275 0.484625 0.404394 0.333015 0.266371 0.203863 0.147675 0.10049 0.0640248 0.0380848 0.0210331 0.0108463 0.00520138 0.00234185 0.000716204 0 0 0 0 0 0 0 0 0 0 0 0 0 0 0 0 0 0 0 0 0 0 0 0 0 0 0 0 0 0 0 0 0 0 0 0 0 0 0 0 0 0 0 0 0 0 0 0 0 0 0
0 0 0 0 0 0 0 0 0 0 0 0 0 0 0 0 0 0 0 0 0 0 0 0 0 0 0 0 0 0 0 0 0 0 0 0 0 0 0 0 0 0 0 0 0 0 0 0 0 0 0.000336519 0.0005392 0.000824878 0.00124094 0.00188747 0.00290806 0.00445249 0.00654908 0.00917468 0.0123409 0.0163689 0.0222678 0.0310388 0.0434635 0.059723 0.0802983 0.107374 0.14586 0.202303 0.282095 0.387281 0.515485 0.65927 0.806019 0.939423 1.04305 1.10461 1.11899 1.08853 1.0209 0.926404 0.815967 0.700164 0.588461 0.487948 0.401823 0.329 0.265861 0.209167 0.157895 0.113042 0.076096 0.0479661 0.0281364 0.0154097 0.00776604 0.0036997 0.00163943 0.000433635 0 0 0 0 0 0 0 0 0 0 0 0 0 0 0 0 0 0 0 0 0 0 0 0 0 0 0 0 0 0 0 0 0 0 0 0 0 0 0 0 0 0 0 0 0 0 0 0 0 0 0
0 0 0 0 0 0 0 0 0 0 0 0 0 0 0 0 0 0 0 0 0 0 0 0 0 0 0 0 0 0 0 0 0 0 0 0 0 0 0 0 0 0 0 0 0 0 0 0 0 0 0 0 0.000343794 0.000555581 0.00091236 0.00148878 0.00237318 0.00358621 0.00519331 0.00738862 0.0106723 0.0159373 0.023889 0.0347896 0.048557 0.0652531 0.086219 0.115056 0.157229 0.217767 0.299037 0.399659 0.513998 0.632139 0.741072 0.827408 0.880816 0.896502 0.875675 0.82408 0.749843 0.661706 0.568082 0.476404 0.392348 0.318968 0.25646 0.203039 0.156656 0.116291 0.0821091 0.054625 0.0340686 0.0197793 0.0107251 0.00533846 0.00250986 0.00109618 0 0 0 0 0 0 0 0 0 0 0 0 0 0 0 0 0 0 0 0 0 0 0 0 0 0 0 0 0 0 0 0 0 0 0 0 0 0 0 0 0 0 0 0 0 0 0 0 0 0 0 0
0 0 0 0 0 0 0 0 0 0 0 0 0 0 0 0 0 0 0 0 0 0 0 0 0 0 0 0 0 0 0 0 0 0 0 0 0 0 0 0 0 0 0 0 0 0 0 0 0 0 0 0 0 0.000244603 0.000427684 0.000724086 0.00118244 0.00187093 0.00286843 0.00446183 0.00713597 0.0115579 0.0181102 0.0269916 0.0379543 0.0508425 0.0662998 0.0866978 0.116145 0.158848 0.217124 0.290327 0.37454 0.462631 0.545083 0.611924 0.655144 0.670649 0.658728 0.623178 0.56979 0.504967 0.434899 0.365009 0.299549 0.241163 0.190768 0.14793 0.111685 0.0812821 0.0564412 0.0370087 0.0228202 0.0131339 0.00700783 0.00347343 0.00161541 0.000602387 0 0 0 0 0 0 0 0 0 0 0 0 0 0 0 0 0 0 0 0 0 0 0 0 0 0 0 0 0 0 0 0 0 0 0 0 0 0 0 0 0 0 0 0 0 0 0 0 0 0 0 0
0 0 0 0 0 0 0 0 0 0 0 0 0 0 0 0 0 0 0 0 0 0 0 0 0 0 0 0 0 0 0 0 0 0 0 0 0 0 0 0 0 0 0 0 0 0 0 0 0 0 0 0 0 0 0 0 0.000564688 0.000918308 0.00160598 0.00278361 0.00485164 0.008272 0.0132794 0.0199596 0.0281675 0.037563 0.0483567 0.0619053 0.0810118 0.108884 0.147525 0.196792 0.254201 0.315048 0.372946 0.421062 0.453698 0.467623 0.462542 0.440642 0.40561 0.361722 0.313151 0.263612 0.216119 0.172795 0.134819 0.102519 0.0756688 0.0538678 0.0366302 0.0236677 0.01439 0.00819859 0.00433898 0.00212708 0.000904155 0 0 0 0 0 0 0 0 0 0 0 0 0 0 0 0 0 0 0 0 0 0 0 0 0 0 0 0 0 0 0 0 0 0 0 0 0 0 0 0 0 0 0 0 0 0 0 0 0 0 0 0 0
0 0 0 0 0 0 0 0 0 0 0 0 0 0 0 0 0 0 0 0 0 0 0 0 0 0 0 0 0 0 0 0 0 0 0 0 0 0 0 0 0 0 0 0 0 0 0 0 0 0 0 0 0 0 0 0 0.000135603 0.000331058 0.000808084 0.00166758 0.00317529 0.00557959 0.00919454 0.0139199 0.019647 0.0260838 0.0331846 0.0416194 0.0531109 0.0698863 0.0935261 0.12417 0.160395 0.199351 0.237101 0.269325 0.29229 0.30366 0.302887 0.291007 0.270108 0.242754 0.211543 0.178855 0.146726 0.116769 0.0901031 0.0673421 0.0486274 0.0338212 0.0225042 0.014251 0.00853701 0.00478049 0.00247867 0.00119798 0.000529108 0 0 0 0 0 0 0 0 0 0 0 0 0 0 0 0 0 0 0 0 0 0 0 0 0 0 0 0 0 0 0 0 0 0 0 0 0 0 0 0 0 0 0 0 0 0 0 0 0 0 0 0 0
0 0 0 0 0 0 0 0 0 0 0 0 0 0 0 0 0 0 0 0 0 0 0 0 0 0 0 0 0 0 0 0 0 0 0 0 0 0 0 0 0 0 0 0 0 0 0 0 0 0 0 0 0 0 0 0 0 0.000221614 0.000499304 0.00108467 0.0020695 0.00364273 0.00600814 0.00908854 0.0128219 0.0169352 0.0213148 0.0262293 0.0326384 0.0419525 0.0553005 0.0729375 0.0941326 0.117295 0.140183 0.160279 0.175316 0.183754 0.18502 0.179484 0.168165 0.152444 0.133805 0.113685 0.0934038 0.0740976 0.0566784 0.041742 0.0295715 0.0200747 0.0130696 0.00810001 0.00473882 0.00261247 0.00133129 0.000635182 0 0 0 0 0 0 0 0 0 0 0 0 0 0 0 0 0 0 0 0 0 0 0 0 0 0 0 0 0 0 0 0 0 0 0 0 0 0 0 0 0 0 0 0 0 0 0 0 0 0 0 0 0 0
0 0 0 0 0 0 0 0 0 0 0 0 0 0 0 0 0 0 0 0 0 0 0 0 0 0 0 0 0 0 0 0 0 0 0 0 0 0 0 0 0 0 0 0 0 0 0 0 0 0 0 0 0 0 0 0 0 0.000136835 0.000308254 0.00064024 0.00125632 0.00221341 0.00365097 0.00553021 0.00778703 0.0102463 0.0127847 0.0154872 0.0188349 0.0236514 0.0306784 0.0401652 0.0517731 0.0646692 0.0776545 0.0893569 0.0984973 0.104142 0.105847 0.103663 0.0980259 0.0896039 0.0791799 0.0675761 0.055601 0.0440074 0.0334214 0.0243294 0.0169505 0.0112713 0.00716688 0.00432214 0.00248369 0.00131457 0.000668208 0.000321484 0 0 0 0 0 0 0 0 0 0 0 0 0 0 0 0 0 0 0 0 0 0 0 0 0 0 0 0 0 0 0 0 0 0 0 0 0 0 0 0 0 0 0 0 0 0 0 0 0 0 0 0 0 0
0 0 0 0 0 0 0 0 0 0 0 0 0 0 0 0 0 0 0 0 0 0 0 0 0 0 0 0 0 0 0 0 0 0 0 0 0 0 0 0 0 0 0 0 0 0 0 0 0 0 0 0 0 0 0 0 0 7.79174e-05 0.000175479 0.000364361 0.000697467 0.00123105 0.00203816 0.00312874 0.00439843 0.00579098 0.00719578 0.00864385 0.0103669 0.0128233 0.0164631 0.0214712 0.0276854 0.0346561 0.0417345 0.0481813 0.0533045 0.0565925 0.0577865 0.0568729 0.0540449 0.0496221 0.0440001 0.0376215 0.0309456 0.0244207 0.0184323 0.0132756 0.00909454 0.0059515 0.00369807 0.0021864 0.00122167 0.000630229 0.000319102 0 0 0 0 0 0 0 0 0 0 0 0 0 0 0 0 0 0 0 0 0 0 0 0 0 0 0 0 0 0 0 0 0 0 0 0 0 0 0 0 0 0 0 0 0 0 0 0 0 0 0 0 0 0 0
0 0 0 0 0 0 0 0 0 0 0 0 0 0 0 0 0 0 0 0 0 0 0 0 0 0 0 0 0 0 0 0 0 0 0 0 0 0 0 0 0 0 0 0 0 0 0 0 0 0 0 0 0 0 0 0 0 0 9.21118e-05 0.000191182 0.000365892 0.000645584 0.00107027 0.00166014 0.00234775 0.00311251 0.00390817 0.00475827 0.00581016 0.00734004 0.00961706 0.0127332 0.0165493 0.0207356 0.0248418 0.0283906 0.0309828 0.0323783 0.0325194 0.0315063 0.0295165 0.026771 0.0234952 0.0199133 0.0162501 0.0127159 0.00951991 0.00675557 0.00456623 0.00294755 0.00180363 0.00103872 0.000545343 0.000287309 0 0 0 0 0 0 0 0 0 0 0 0 0 0 0 0 0 0 0 0 0 0 0 0 0 0 0 0 0 0 0 0 0 0 0 0 0 0 0 0 0 0 0 0 0 0 0 0 0 0 0 0 0 0 0 0
0 0 0 0 0 0 0 0 0 0 0 0 0 0 0 0 0 0 0 0 0 0 0 0 0 0 0 0 0 0 0 0 0 0 0 0 0 0 0 0 0 0 0 0 0 0 0 0 0 0 0 0 0 0 0 0 0 0 0 9.25158e-05 0.000176981 0.000328124 0.000544023 0.000838607 0.00123474 0.00169585 0.0022445 0.00295153 0.00399201 0.00559636 0.00793245 0.0109945 0.0145592 0.0182135 0.0214396 0.0237502 0.0248294 0.0246172 0.0232931 0.0211824 0.0186344 0.0159317 0.0132661 0.010753 0.00845463 0.00643094 0.00469138 0.00326882 0.00218224 0.00136506 0.000818748 0.000466821 0.0002386 0.000123173 0 0 0 0 0 0 0 0 0 0 0 0 0 0 0 0 0 0 0 0 0 0 0 0 0 0 0 0 0 0 0 0 0 0 0 0 0 0 0 0 0 0 0 0 0 0 0 0 0 0 0 0 0 0 0 0
0 0 0 0 0 0 0 0 0 0 0 0 0 0 0 0 0 0 0 0 0 0 0 0 0 0 0 0 0 0 0 0 0 0 0 0 0 0 0 0 0 0 0 0 0 0 0 0 0 0 0 0 0 0 0 0 0 0 0 4.12911e-05 7.90096e-05 0.000165007 0.000284386 0.000461029 0.000711367 0.00108504 0.00164333 0.00257478 0.00413577 0.00658435 0.0100628 0.0144829 0.0194488 0.0242766 0.0281389 0.0303098 0.030405 0.028513 0.0251404 0.0210021 0.016778 0.012942 0.00971269 0.00711904 0.00510137 0.00357291 0.00242275 0.00160296 0.00102205 0.00062058 0.000350114 0.000181944 0 0 0 0 0 0 0 0 0 0 0 0 0 0 0 0 0 0 0 0 0 0 0 0 0 0 0 0 0 0 0 0 0 0 0 0 0 0 0 0 0 0 0 0 0 0 0 0 0 0 0 0 0 0 0 0 0 0
0 0 0 0 0 0 0 0 0 0 0 0 0 0 0 0 0 0 0 0 0 0 0 0 0 0 0 0 0 0 0 0 0 0 0 0 0 0 0 0 0 0 0 0 0 0 0 0 0 0 0 0 0 0 0 0 0 0 0 0 4.72427e-05 9.2227e-05 0.00017029 0.000302224 0.000529351 0.000945519 0.00174977 0.00323136 0.00578354 0.00976744 0.0153787 0.0224459 0.0302926 0.0377669 0.0434915 0.0462787 0.0455442 0.0415258 0.0351759 0.0278089 0.0206604 0.0145634 0.00985922 0.00647886 0.00415069 0.00260619 0.00159491 0.000948212 0.000543949 0.000304232 0.000124906 0 0 0 0 0 0 0 0 0 0 0 0 0 0 0 0 0 0 0 0 0 0 0 0 0 0 0 0 0 0 0 0 0 0 0 0 0 0 0 0 0 0 0 0 0 0 0 0 0 0 0 0 0 0 0 0 0 0 0
0 0 0 0 0 0 0 0 0 0 0 0 0 0 0 0 0 0 0 0 0 0 0 0 0 0 0 0 0 0 0 0 0 0 0 0 0 0 0 0 0 0 0 0 0 0 0 0 0 0 0 0 0 0 0 0 0 0 0 0 2.58611e-05 6.03443e-05 0.000122904 0.00025133 0.000527874 0.00112553 0.00234763 0.00466117 0.00863313 0.0148328 0.023545 0.0344937 0.0466103 0.0580848 0.0667522 0.0707519 0.0691879 0.0624597 0.0521073 0.0402418 0.0288619 0.0193246 0.0121818 0.00731398 0.00424793 0.00241148 0.00134207 0.000726848 0.000380956 0.000186194 0 0 0 0 0 0 0 0 0 0 0 0 0 0 0 0 0 0 0 0 0 0 0 0 0 0 0 0 0 0 0 0 0 0 0 0 0 0 0 0 0 0 0 0 0 0 0 0 0 0 0 0 0 0 0 0 0 0 0 0
0 0 0 0 0 0 0 0 0 0 0 0 0 0 0 0 0 0 0 0 0 0 0 0 0 0 0 0 0 0 0 0 0 0 0 0 0 0 0 0 0 0 0 0 0 0 0 0 0 0 0 0 0 0 0 0 0 0 0 0 1.9143e-05 4.51618e-05 0.00011008 0.000268332 0.000648841 0.00150433 0.00327324 0.00661585 0.0123691 0.0213325 0.0339349 0.0497613 0.0672632 0.0838077 0.0962528 0.101903 0.0994587 0.0895118 0.0743082 0.0569343 0.0403067 0.0264166 0.0160895 0.00916617 0.00493637 0.00255138 0.00128647 0.000635721 0.000305742 0.000142794 6.3471e-05 0 0 0 0 0 0 0 0 0 0 0 0 0 0 0 0 0 0 0 0 0 0 0 0 0 0 0 0 0 0 0 0 0 0 0 0 0 0 0 0 0 0 0 0 0 0 0 0 0 0 0 0 0 0 0 0 0 0 0
0 0 0 0 0 0 0 0 0 0 0 0 0 0 0 0 0 0 0 0 0 0 0 0 0 0 0 0 0 0 0 0 0 0 0 0 0 0 0 0 0 0 0 0 0 0 0 0 0 0 0 0 0 0 0 0 0 0 0 0 1.55092e-05 4.30409e-05 0.00012001 0.000324478 0.000830103 0.00197214 0.00433694 0.00880565 0.0164897 0.0284676 0.0453075 0.0664566 0.0898367 0.111927 0.128525 0.136024 0.132687 0.119306 0.0988912 0.0755793 0.0532782 0.0346662 0.0208458 0.0116139 0.00602169 0.00293096 0.0013568 0.000608879 0.000268738 0.00011735 4.98418e-05 0 0 0 0 0 0 0 0 0 0 0 0 0 0 0 0 0 0 0 0 0 0 0 0 0 0 0 0 0 0 0 0 0 0 0 0 0 0 0 0 0 0 0 0 0 0 0 0 0 0 0 0 0 0 0 0 0 0 0
0 0 0 0 0 0 0 0 0 0 0 0 0 0 0 0 0 0 0 0 0 0 0 0 0 0 0 0 0 0 0 0 0 0 0 0 0 0 0 0 0 0 0 0 0 0 0 0 0 0 0 0 0 0 0 0 0 0 0 0 1.49988e-05 4.69787e-05 0.000140177 0.000391136 0.00101193 0.00241949 0.00533397 0.0108416 0.0203125 0.0350757 0.0558238 0.0818807 0.110693 0.137912 0.158354 0.167577 0.16344 0.146916 0.121721 0.0929551 0.06544 0.0424782 0.0254347 0.0140598 0.00718662 0.0034086 0.00150945 0.000631174 0.000253492 9.95846e-05 3.88792e-05 0 0 0 0 0 0 0 0 0 0 0 0 0 0 0 0 0 0 0 0 0 0 0 0 0 0 0 0 0 0 0 0 0 0 0 0 0 0 0 0 0 0 0 0 0 0 0 0 0 0 0 0 0 0 0 0 0 0 0
0 0 0 0 0 0 0 0 0 0 0 0 0 0 0 0 0 0 0 0 0 0 0 0 0 0 0 0 0 0 0 0 0 0 0 0 0 0 0 0 0 0 0 0 0 0 0 0 0 0 0 0 0 0 0 0 0 0 0 0 1.58072e-05 5.17038e-05 0.000157209 0.000442068 0.00114721 0.00274527 0.00605564 0.0123119 0.023071 0.0398412 0.0634109 0.0930111 0.125736 0.15665 0.179865 0.190335 0.185631 0.16685 0.138216 0.105526 0.074257 0.0481656 0.0288011 0.0158807 0.00807914 0.00379647 0.00165137 0.000668146 0.000253632 9.16816e-05 3.21937e-05 0 0 0 0 0 0 0 0 0 0 0 0 0 0 0 0 0 0 0 0 0 0 0 0 0 0 0 0 0 0 0 0 0 0 0 0 0 0 0 0 0 0 0 0 0 0 0 0 0 0 0 0 0 0 0 0 0 0 0
0 0 0 0 0 0 0 0 0 0 0 0 0 0 0 0 0 0 0 0 0 0 0 0 0 0 0 0 0 0 0 0 0 0 0 0 0 0 0 0 0 0 0 0 0 0 0 0 0 0 0 0 0 0 0 0 0 0 0 0 1.6203e-05 5.36754e-05 0.000164112 0.00046229 0.00120044 0.00287353 0.00633944 0.0128894 0.0241528 0.0417107 0.0663858 0.097376 0.131634 0.163998 0.188305 0.199265 0.194331 0.174665 0.144686 0.110457 0.0777173 0.0503981 0.0301229 0.0165961 0.00842977 0.00394902 0.00170748 0.000682519 0.00025304 8.75848e-05 2.86447e-05 9.01787e-06 0 0 0 0 0 0 0 0 0 0 0 0 0 0 0 0 0 0 0 0 0 0 0 0 0 0 0 0 0 0 0 0 0 0 0 0 0 0 0 0 0 0 0 0 0 0 0 0 0 0 0 0 0 0 0 0 0 0
0 0 0 0 0 0 0 0 0 0 0 0 0 0 0 0 0 0 0 0 0 0 0 0 0 0 0 0 0 0 0 0 0 0 0 0 0 0 0 0 0 0 0 0 0 0 0 0 0 0 0 0 0 0 0 0 0 0 0 0 1.55916e-05 5.17364e-05 0.000158213 0.000445904 0.0011582 0.00277253 0.00611663 0.0124365 0.0233041 0.040245 0.0640536 0.0939548 0.12701 0.158238 0.181689 0.192262 0.187502 0.168527 0.139598 0.106571 0.0749797 0.0486193 0.0290561 0.016004 0.00812509 0.00380248 0.00164085 0.000653205 0.000240162 8.17413e-05 2.57834e-05 7.64951e-06 0 0 0 0 0 0 0 0 0 0 0 0 0 0 0 0 0 0 0 0 0 0 0 0 0 0 0 0 0 0 0 0 0 0 0 0 0 0 0 0 0 0 0 0 0 0 0 0 0 0 0 0 0 0 0 0 0 0
0 0 0 0 0 0 0 0 0 0 0 0 0 0 0 0 0 0 0 0 0 0 0 0 0 0 0 0 0 0 0 0 0 0 0 0 0 0 0 0 0 0 0 0 0 0 0 0 0 0 0 0 0 0 0 0 0 0 0 0 1.38647e-05 4.60051e-05 0.000140689 0.000396508 0.0010299 0.0024654 0.0054391 0.0110589 0.0207227 0.0357873 0.0569584 0.0835472 0.112942 0.14071 0.161564 0.170966 0.166732 0.149857 0.124134 0.094764 0.066673 0.0432318 0.0258345 0.0142289 0.00722254 0.00337908 0.00145692 0.00057916 0.00021231 7.18158e-05 2.24545e-05 6.37376e-06 0 0 0 0 0 0 0 0 0 0 0 0 0 0 0 0 0 0 0 0 0 0 0 0 0 0 0 0 0 0 0 0 0 0 0 0 0 0 0 0 0 0 0 0 0 0 0 0 0 0 0 0 0 0 0 0 0 0
0 0 0 0 0 0 0 0 0 0 0 0 0 0 0 0 0 0 0 0 0 0 0 0 0 0 0 0 0 0 0 0 0 0 0 0 0 0 0 0 0 0 0 0 0 0 0 0 0 0 0 0 0 0 0 0 0 0 0 0 1.13625e-05 3.77024e-05 0.000115297 0.000324951 0.000844029 0.00202047 0.00445746 0.0090631 0.0169828 0.0293285 0.0466789 0.0684691 0.0925592 0.115316 0.132405 0.140111 0.136642 0.122813 0.101731 0.0776616 0.0546395 0.0354289 0.0211715 0.0116599 0.00591816 0.00276838 0.00119347 0.000474183 0.000173631 5.85946e-05 1.82234e-05 5.22347e-06 0 0 0 0 0 0 0 0 0 0 0 0 0 0 0 0 0 0 0 0 0 0 0 0 0 0 0 0 0 0 0 0 0 0 0 0 0 0 0 0 0 0 0 0 0 0 0 0 0 0 0 0 0 0 0 0 0 0
0 0 0 0 0 0 0 0 0 0 0 0 0 0 0 0 0 0 0 0 0 0 0 0 0 0 0 0 0 0 0 0 0 0 0 0 0 0 0 0 0 0 0 0 0 0 0 0 0 0 0 0 0 0 0 0 0 0 0 0 0 2.84764e-05 8.70831e-05 0.00024543 0.000637492 0.00152603 0.0033667 0.00684523 0.012827 0.0221516 0.0352558 0.0517139 0.0699076 0.0870955 0.100004 0.105824 0.103203 0.0927583 0.0768355 0.0586565 0.0412683 0.0267587 0.0159906 0.00880661 0.00446992 0.00209093 0.000901415 0.000358146 0.000131142 4.42557e-05 1.37641e-05 0 0 0 0 0 0 0 0 0 0 0 0 0 0 0 0 0 0 0 0 0 0 0 0 0 0 0 0 0 0 0 0 0 0 0 0 0 0 0 0 0 0 0 0 0 0 0 0 0 0 0 0 0 0 0 0 0 0 0
0 0 0 0 0 0 0 0 0 0 0 0 0 0 0 0 0 0 0 0 0 0 0 0 0 0 0 0 0 0 0 0 0 0 0 0 0 0 0 0 0 0 0 0 0 0 0 0 0 0 0 0 0 0 0 0 0 0 0 0 0 1.98217e-05 6.06164e-05 0.000170838 0.000443742 0.00106223 0.00234348 0.0047648 0.00892855 0.0154192 0.0245408 0.0359969 0.048661 0.0606251 0.0696107 0.0736615 0.0718372 0.0645666 0.0534836 0.0408296 0.0287258 0.0186262 0.0111306 0.00613006 0.0031114 0.00145545 0.000627452 0.000249297 9.12844e-05 3.08054e-05 9.58083e-06 0 0 0 0 0 0 0 0 0 0 0 0 0 0 0 0 0 0 0 0 0 0 0 0 0 0 0 0 0 0 0 0 0 0 0 0 0 0 0 0 0 0 0 0 0 0 0 0 0 0 0 0 0 0 0 0 0 0 0
0 0 0 0 0 0 0 0 0 0 0 0 0 0 0 0 0 0 0 0 0 0 0 0 0 0 0 0 0 0 0 0 0 0 0 0 0 0 0 0 0 0 0 0 0 0 0 0 0 0 0 0 0 0 0 0 0 0 0 0 0 1.27159e-05 3.88863e-05 0.000109595 0.000284666 0.000681436 0.00150337 0.00305668 0.00572774 0.00989151 0.0157431 0.0230922 0.0312171 0.0388922 0.0446557 0.0472544 0.0460848 0.0414208 0.0343099 0.0261922 0.0184282 0.011949 0.00714049 0.00393253 0.001996 0.00093369 0.000402518 0.000159927 5.856e-05 1.9762e-05 6.1462e-06 0 0 0 0 0 0 0 0 0 0 0 0 0 0 0 0 0 0 0 0 0 0 0 0 0 0 0 0 0 0 0 0 0 0 0 0 0 0 0 0 0 0 0 0 0 0 0 0 0 0 0 0 0 0 0 0 0 0 0
0 0 0 0 0 0 0 0 0 0 0 0 0 0 0 0 0 0 0 0 0 0 0 0 0 0 0 0 0 0 0 0 0 0 0 0 0 0 0 0 0 0 0 0 0 0 0 0 0 0 0 0 0 0 0 0 0 0 0 0 0 0 2.29905e-05 6.47951e-05 0.000168302 0.00040288 0.000888829 0.00180718 0.00338639 0.00584813 0.00930774 0.0136528 0.0184563 0.022994 0.0264016 0.0279379 0.0272464 0.0244889 0.0202849 0.0154856 0.0108952 0.00706451 0.00422163 0.00232501 0.00118009 0.000552021 0.000237979 9.4553e-05 3.46222e-05 1.16838e-05 3.63379e-06 0 0 0 0 0 0 0 0 0 0 0 0 0 0 0 0 0 0 0 0 0 0 0 0 0 0 0 0 0 0 0 0 0 0 0 0 0 0 0 0 0 0 0 0 0 0 0 0 0 0 0 0 0 0 0 0 0 0 0
0 0 0 0 0 0 0 0 0 0 0 0 0 0 0 0 0 0 0 0 0 0 0 0 0 0 0 0 0 0 0 0 0 0 0 0 0 0 0 0 0 0 0 0 0 0 0 0 0 0 0 0 0 0 0 0 0 0 0 0 0 0 1.25268e-05 3.53056e-05 9.17029e-05 0.000219523 0.000484298 0.000984698 0.00184515 0.0031865 0.00507158 0.00743906 0.0100564 0.0125289 0.0143857 0.0152228 0.0148459 0.0133434 0.0110529 0.00843784 0.00593649 0.00384929 0.00230025 0.00126683 0.000643004 0.00030078 0.00012967 5.1519e-05 1.88648e-05 6.36619e-06 0 0 0 0 0 0 0 0 0 0 0 0 0 0 0 0 0 0 0 0 0 0 0 0 0 0 0 0 0 0 0 0 0 0 0 0 0 0 0 0 0 0 0 0 0 0 0 0 0 0 0 0 0 0 0 0 0 0 0 0
0 0 0 0 0 0 0 0 0 0 0 0 0 0 0 0 0 0 0 0 0 0 0 0 0 0 0 0 0 0 0 0 0 0 0 0 0 0 0 0 0 0 0 0 0 0 0 0 0 0 0 0 0 0 0 0 0 0 0 0 0 0 0 1.77292e-05 4.60501e-05 0.000110237 0.000243197 0.000494481 0.000926572 0.00160015 0.00254678 0.00373564 0.00505001 0.00629162 0.00722396 0.00764435 0.00745516 0.00670064 0.00555037 0.00423718 0.00298111 0.00193298 0.00115511 0.000636162 0.000322893 0.000151042 6.51156e-05 2.58712e-05 9.47325e-06 3.19689e-06 0 0 0 0 0 0 0 0 0 0 0 0 0 0 0 0 0 0 0 0 0 0 0 0 0 0 0 0 0 0 0 0 0 0 0 0 0 0 0 0 0 0 0 0 0 0 0 0 0 0 0 0 0 0 0 0 0 0 0 0
0 0 0 0 0 0 0 0 0 0 0 0 0 0 0 0 0 0 0 0 0 0 0 0 0 0 0 0 0 0 0 0 0 0 0 0 0 0 0 0 0 0 0 0 0 0 0 0 0 0 0 0 0 0 0 0 0 0 0 0 0 0 0 0 2.13122e-05 5.10175e-05 0.000112554 0.000228847 0.000428823 0.00074056 0.00117865 0.00172887 0.00233713 0.00291173 0.0033433 0.00353785 0.00345021 0.00310103 0.00256873 0.00196098 0.00137966 0.00089459 0.000534587 0.000294416 0.000149436 6.99027e-05 3.01356e-05 1.19733e-05 4.38426e-06 0 0 0 0 0 0 0 0 0 0 0 0 0 0 0 0 0 0 0 0 0 0 0 0 0 0 0 0 0 0 0 0 0 0 0 0 0 0 0 0 0 0 0 0 0 0 0 0 0 0 0 0 0 0 0 0 0 0 0 0 0
0 0 0 0 0 0 0 0 0 0 0 0 0 0 0 0 0 0 0 0 0 0 0 0 0 0 0 0 0 0 0 0 0 0 0 0 0 0 0 0 0 0 0 0 0 0 0 0 0 0 0 0 0 0 0 0 0 0 0 0 0 0 0 0 0 2.17601e-05 4.80064e-05 9.76082e-05 0.000182902 0.000315864 0.00050272 0.000737397 0.00099684 0.00124192 0.00142599 0.00150897 0.0014716 0.00132266 0.00109562 0.000836399 0.00058846 0.000381564 0.000228013 0.000125576 6.37375e-05 2.9815e-05 1.28535e-05 5.10687e-06 1.86998e-06 0 0 0 0 0 0 0 0 0 0 0 0 0 0 0 0 0 0 0 0 0 0 0 0 0 0 0 0 0 0 0 0 0 0 0 0 0 0 0 0 0 0 0 0 0 0 0 0 0 0 0 0 0 0 0 0 0 0 0 0 0
0 0 0 0 0 0 0 0 0 0 0 0 0 0 0 0 0 0 0 0 0 0 0 0 0 0 0 0 0 0 0 0 0 0 0 0 0 0 0 0 0 0 0 0 0 0 0 0 0 0 0 0 0 0 0 0 0 0 0 0 0 0 0 0 0 0 1.88707e-05 3.83686e-05 7.18963e-05 0.000124162 0.000197614 0.000289863 0.000391845 0.000488184 0.000560535 0.000593154 0.00057847 0.000519925 0.000430674 0.000328779 0.000231313 0.000149986 8.96295e-05 4.93618e-05 2.50546e-05 1.17199e-05 5.05259e-06 2.00744e-06 0 0 0 0 0 0 0 0 0 0 0 0 0 0 0 0 0 0 0 0 0 0 0 0 0 0 0 0 0 0 0 0 0 0 0 0 0 0 0 0 0 0 0 0 0 0 0 0 0 0 0 0 0 0 0 0 0 0 0 0 0 0
0 0 0 0 0 0 0 0 0 0 0 0 0 0 0 0 0 0 0 0 0 0 0 0 0 0 0 0 0 0 0 0 0 0 0 0 0 0 0 0 0 0 0 0 0 0 0 0 0 0 0 0 0 0 0 0 0 0 0 0 0 0 0 0 0 0 0 1.38999e-05 2.6046e-05 4.49804e-05 7.159e-05 0.000105009 0.000141956 0.000176857 0.000203067 0.000214884 0.000209564 0.000188355 0.000156022 0.000119108 8.3799e-05 5.43363e-05 3.24702e-05 1.78825e-05 9.07659e-06 4.24578e-06 1.83041e-06 0 0 0 0 0 0 0 0 0 0 0 0 0 0 0 0 0 0 0 0 0 0 0 0 0 0 0 0 0 0 0 0 0 0 0 0 0 0 0 0 0 0 0 0 0 0 0 0 0 0 0 0 0 0 0 0 0 0 0 0 0 0 0
0 0 0 0 0 0 0 0 0 0 0 0 0 0 0 0 0 0 0 0 0 0 0 0 0 0 0 0 0 0 0 0 0 0 0 0 0 0 0 0 0 0 0 0 0 0 0 0 0 0 0 0 0 0 0 0 0 0 0 0 0 0 0 0 0 0 0 0 0 1.5018e-05 2.3902e-05 3.50601e-05 4.73952e-05 5.90477e-05 6.77994e-05 7.17448e-05 6.99681e-05 6.28869e-05 5.20918e-05 3.9767e-05 2.79785e-05 1.81415e-05 1.08411e-05 5.97055e-06 3.03046e-06 1.41758e-06 0 0 0 0 0 0 0 0 0 0 0 0 0 0 0 0 0 0 0 0 0 0 0 0 0 0 0 0 0 0 0 0 0 0 0 0 0 0 0 0 0 0 0 0 0 0 0 0 0 0 0 0 0 0 0 0 0 0 0 0 0 0 0 0
0 0 0 0 0 0 0 0 0 0 0 0 0 0 0 0 0 0 0 0 0 0 0 0 0 0 0 0 0 0 0 0 0 0 0 0 0 0 0 0 0 0 0 0 0 0 0 0 0 0 0 0 0 0 0 0 0 0 0 0 0 0 0 0 0 0 0 0 0 0 0 1.0788e-05 1.45838e-05 1.81693e-05 2.0862e-05 2.2076e-05 2.15294e-05 1.93505e-05 1.60287e-05 1.22363e-05 8.60911e-06 5.58222e-06 3.33582e-06 1.83716e-06 0 0 0 0 0 0 0 0 0 0 0 0 0 0 0 0 0 0 0 0 0 0 0 0 0 0 0 0 0 0 0 0 0 0 0 0 0 0 0 0 0 0 0 0 0 0 0 0 0 0 0 0 0 0 0 0 0 0 0 0 0 0 0 0 0 0
0 0 0 0 0 0 0 0 0 0 0 0 0 0 0 0 0 0 0 0 0 0 0 0 0 0 0 0 0 0 0 0 0 0 0 0 0 0 0 0 0 0 0 0 0 0 0 0 0 0 0 0 0 0 0 0 0 0 0 0 0 0 0 0 0 0 0 0 0 0 0 0 0 0 5.91611e-06 6.26039e-06 6.1053e-06 5.48739e-06 4.54549e-06 3.47005e-06 2.44138e-06 0 0 0 0 0 0 0 0 0 0 0 0 0 0 0 0 0 0 0 0 0 0 0 0 0 0 0 0 0 0 0 0 0 0 0 0 0 0 0 0 0 0 0 0 0 0 0 0 0 0 0 0 0 0 0 0 0 0 0 0 0 0 0 0 0 0 0 0 0
0 0 0 0 0 0 0 0 0 0 0 0 0 0 0 0 0 0 0 0 0 0 0 0 0 0 0 0 0 0 0 0 0 0 0 0 0 0 0 0 0 0 0 0 0 0 0 0 0 0 0 0 0 0 0 0 0 0 0 0 0 0 0 0 0 0 0 0 0 0 0 0 0 0 0 0 0 0 0 0 0 0 0 0 0 0 0 0 0 0 0 0 0 0 0 0 0 0 0 0 0 0 0 0 0 0 0 0 0 0 0 0 0 0 0 0 0 0 0 0 0 0 0 0 0 0 0 0 0 0 0 0 0 0 0 0 0 0 0 0 0 0 0 0 0 0 0 0 0 0
0 0 0 0 0 0 0 0 0 0 0 0 0 0 0 0 0 0 0 0 0 0 0 0 0 0 0 0 0 0 0 0 0 0 0 0 0 0 0 0 0 0 0 0 0 0 0 0 0 0 0 0 0 0 0 0 0 0 0 0 0 0 0 0 0 0 0 0 0 0 0 0 0 0 0 0 0 0 0 0 0 0 0 0 0 0 0 0 0 0 0 0 0 0 0 0 0 0 0 0 0 0 0 0 0 0 0 0 0 0 0 0 0 0 0 0 0 0 0 0 0 0 0 0 0 0 0 0 0 0 0 0 0 0 0 0 0 0 0 0 0 0 0 0 0 0 0 0 0 0
0 0 0 0 0 0 0 0 0 0 0 0 0 0 0 0 0 0 0 0 0 0 0 0 0 0 0 0 0 0 0 0 0 0 0 0 0 0 0 0 0 0 0 0 0 0 0 0 0 0 0 0 0 0 0 0 0 0 0 0 0 0 0 0 0 0 0 0 0 0 0 0 0 0 0 0 0 0 0 0 0 0 0 0 0 0 0 0 0 0 0 0 0 0 0 0 0 0 0 0 0 0 0 0 0 0 0 0 0 0 0 0 0 0 0 0 0 0 0 0 0 0 0 0 0 0 0 0 0 0 0 0 0 0 0 0 0 0 0 0 0 0 0 0 0 0 0 0 0 0
0 0 0 0 0 0 0 0 0 0 0 0 0 0 0 0 0 0 0 0 0 0 0 0 0 0 0 0 0 0 0 0 0 0 0 0 0 0 0 0 0 0 0 0 0 0 0 0 0 0 0 0 0 0 0 0 0 0 0 0 0 0 0 0 0 0 0 0 0 0 0 0 0 0 0 0 0 0 0 0 0 0 0 0 0 0 0 0 0 0 0 0 0 0 0 0 0 0 0 0 0 0 0 0 0 0 0 0 0 0 0 0 0 0 0 0 0 0 0 0 0 0 0 0 0 0 0 0 0 0 0 0 0 0 0 0 0 0 0 0 0 0 0 0 0 0 0 0 0 0
0 0 0 0 0 0 0 0 0 0 0 0 0 0 0 0 0 0 0 0 0 0 0 0 0 0 0 0 0 0 0 0 0 0 0 0 0 0 0 0 0 0 0 0 0 0 0 0 0 0 0 0 0 0 0 0 0 0 0 0 0 0 0 0 0 0 0 0 0 0 0 0 0 0 0 0 0 0 0 0 0 0 0 0 0 0 0 0 0 0 0 0 0 0 0 0 0 0 0 0 0 0 0 0 0 0 0 0 0 0 0 0 0 0 0 0 0 0 0 0 0 0 0 0 0 0 0 0 0 0 0 0 0 0 0 0 0 0 0 0 0 0 0 0 0 0 0 0 0 0
0 0 0 0 0 0 0 0 0 0 0 0 0 0 0 0 0 0 0 0 0 0 0 0 0 0 0 0 0 0 0 0 0 0 0 0 0 0 0 0 0 0 0 0 0 0 0 0 0 0 0 0 0 0 0 0 0 0 0 0 0 0 0 0 0 0 0 0 0 0 0 0 0 0 0 0 0 0 0 0 0 0 0 0 0 0 0 0 0 0 0 0 0 0 0 0 0 0 0 0 0 0 0 0 0 0 0 0 0 0 0 0 0 0 0 0 0 0 0 0 0 0 0 0 0 0 0 0 0 0 0 0 0 0 0 0 0 0 0 0 0 0 0 0 0 0 0 0 0 0
0 0 0 0 0 0 0 0 0 0 0 0 0 0 0 0 0 0 0 0 0 0 0 0 0 0 0 0 0 0 0 0 0 0 0 0 0 0 0 0 0 0 0 0 0 0 0 0 0 0 0 0 0 0 0 0 0 0 0 0 0 0 0 0 0 0 0 0 0 0 0 0 0 0 0 0 0 0 0 0 0 0 0 0 0 0 0 0 0 0 0 0 0 0 0 0 0 0 0 0 0 0 0 0 0 0 0 0 0 0 0 0 0 0 0 0 0 0 0 0 0 0 0 0 0 0 0 0 0 0 0 0 0 0 0 0 0 0 0 0 0 0 0 0 0 0 0 0 0 0
0 0 0 0 0 0 0 0 0 0 0 0 0 0 0 0 0 0 0 0 0 0 0 0 0 0 0 0 0 0 0 0 0 0 0 0 0 0 0 0 0 0 0 0 0 0 0 0 0 0 0 0 0 0 0 0 0 0 0 0 0 0 0 0 0 0 0 0 0 0 0 0 0 0 0 0 0 0 0 0 0 0 0 0 0 0 0 0 0 0 0 0 0 0 0 0 0 0 0 0 0 0 0 0 0 0 0 0 0 0 0 0 0 0 0 0 0 0 0 0 0 0 0 0 0 0 0 0 0 0 0 0 0 0 0 0 0 0 0 0 0 0 0 0 0 0 0 0 0 0
0 0 0 0 0 0 0 0 0 0 0 0 0 0 0 0 0 0 0 0 0 0 0 0 0 0 0 0 0 0 0 0 0 0 0 0 0 0 0 0 0 0 0 0 0 0 0 0 0 0 0 0 0 0 0 0 0 0 0 0 0 0 0 0 0 0 0 0 0 0 0 0 0 0 0 0 0 0 0 0 0 0 0 0 0 0 0 0 0 0 0 0 0 0 0 0 0 0 0 0 0 0 0 0 0 0 0 0 0 0 0 0 0 0 0 0 0 0 0 0 0 0 0 0 0 0 0 0 0 0 0 0 0 0 0 0 0 0 0 0 0 0 0 0 0 0 0 0 0 0
0 0 0 0 0 0 0 0 0 0 0 0 0 0 0 0 0 0 0 0 0 0 0 0 0 0 0 0 0 0 0 0 0 0 0 0 0 0 0 0 0 0 0 0 0 0 0 0 0 0 0 0 0 0 0 0 0 0 0 0 0 0 0 0 0 0 0 0 0 0 0 0 0 0 0 0 0 0 0 0 0 0 0 0 0 0 0 0 0 0 0 0 0 0 0 0 0 0 0 0 0 0 0 0 0 0 0 0 0 0 0 0 0 0 0 0 0 0 0 0 0 0 0 0 0 0 0 0 0 0 0 0 0 0 0 0 0 0 0 0 0 0 0 0 0 0 0 0 0 0
0 0 0 0 0 0 0 0 0 0 0 0 0 0 0 0 0 0 0 0 0 0 0 0 0 0 0 0 0 0 0 0 0 0 0 0 0 0 0 0 0 0 0 0 0 0 0 0 0 0 0 0 0 0 0 0 0 0 0 0 0 0 0 0 0 0 0 0 0 0 0 0 0 0 0 0 0 0 0 0 0 0 0 0 0 0 0 0 0 0 0 0 0 0 0 0 0 0 0 0 0 0 0 0 0 0 0 0 0 0 0 0 0 0 0 0 0 0 0 0 0 0 0 0 0 0 0 0 0 0 0 0 0 0 0 0 0 0 0 0 0 0 0 0 0 0 0 0 0 0
0 0 0 0 0 0 0 0 0 0 0 0 0 0 0 0 0 0 0 0 0 0 0 0 0 0 0 0 0 0 0 0 0 0 0 0 0 0 0 0 0 0 0 0 0 0 0 0 0 0 0 0 0 0 0 0 0 0 0 0 0 0 0 0 0 0 0 0 0 0 0 0 0 0 0 0 0 0 0 0 0 0 0 0 0 0 0 0 0 0 0 0 0 0 0 0 0 0 0 0 0 0 0 0 0 0 0 0 0 0 0 0 0 0 0 0 0 0 0 0 0 0 0 0 0 0 0 0 0 0 0 0 0 0 0 0 0 0 0 0 0 0 0 0 0 0 0 0 0 0
0 0 0 0 0 0 0 0 0 0 0 0 0 0 0 0 0 0 0 0 0 0 0 0 0 0 0 0 0 0 0 0 0 0 0 0 0 0 0 0 0 0 0 0 0 0 0 0 0 0 0 0 0 0 0 0 0 0 0 0 0 0 0 0 0 0 0 0 0 0 0 0 0 0 0 0 0 0 0 0 0 0 0 0 0 0 0 0 0 0 0 0 0 0 0 0 0 0 0 0 0 0 0 0 0 0 0 0 0 0 0 0 0 0 0 0 0 0 0 0 0 0 0 0 0 0 0 0 0 0 0 0 0 0 0 0 0 0 0 0 0 0 0 0 0 0 0 0 0 0
0 0 0 0 0 0 0 0 0 0 0 0 0 0 0 0 0 0 0 0 0 0 0 0 0 0 0 0 0 0 0 0 0 0 0 0 0 0 0 0 0 0 0 0 0 0 0 0 0 0 0 0 0 0 0 0 0 0 0 0 0 0 0 0 0 0 0 0 0 0 0 0 0 0 0 0 0 0 0 0 0 0 0 0 0 0 0 0 0 0 0 0 0 0 0 0 0 0 0 0 0 0 0 0 0 0 0 0 0 0 0 0 0 0 0 0 0 0 0 0 0 0 0 0 0 0 0 0 0 0 0 0 0 0 0 0 0 0 0 0 0 0 0 0 0 0 0 0 0 0
0 0 0 0 0 0 0 0 0 0 0 0 0 0 0 0 0 0 0 0 0 0 0 0 0 0 0 0 0 0 0 0 0 0 0 0 0 0 0 0 0 0 0 0 0 0 0 0 0 0 0 0 0 0 0 0 0 0 0 0 0 0 0 0 0 0 0 0 0 0 0 0 0 0 0 0 0 0 0 0 0 0 0 0 0 0 0 0 0 0 0 0 0 0 0 0 0 0 0 0 0 0 0 0 0 0 0 0 0 0 0 0 0 0 0 0 0 0 0 0 0 0 0 0 0 0 0 0 0 0 0 0 0 0 0 0 0 0 0 0 0 0 0 0 0 0 0 0 0 0
0 0 0 0 0 0 0 0 0 0 0 0 0 0 0 0 0 0 0 0 0 0 0 0 0 0 0 0 0 0 0 0 0 0 0 0 0 0 0 0 0 0 0 0 0 0 0 0 0 0 0 0 0 0 0 0 0 0 0 0 0 0 0 0 0 0 0 0 0 0 0 0 0 0 0 0 0 0 0 0 0 0 0 0 0 0 0 0 0 0 0 0 0 0 0 0 0 0 0 0 0 0 0 0 0 0 0 0 0 0 0 0 0 0 0 0 0 0 0 0 0 0 0 0 0 0 0 0 0 0 0 0 0 0 0 0 0 0 0 0 0 0 0 0 0 0 0 0 0 0
0 0 0 0 0 0 0 0 0 0 0 0 0 0 0 0 0 0 0 0 0 0 0 0 0 0 0 0 0 0 0 0 0 0 0 0 0 0 0 0 0 0 0 0 0 0 0 0 0 0 0 0 0 0 0 0 0 0 0 0 0 0 0 0 0 0 0 0 0 0 0 0 0 0 0 0 0 0 0 0 0 0 0 0 0 0 0 0 0 0 0 0 0 0 0 0 0 0 0 0 0 0 0 0 0 0 0 0 0 0 0 0 0 0 0 0 0 0 0 0 0 0 0 0 0 0 0 0 0 0 0 0 0 0 0 0 0 0 0 0 0 0 0 0 0 0 0 0 0 0
0 0 0 0 0 0 0 0 0 0 0 0 0 0 0 0 0 0 0 0 0 0 0 0 0 0 0 0 0 0 0 0 0 0 0 0 0 0 0 0 0 0 0 0 0 0 0 0 0 0 0 0 0 0 0 0 0 0 0 0 0 0 0 0 0 0 0 0 0 0 0 0 0 0 0 0 0 0 0 0 0 0 0 0 0 0 0 0 0 0 0 0 0 0 0 0 0 0 0 0 0 0 0 0 0 0 0 0 0 0 0 0 0 0 0 0 0 0 0 0 0 0 0 0 0 0 0 0 0 0 0 0 0 0 0 0 0 0 0 0 0 0 0 0 0 0 0 0 0 0
0 0 0 0 0 0 0 0 0 0 0 0 0 0 0 0 0 0 0 0 0 0 0 0 0 0 0 0 0 0 0 0 0 0 0 0 0 0 0 0 0 0 0 0 0 0 0 0 0 0 0 0 0 0 0 0 0 0 0 0 0 0 0 0 0 0 0 0 0 0 0 0 0 0 0 0 0 0 0 0 0 0 0 0 0 0 0 0 0 0 0 0 0 0 0 0 0 0 0 0 0 0 0 0 0 0 0 0 0 0 0 0 0 0 0 0 0 0 0 0 0 0 0 0 0 0 0 0 0 0 0 0 0 0 0 0 0 0 0 0 0 0 0 0 0 0 0 0 0 0
0 0 0 0 0 0 0 0 0 0 0 0 0 0 0 0 0 0 0 0 0 0 0 0 0 0 0 0 0 0 0 0 0 0 0 0 0 0 0 0 0 0 0 0 0 0 0 0 0 0 0 0 0 0 0 0 0 0 0 0 0 0 0 0 0 0 0 0 0 0 0 0 0 0 0 0 0 0 0 0 0 0 0 0 0 0 0 0 0 0 0 0 0 0 0 0 0 0 0 0 0 0 0 0 0 0 0 0 0 0 0 0 0 0 0 0 0 0 0 0 0 0 0 0 0 0 0 0 0 0 0 0 0 0 0 0 0 0 0 0 0 0 0 0 0 0 0 0 0 0
0 0 0 0 0 0 0 0 0 0 0 0 0 0 0 0 0 0 0 0 0 0 0 0 0 0 0 0 0 0 0 0 0 0 0 0 0 0 0 0 0 0 0 0 0 0 0 0 0 0 0 0 0 0 0 0 0 0 0 0 0 0 0 0 0 0 0 0 0 0 0 0 0 0 0 0 0 0 0 0 0 0 0 0 0 0 0 0 0 0 0 0 0 0 0 0 0 0 0 0 0 0 0 0 0 0 0 0 0 0 0 0 0 0 0 0 0 0 0 0 0 0 0 0 0 0 0 0 0 0 0 0 0 0 0 0 0 0 0 0 0 0 0 0 0 0 0 0 0 0
0 0 0 0 0 0 0 0 0 0 0 0 0 0 0 0 0 0 0 0 0 0 0 0 0 0 0 0 0 0 0 0 0 0 0 0 0 0 0 0 0 0 0 0 0 0 0 0 0 0 0 0 0 0 0 0 0 0 0 0 0 0 0 0 0 0 0 0 0 0 0 0 0 0 0 0 0 0 0 0 0 0 0 0 0 0 0 0 0 0 0 0 0 0 0 0 0 0 0 0 0 0 0 0 0 0 0 0 0 0 0 0 0 0 0 0 0 0 0 0 0 0 0 0 0 0 0 0 0 0 0 0 0 0 0 0 0 0 0 0 0 0 0 0 0 0 0 0 0 0
0 0 0 0 0 0 0 0 0 0 0 0 0 0 0 0 0 0 0 0 0 0 0 0 0 0 0 0 0 0 0 0 0 0 0 0 0 0 0 0 0 0 0 0 0 0 0 0 0 0 0 0 0 0 0 0 0 0 0 0 0 0 0 0 0 0 0 0 0 0 0 0 0 0 0 0 0 0 0 0 0 0 0 0 0 0 0 0 0 0 0 0 0 0 0 0 0 0 0 0 0 0 0 0 0 0 0 0 0 0 0 0 0 0 0 0 0 0 0 0 0 0 0 0 0 0 0 0 0 0 0 0 0 0 0 0 0 0 0 0 0 0 0 0 0 0 0 0 0 0
0 0 0 0 0 0 0 0 0 0 0 0 0 0 0 0 0 0 0 0 0 0 0 0 0 0 0 0 0 0 0 0 0 0 0 0 0 0 0 0 0 0 0 0 0 0 0 0 0 0 0 0 0 0 0 0 0 0 0 0 0 0 0 0 0 0 0 0 0 0 0 0 0 0 0 0 0 0 0 0 0 0 0 0 0 0 0 0 0 0 0 0 0 0 0 0 0 0 0 0 0 0 0 0 0 0 0 0 0 0 0 0 0 0 0 0 0 0 0 0 0 0 0 0 0 0 0 0 0 0 0 0 0 0 0 0 0 0 0 0 0 0 0 0 0 0 0 0 0 0
