0 0 0 0 0 0 0 0 0 0 0 0 0 0 0 0 0 0 0 0 0 0 0 0 0 0 0 0 0 0 0 0 0 0 0 0 0 0 0 0 0 0 0 0 0 0 0 0 0 0 0 0 0 0 0 0 0 0 0 0 0 0 0 0 0 0 0 0 0 0 0 0 0 0 0 0 0 0 0 0 0 0 0 0 0 0 0 0 0 0 0 0 0 0 0 0 0 0 0 0 0 0 0 0 0 0 0 0 0 0 0 0 0 0 0 0 0 0 0 0 0 0 0 0 0 0 0 0 0 0 0 0 0 0 0 0 0 0 0 0 0 0 0 0 0 0 0 0 0 0
0 0 0 0 0 0 0 0 0 0 0 0 0 0 0 0 0 0 0 0 0 0 0 0 0 0 0 0 0 0 0 0 0 0 0 0 0 0 0 0 0 0 0 0 0 0 0 0 0 0 0 0 0 0 0 0 0 0 0 0 0 0 0 0 0 0 0 0 0 0 0 0 0 0 0 0 0 0 0 0 0 0 0 0 0 0 0 0 0 0 0 0 0 0 0 0 0 0 0 0 0 0 0 0 0 0 0 0 0 0 0 0 0 0 0 0 0 0 0 0 0 0 0 0 0 0 0 0 0 0 0 0 0 0 0 0 0 0 0 0 0 0 0 0 0 0 0 0 0 0
0 0 0 0 0 0 0 0 0 0 0 0 0 0 0 0 0 0 0 0 0 0 0 0 0 0 0 0 0 0 0 0 0 0 0 0 0 0 0 0 0 0 0 0 0 0 0 0 0 0 0 0 0 0 0 0 0 0 0 0 0 0 0 0 0 0 0 0 0 0 0 0 0 0 0 0 0 0 0 0 0 0 0 0 0 0 0 0 0 0 0 0 0 0 0 0 0 0 0 0 0 0 0 0 0 0 0 0 0 0 0 0 0 0 0 0 0 0 0 0 0 0 0 0 0 0 0 0 0 0 0 0 0 0 0 0 0 0 0 0 0 0 0 0 0 0 0 0 0 0
0 0 0 0 0 0 0 0 0 0 0 0 0 0 0 0 0 0 0 0 0 0 0 0 0 0 0 0 0 0 0 0 0 0 0 0 0 0 0 0 0 0 0 0 0 0 0 0 0 0 0 0 0 0 0 0 0 0 0 0 0 0 0 0 0 0 0 0 0 0 0 0 0 0 0 0 0 0 0 0 0 0 0 0 0 0 0 0 0 0 0 0 0 0 0 0 0 0 0 0 0 0 0 0 0 0 0 0 0 0 0 0 0 0 0 0 0 0 0 0 0 0 0 0 0 0 0 0 0 0 0 0 0 0 0 0 0 0 0 0 0 0 0 0 0 0 0 0 0 0
0 0 0 0 0 0 0 0 0 0 0 0 0 0 0 0 0 0 0 0 0 0 0 0 0 0 0 0 0 0 0 0 0 0 0 0 0 0 0 0 0 0 0 0 0 0 0 0 0 0 0 0 0 0 0 0 0 0 0 0 0 0 0 0 0 0 0 0 0 0 0 0 0 0 0 0 0 0 0 0 0 0 0 0 0 0 0 0 0 0 0 0 0 0 0 0 0 0 0 0 0 0 0 0 0 0 0 0 0 0 0 0 0 0 0 0 0 0 0 0 0 0 0 0 0 0 0 0 0 0 0 0 0 0 0 0 0 0 0 0 0 0 0 0 0 0 0 0 0 0
0 0 0 0 0 0 0 0 0 0 0 0 0 0 0 0 0 0 0 0 0 0 0 0 0 0 0 0 0 0 0 0 0 0 0 0 0 0 0 0 0 0 0 0 0 0 0 0 0 0 0 0 0 0 0 0 0 0 0 0 0 0 0 0 0 0 0 0 0 0 0 0 0 0 0 0 0 0 0 0 0 0 0 0 0 0 0 0 0 0 0 0 0 0 0 0 0 0 0 0 0 0 0 0 0 0 0 0 0 0 0 0 0 0 0 0 0 0 0 0 0 0 0 0 0 0 0 0 0 0 0 0 0 0 0 0 0 0 0 0 0 0 0 0 0 0 0 0 0 0
0 0 0 0 0 0 0 0 0 0 0 0 0 0 0 0 0 0 0 0 0 0 0 0 0 0 0 0 0 0 0 0 0 0 0 0 0 0 0 0 0 0 0 0 0 0 0 0 0 0 0 0 0 0 0 0 0 0 0 0 0 0 0 0 0 0 0 0 0 0 0 0 0 0 0 0 0 0 0 0 0 0 0 0 0 0 0 0 0 0 0 0 0 0 0 0 0 0 0 0 0 0 0 0 0 0 0 0 0 0 0 0 0 0 0 0 0 0 0 0 0 0 0 0 0 0 0 0 0 0 0 0 0 0 0 0 0 0 0 0 0 0 0 0 0 0 0 0 0 0
0 0 0 0 0 0 0 0 0 0 0 0 0 0 0 0 0 0 0 0 0 0 0 0 0 0 0 0 0 0 0 0 0 0 0 0 0 0 0 0 0 0 0 0 0 0 0 0 0 0 0 0 0 0 0 0 0 0 0 0 0 0 0 0 0 0 0 0 0 0 0 0 0 0 0 0 0 0 0 0 0 0 0 0 0 0 0 0 0 0 0 0 0 0 0 0 0 0 0 0 0 0 0 0 0 0 0 0 0 0 0 0 0 0 0 0 0 0 0 0 0 0 0 0 0 0 0 0 0 0 0 0 0 0 0 0 0 0 0 0 0 0 0 0 0 0 0 0 0 0
0 0 0 0 0 0 0 0 0 0 0 0 0 0 0 0 0 0 0 0 0 0 0 0 0 0 0 0 0 0 0 0 0 0 0 0 0 0 0 0 0 0 0 0 0 0 0 0 0 0 0 0 0 0 0 0 0 0 0 0 0 0 0 0 0 0 0 0 0 0 0 0 0 0 0 0 0 0 0 0 0 0 0 0 0 0 0 0 0 0 0 0 0 0 0 0 0 0 0 0 0 0 0 0 0 0 0 0 0 0 0 0 0 0 0 0 0 0 0 0 0 0 0 0 0 0 0 0 0 0 0 0 0 0 0 0 0 0 0 0 0 0 0 0 0 0 0 0 0 0
0 0 0 0 0 0 0 0 0 0 0 0 0 0 0 0 0 0 0 0 0 0 0 0 0 0 0 0 0 0 0 0 0 0 0 0 0 0 0 0 0 0 0 0 0 0 0 0 0 0 0 0 0 0 0 0 0 0 0 0 0 0 0 0 0 0 0 0 0 0 0 0 0 0 0 0 0 0 0 0 0 0 0 0 0 0 0 0 0 0 0 0 0 0 0 0 0 0 0 0 0 0 0 0 0 0 0 0 0 0 0 0 0 0 0 0 0 0 0 0 0 0 0 0 0 0 0 0 0 0 0 0 0 0 0 0 0 0 0 0 0 0 0 0 0 0 0 0 0 0
0 0 0 0 0 0 0 0 0 0 0 0 0 0 0 0 0 0 0 0 0 0 0 0 0 0 0 0 0 0 0 0 0 0 0 0 0 0 0 0 0 0 0 0 0 0 0 0 0 0 0 0 0 0 0 0 0 0 0 0 0 0 0 0 0 0 0 0 0 0 0 0 0 0 0 0 0 0 0 0 0 0 0 0 0 0 0 0 0 0 0 0 0 0 0 0 0 0 0 0 0 0 0 0 0 0 0 0 0 0 0 0 0 0 0 0 0 0 0 0 0 0 0 0 0 0 0 0 0 0 0 0 0 0 0 0 0 0 0 0 0 0 0 0 0 0 0 0 0 0
0 0 0 0 0 0 0 0 0 0 0 0 0 0 0 0 0 0 0 0 0 0 0 0 0 0 0 0 0 0 0 0 0 0 0 0 0 0 0 0 0 0 0 0 0 0 0 0 0 0 0 0 0 0 0 0 0 0 0 0 0 0 0 0 0 0 0 0 0 0 0 0 0 0 0 0 0 0 0 0 0 0 0 0 0 0 0 0 0 0 0 0 0 0 0 0 0 0 0 0 0 0 0 0 0 0 0 0 0 0 0 0 0 0 0 0 0 0 0 0 0 0 0 0 0 0 0 0 0 0 0 0 0 0 0 0 0 0 0 0 0 0 0 0 0 0 0 0 0 0
0 0 0 0 0 0 0 0 0 0 0 0 0 0 0 0 0 0 0 0 0 0 0 0 0 0 0 0 0 0 0 0 0 0 0 0 0 0 0 0 0 0 0 0 0 0 0 0 0 0 0 0 0 0 0 0 0 0 0 0 0 0 0 0 0 0 0 0 0 0 0 0 0 0 0 0 0 0 0 0 0 0 0 0 0 0 0 0 0 0 0 0 0 0 0 0 0 0 0 0 0 0 0 0 0 0 0 0 0 0 0 0 0 0 0 0 0 0 0 0 0 0 0 0 0 0 0 0 0 0 0 0 0 0 0 0 0 0 0 0 0 0 0 0 0 0 0 0 0 0
0 0 0 0 0 0 0 0 0 0 0 0 0 0 0 0 0 0 0 0 0 0 0 0 0 0 0 0 0 0 0 0 0 0 0 0 0 0 0 0 0 0 0 0 0 0 0 0 0 0 0 0 0 0 0 0 0 0 0 0 0 0 0 0 0 0 0 0 0 0 0 0 0 0 0 0 0 0 0 0 0 0 0 0 0 0 0 0 0 0 0 0 0 0 0 0 0 0 0 0 0 0 0 0 0 0 0 0 0 0 0 0 0 0 0 0 0 0 0 0 0 0 0 0 0 0 0 0 0 0 0 0 0 0 0 0 0 0 0 0 0 0 0 0 0 0 0 0 0 0
0 0 0 0 0 0 0 0 0 0 0 0 0 0 0 0 0 0 0 0 0 0 0 0 0 0 0 0 0 0 0 0 0 0 0 0 0 0 0 0 0 0 0 0 0 0 0 0 0 0 0 0 0 0 0 0 0 0 0 0 0 0 0 0 0 0 0 0 0 0 0 0 0 0 0 0 0 0 0 0 0 0 0 0 0 0 0 0 0 0 0 0 0 0 0 0 0 0 0 0 0 0 0 0 0 0 0 0 0 0 0 0 0 0 0 0 0 0 0 0 0 0 0 0 0 0 0 0 0 0 0 0 0 0 0 0 0 0 0 0 0 0 0 0 0 0 0 0 0 0
0 0 0 0 0 0 0 0 0 0 0 0 0 0 0 0 0 0 0 0 0 0 0 0 0 0 0 0 0 0 0 0 0 0 0 0 0 0 0 0 0 0 0 0 0 0 0 0 0 0 0 0 0 0 0 0 0 0 0 0 0 0 0 0 0 0 0 0 0 0 0 0 0 0 0 0 0 0 0 0 0 0 0 0 0 0 0 0 0 0 0 0 0 0 0 0 0 0 0 0 0 0 0 0 0 0 0 0 0 0 0 0 0 0 0 0 0 0 0 0 0 0 0 0 0 0 0 0 0 0 0 0 0 0 0 0 0 0 0 0 0 0 0 0 0 0 0 0 0 0
0 0 0 0 0 0 0 0 0 0 0 0 0 0 0 0 0 0 0 0 0 0 0 0 0 0 0 0 0 0 0 0 0 0 0 0 0 0 0 0 0 0 0 0 0 0 0 0 0 0 0 0 0 0 0 0 0 0 0 0 0 0 0 0 0 0 0 0 0 0 0 0 0 0 0 0 0 0 0 0 0 0 0 0 0 0 0 0 0 0 0 0 0 0 0 0 0 0 0 0 0 0 0 0 0 0 0 0 0 0 0 0 0 0 0 0 0 0 0 0 0 0 0 0 0 0 0 0 0 0 0 0 0 0 0 0 0 0 0 0 0 0 0 0 0 0 0 0 0 0
0 0 0 0 0 0 0 0 0 0 0 0 0 0 0 0 0 0 0 0 0 0 0 0 0 0 0 0 0 0 0 0 0 0 0 0 0 0 0 0 0 0 0 0 0 0 0 0 0 0 0 0 0 0 0 0 0 0 0 0 0 0 0 0 0 0 0 0 0 0 0 0 0 0 0 0 0 0 0 0 0 0 0 0 0 0 0 0 0 0 0 0 0 0 0 0 0 0 0 0 0 0 0 0 0 0 0 0 0 0 0 0 0 0 0 0 0 0 0 0 0 0 0 0 0 0 0 0 0 0 0 0 0 0 0 0 0 0 0 0 0 0 0 0 0 0 0 0 0 0
0 0 0 0 0 0 0 0 0 0 0 0 0 0 0 0 0 0 0 0 0 0 0 0 0 0 0 0 0 0 0 0 0 0 0 0 0 0 0 0 0 0 0 0 0 0 0 0 0 0 0 0 0 0 0 0 0 0 0 0 0 0 0 0 0 0 0 0 0 0 0 0 0 0 0 0 0 0 0 0 0 0 0 0 0 0 0 0 0 0 0 0 0 0 0 0 0 0 0 0 0 0 0 0 0 0 0 0 0 0 0 0 0 0 0 0 0 0 0 0 0 0 0 0 0 0 0 0 0 0 0 0 0 0 0 0 0 0 0 0 0 0 0 0 0 0 0 0 0 0
0 0 0 0 0 0 0 0 0 0 0 0 0 0 0 0 0 0 0 0 0 0 0 0 0 0 0 0 0 0 0 0 0 0 0 0 0 0 0 0 0 0 0 0 0 0 0 0 0 0 0 0 0 0 0 0 0 0 0 0 0 0 0 0 0 0 0 0 0 0 0 0 0 0 0 0 0 0 0 0 0 0 0 0 0 0 0 0 0 0 0 0 0 0 0 0 0 0 0 0 0 0 0 0 0 0 0 0 0 0 0 0 0 0 0 0 0 0 0 0 0 0 0 0 0 0 0 0 0 0 0 0 0 0 0 0 0 0 0 0 0 0 0 0 0 0 0 0 0 0
0 0 0 0 0 0 0 0 0 0 0 0 0 0 0 0 0 0 0 0 0 0 0 0 0 0 0 0 0 0 0 0 0 0 0 0 0 0 0 0 0 0 0 0 0 0 0 0 0 0 0 0 0 0 0 0 0 0 0 0 0 0 0 0 0 0 0 0 0 0 0 0 0 0 0 0 0 0 0 0 0 0 0 0 0 0 0 0 0 0 0 0 0 0 0 0 0 0 0 0 0 0 0 0 0 0 0 0 0 0 0 0 0 0 0 0 0 0 0 0 0 0 0 0 0 0 0 0 0 0 0 0 0 0 0 0 0 0 0 0 0 0 0 0 0 0 0 0 0 0
0 0 0 0 0 0 0 0 0 0 0 0 0 0 0 0 0 0 0 0 0 0 0 0 0 0 0 0 0 0 0 0 0 0 0 0 0 0 0 0 0 0 0 0 0 0 0 0 0 0 0 0 0 0 0 0 0 0 0 0 0 0 0 0 0 0 0 0 0 0 0 0 0 0 0 0 0 0 0 0 0 0 0 0 0 0 0 0 0 0 0 0 0 0 0 0 0 0 0 0 0 0 0 0 0 0 0 0 0 0 0 0 0 0 0 0 0 0 0 0 0 0 0 0 0 0 0 0 0 0 0 0 0 0 0 0 0 0 0 0 0 0 0 0 0 0 0 0 0 0
0 0 0 0 0 0 0 0 0 0 0 0 0 0 0 0 0 0 0 0 0 0 0 0 0 0 0 0 0 0 0 0 0 0 0 0 0 0 0 0 0 0 0 0 0 0 0 0 0 0 0 0 0 0 0 0 0 0 0 0 0 0 0 0 0 0 0 0 0 0 0 0 0 0 0 0 0 0 0 0 0 0 0 0 0 0 0 0 0 0 0 0 0 0 0 0 0 0 0 0 0 0 0 0 0 0 0 0 0 0 0 0 0 0 0 0 0 0 0 0 0 0 0 0 0 0 0 0 0 0 0 0 0 0 0 0 0 0 0 0 0 0 0 0 0 0 0 0 0 0
0 0 0 0 0 0 0 0 0 0 0 0 0 0 0 0 0 0 0 0 0 0 0 0 0 0 0 0 0 0 0 0 0 0 0 0 0 0 0 0 0 0 0 0 0 0 0 0 0 0 0 0 0 0 0 0 0 0 0 0 0 0 0 0 0 0 0 0 0 0 0 0 0 0 0 0 0 0 0 0 0 0 0 0 0 0 0 0 0 0 0 0 0 0 0 0 0 0 0 0 0 0 0 0 0 0 0 0 0 0 0 0 0 0 0 0 0 0 0 0 0 0 0 0 0 0 0 0 0 0 0 0 0 0 0 0 0 0 0 0 0 0 0 0 0 0 0 0 0 0
0 0 0 0 0 0 0 0 0 0 0 0 0 0 0 0 0 0 0 0 0 0 0 0 0 0 0 0 0 0 0 0 0 0 0 0 0 0 0 0 0 0 0 0 0 0 0 0 0 0 0 0 0 0 0 0 0 0 0 0 0 0 0 0 0 0 0 0 0 0 0 0 0 0 0 0 0 0 0 0 0 0 0 0 0 0 0 0 0 0 0 0 0 0 0 0 0 0 0 0 0 0 0 0 0 0 0 0 0 0 0 0 0 0 0 0 0 0 0 0 0 0 0 0 0 0 0 0 0 0 0 0 0 0 0 0 0 0 0 0 0 0 0 0 0 0 0 0 0 0
0 0 0 0 0 0 0 0 0 0 0 0 0 0 0 0 0 0 0 0 0 0 0 0 0 0 0 0 0 0 0 0 0 0 0 0 0 0 0 0 0 0 0 0 0 0 0 0 0 0 0 0 0 0 0 0 0 0 0 0 0 0 0 0 0 0 0 0 0 0 0 0 0 0 0 0 0 0 0 0 0 0 0 0 0 0 0 0 0 0 0 0 0 0 0 0 0 0 0 0 0 0 0 0 0 0 0 0 0 0 0 0 0 0 0 0 0 0 0 0 0 0 0 0 0 0 0 0 0 0 0 0 0 0 0 0 0 0 0 0 0 0 0 0 0 0 0 0 0 0
0 0 0 0 0 0 0 0 0 0 0 0 0 0 0 0 0 0 0 0 0 0 0 0 0 0 0 0 0 0 0 0 0 0 0 0 0 0 0 0 0 0 0 0 0 0 0 0 0 0 0 0 0 0 0 0 0 0 0 0 0 0 0 0 0 0 0 0 0 0 0 0 0 0 0 0 0 0 0 0 0 0 0 0 0 0 0 0 0 0 0 0 0 0 0 0 0 0 0 0 0 0 0 0 0 0 0 0 0 0 0 0 0 0 0 0 0 0 0 0 0 0 0 0 0 0 0 0 0 0 0 0 0 0 0 0 0 0 0 0 0 0 0 0 0 0 0 0 0 0
0 0 0 0 0 0 0 0 0 0 0 0 0 0 0 0 0 0 0 0 0 0 0 0 0 0 0 0 0 0 0 0 0 0 0 0 0 0 0 0 0 0 0 0 0 0 0 0 0 0 0 0 0 0 0 0 0 0 0 0 0 0 0 0 0 0 0 0 0 0 0 0 0 0 0 0 0 0 0 0 0 0 7.17123e-06 0 0 0 0 0 0 0 0 0 0 0 0 0 0 0 0 0 0 0 0 0 0 0 0 0 0 0 0 0 0 0 0 0 0 0 0 0 0 0 0 0 0 0 0 0 0 0 0 0 0 0 0 0 0 0 0 0 0 0 0 0 0 0 0 0 0 0
0 0 0 0 0 0 0 0 0 0 0 0 0 0 0 0 0 0 0 0 0 0 0 0 0 0 0 0 0 0 0 0 0 0 0 0 0 0 0 0 0 0 0 0 0 0 0 0 0 0 0 0 0 0 0 0 0 0 0 0 0 0 0 0 0 0 0 0 0 0 0 0 0 0 0 0 0 2.95758e-05 3.34651e-05 3.48968e-05 3.35375e-05 2.97044e-05 2.42472e-05 1.82408e-05 1.26468e-05 8.08094e-06 4.75875e-06 2.58266e-06 1.29179e-06 0 0 0 0 0 0 0 0 0 0 0 0 0 0 0 0 0 0 0 0 0 0 0 0 0 0 0 0 0 0 0 0 0 0 0 0 0 0 0 0 0 0 0 0 0 0 0 0 0 0 0 0 0 0 0 0 0 0 0 0 0
0 0 0 0 0 0 0 0 0 0 0 0 0 0 0 0 0 0 0 0 0 0 0 0 0 0 0 0 0 0 0 0 0 0 0 0 0 0 0 0 0 0 0 0 0 0 0 0 0 0 0 0 0 0 0 0 0 0 0 0 0 0 0 0 0 0 0 0 0 0 0 0 0 0 0 5.63504e-05 7.50685e-05 9.21637e-05 0.000104281 0.000108744 0.000104508 9.25636e-05 7.55582e-05 5.68417e-05 3.94096e-05 2.51814e-05 1.48289e-05 8.04798e-06 4.02541e-06 1.85559e-06 0 0 0 0 0 0 0 0 0 0 0 0 0 0 0 0 0 0 0 0 0 0 0 0 0 0 0 0 0 0 0 0 0 0 0 0 0 0 0 0 0 0 0 0 0 0 0 0 0 0 0 0 0 0 0 0 0 0 0 0
0 0 0 0 0 0 0 0 0 0 0 0 0 0 0 0 0 0 0 0 0 0 0 0 0 0 0 0 0 0 0 0 0 0 0 0 0 0 0 0 0 0 0 0 0 0 0 0 0 0 0 0 0 0 0 0 0 0 0 0 0 0 0 0 0 0 0 0 0 0 0 0 0 7.13836e-05 0.000111958 0.000161831 0.000215586 0.000264681 0.000299484 0.000312298 0.000300132 0.000265829 0.000216993 0.00016324 0.000113179 7.52586e-05 4.52178e-05 2.52716e-05 1.31817e-05 6.44059e-06 0 0 0 0 0 0 0 0 0 0 0 0 0 0 0 0 0 0 0 0 0 0 0 0 0 0 0 0 0 0 0 0 0 0 0 0 0 0 0 0 0 0 0 0 0 0 0 0 0 0 0 0 0 0 0 0 0 0 0 0
0 0 0 0 0 0 0 0 0 0 0 0 0 0 0 0 0 0 0 0 0 0 0 0 0 0 0 0 0 0 0 0 0 0 0 0 0 0 0 0 0 0 0 0 0 0 0 0 0 0 0 0 0 0 0 0 0 0 0 0 0 0 0 0 0 0 0 0 0 0 0 0 0.000111019 0.000188933 0.000296326 0.000428328 0.000570603 0.000700546 0.000792649 0.000826571 0.000794375 0.00071011 0.000582478 0.00044144 0.000309483 0.000201061 0.000121333 6.822e-05 3.58657e-05 1.76959e-05 8.21855e-06 0 0 0 0 0 0 0 0 0 0 0 0 0 0 0 0 0 0 0 0 0 0 0 0 0 0 0 0 0 0 0 0 0 0 0 0 0 0 0 0 0 0 0 0 0 0 0 0 0 0 0 0 0 0 0 0 0 0 0
0 0 0 0 0 0 0 0 0 0 0 0 0 0 0 0 0 0 0 0 0 0 0 0 0 0 0 0 0 0 0 0 0 0 0 0 0 0 0 0 0 0 0 0 0 0 0 0 0 0 0 0 0 0 0 0 0 0 0 0 0 0 0 0 0 0 0 0 0 0 0 0.000146659 0.000270809 0.000517513 0.000778565 0.00109659 0.00142646 0.00173967 0.00195883 0.00204521 0.00196553 0.0017445 0.00143065 0.00108502 0.00076208 0.00049606 0.00030091 0.000170371 9.0369e-05 4.50602e-05 2.1171e-05 9.37799e-06 0 0 0 0 0 0 0 0 0 0 0 0 0 0 0 0 0 0 0 0 0 0 0 0 0 0 0 0 0 0 0 0 0 0 0 0 0 0 0 0 0 0 0 0 0 0 0 0 0 0 0 0 0 0 0 0 0 0
0 0 0 0 0 0 0 0 0 0 0 0 0 0 0 0 0 0 0 0 0 0 0 0 0 0 0 0 0 0 0 0 0 0 0 0 0 0 0 0 0 0 0 0 0 0 0 0 0 0 0 0 0 0 0 0 0 0 0 0 0 0 0 0 0 0 0 0 7.95513e-05 0.000132678 0.00026206 0.000480147 0.000779497 0.00121569 0.001802 0.00251314 0.00330869 0.00399421 0.00448496 0.00465005 0.0044555 0.00395163 0.00324329 0.00245866 0.00173177 0.00113341 0.000690838 0.000393825 0.00021095 0.000106369 5.05659e-05 2.26517e-05 0 0 0 0 0 0 0 0 0 0 0 0 0 0 0 0 0 0 0 0 0 0 0 0 0 0 0 0 0 0 0 0 0 0 0 0 0 0 0 0 0 0 0 0 0 0 0 0 0 0 0 0 0 0 0 0 0 0
0 0 0 0 0 0 0 0 0 0 0 0 0 0 0 0 0 0 0 0 0 0 0 0 0 0 0 0 0 0 0 0 0 0 0 0 0 0 0 0 0 0 0 0 0 0 0 0 0 0 0 0 0 0 0 0 0 0 0 0 0 0 0 0 0 0 5.68386e-05 0.000111538 0.00020178 0.000401123 0.000680193 0.00111029 0.00175271 0.00274166 0.00397758 0.00545556 0.00701779 0.0084392 0.00941916 0.009739 0.00932388 0.00826257 0.00677978 0.00515563 0.00364106 0.00239349 0.00146787 0.000844748 0.000457098 0.000233007 0.000111963 5.06918e-05 2.15428e-05 0 0 0 0 0 0 0 0 0 0 0 0 0 0 0 0 0 0 0 0 0 0 0 0 0 0 0 0 0 0 0 0 0 0 0 0 0 0 0 0 0 0 0 0 0 0 0 0 0 0 0 0 0 0 0 0 0
0 0 0 0 0 0 0 0 0 0 0 0 0 0 0 0 0 0 0 0 0 0 0 0 0 0 0 0 0 0 0 0 0 0 0 0 0 0 0 0 0 0 0 0 0 0 0 0 0 0 0 0 0 0 0 0 0 0 0 0 0 0 0 0 2.71994e-05 6.26233e-05 0.000133088 0.000260956 0.00051767 0.000908809 0.00151215 0.00249003 0.00383608 0.00568844 0.00807908 0.010905 0.0138841 0.0165235 0.0183195 0.0188668 0.0180202 0.0159534 0.0130954 0.00997781 0.00707004 0.00467273 0.00288991 0.00167832 0.000917324 0.000473219 0.000230001 0.00010514 4.50042e-05 0 0 0 0 0 0 0 0 0 0 0 0 0 0 0 0 0 0 0 0 0 0 0 0 0 0 0 0 0 0 0 0 0 0 0 0 0 0 0 0 0 0 0 0 0 0 0 0 0 0 0 0 0 0 0 0 0
0 0 0 0 0 0 0 0 0 0 0 0 0 0 0 0 0 0 0 0 0 0 0 0 0 0 0 0 0 0 0 0 0 0 0 0 0 0 0 0 0 0 0 0 0 0 0 0 0 0 0 0 0 0 0 0 0 0 0 0 0 0 0 2.39626e-05 5.92293e-05 0.000135732 0.00028779 0.00058658 0.00110093 0.0019596 0.00323681 0.00508726 0.00766126 0.0110867 0.0153998 0.0204035 0.025557 0.0300765 0.0330795 0.0338806 0.0322494 0.028504 0.023399 0.0178614 0.012706 0.00844769 0.00526709 0.00308972 0.00170873 0.000891239 0.000437585 0.000201749 8.70112e-05 0 0 0 0 0 0 0 0 0 0 0 0 0 0 0 0 0 0 0 0 0 0 0 0 0 0 0 0 0 0 0 0 0 0 0 0 0 0 0 0 0 0 0 0 0 0 0 0 0 0 0 0 0 0 0 0 0
0 0 0 0 0 0 0 0 0 0 0 0 0 0 0 0 0 0 0 0 0 0 0 0 0 0 0 0 0 0 0 0 0 0 0 0 0 0 0 0 0 0 0 0 0 0 0 0 0 0 0 0 0 0 0 0 0 0 0 0 0 0 1.88935e-05 4.91925e-05 0.000120114 0.000272986 0.000591017 0.00117539 0.00220899 0.00383634 0.00627042 0.00970945 0.0143472 0.0203077 0.0275749 0.0357522 0.0440044 0.0510756 0.055595 0.056521 0.0535374 0.0471996 0.0387294 0.0296162 0.0211535 0.0141554 0.00890315 0.00527678 0.00295039 0.00155546 0.000771202 0.000358249 0.0001554 0 0 0 0 0 0 0 0 0 0 0 0 0 0 0 0 0 0 0 0 0 0 0 0 0 0 0 0 0 0 0 0 0 0 0 0 0 0 0 0 0 0 0 0 0 0 0 0 0 0 0 0 0 0 0 0 0
0 0 0 0 0 0 0 0 0 0 0 0 0 0 0 0 0 0 0 0 0 0 0 0 0 0 0 0 0 0 0 0 0 0 0 0 0 0 0 0 0 0 0 0 0 0 0 0 0 0 0 0 0 0 0 0 0 0 0 0 0 1.42914e-05 3.79026e-05 9.58491e-05 0.000228779 0.000520952 0.00109621 0.00218987 0.00403732 0.00696478 0.011285 0.0172746 0.0251202 0.0348891 0.0463585 0.0588505 0.0710619 0.0811638 0.0872301 0.0878355 0.0826482 0.072573 0.0594732 0.0455429 0.0326639 0.0220058 0.0139634 0.0083621 0.00472605 0.00251635 0.00125815 0.000588475 0.000256464 0.000103876 0 0 0 0 0 0 0 0 0 0 0 0 0 0 0 0 0 0 0 0 0 0 0 0 0 0 0 0 0 0 0 0 0 0 0 0 0 0 0 0 0 0 0 0 0 0 0 0 0 0 0 0 0 0 0 0
0 0 0 0 0 0 0 0 0 0 0 0 0 0 0 0 0 0 0 0 0 0 0 0 0 0 0 0 0 0 0 0 0 0 0 0 0 0 0 0 0 0 0 0 0 0 0 0 0 0 0 0 0 0 0 0 0 0 0 0 1.09462e-05 2.92287e-05 7.4341e-05 0.000179933 0.000419405 0.000920118 0.00192431 0.00375218 0.00685556 0.0117355 0.0188675 0.0285946 0.0410562 0.0561154 0.0731814 0.0910696 0.10786 0.121052 0.12817 0.12754 0.118965 0.103879 0.0849183 0.0650724 0.046848 0.0317713 0.0203398 0.0123005 0.0070214 0.00377113 0.00189935 0.000893379 0.000391044 0.00015882 0 0 0 0 0 0 0 0 0 0 0 0 0 0 0 0 0 0 0 0 0 0 0 0 0 0 0 0 0 0 0 0 0 0 0 0 0 0 0 0 0 0 0 0 0 0 0 0 0 0 0 0 0 0 0 0
0 0 0 0 0 0 0 0 0 0 0 0 0 0 0 0 0 0 0 0 0 0 0 0 0 0 0 0 0 0 0 0 0 0 0 0 0 0 0 0 0 0 0 0 0 0 0 0 0 0 0 0 0 0 0 0 0 0 0 0 2.26536e-05 5.85476e-05 0.000142515 0.000329884 0.000736008 0.00156713 0.00316347 0.00604254 0.0108791 0.0184211 0.0293441 0.0440603 0.0625879 0.0844068 0.108351 0.132479 0.154029 0.169807 0.1769 0.173628 0.16021 0.138843 0.113041 0.0865834 0.062524 0.0426586 0.0275343 0.0168061 0.00967578 0.00523935 0.00265654 0.00125338 0.00055043 0.000224091 0 0 0 0 0 0 0 0 0 0 0 0 0 0 0 0 0 0 0 0 0 0 0 0 0 0 0 0 0 0 0 0 0 0 0 0 0 0 0 0 0 0 0 0 0 0 0 0 0 0 0 0 0 0 0 0
0 0 0 0 0 0 0 0 0 0 0 0 0 0 0 0 0 0 0 0 0 0 0 0 0 0 0 0 0 0 0 0 0 0 0 0 0 0 0 0 0 0 0 0 0 0 0 0 0 0 0 0 0 0 0 0 0 0 0 1.64737e-05 4.46771e-05 0.000112659 0.000266305 0.00059762 0.0012679 0.00258515 0.00501726 0.0092851 0.0163241 0.0271652 0.0426988 0.0634022 0.089096 0.118754 0.1504 0.181084 0.207066 0.224413 0.229959 0.22235 0.202596 0.173908 0.140749 0.107582 0.0778186 0.0533537 0.0346814 0.0213375 0.0123747 0.00674836 0.00344308 0.00163794 0.000724843 0.000291727 0 0 0 0 0 0 0 0 0 0 0 0 0 0 0 0 0 0 0 0 0 0 0 0 0 0 0 0 0 0 0 0 0 0 0 0 0 0 0 0 0 0 0 0 0 0 0 0 0 0 0 0 0 0 0 0
0 0 0 0 0 0 0 0 0 0 0 0 0 0 0 0 0 0 0 0 0 0 0 0 0 0 0 0 0 0 0 0 0 0 0 0 0 0 0 0 0 0 0 0 0 0 0 0 0 0 0 0 0 0 0 0 0 0 1.06168e-05 3.08029e-05 8.28579e-05 0.00020637 0.000479112 0.00104754 0.00215941 0.00420863 0.00782132 0.0138985 0.0236061 0.0382227 0.0588383 0.0859639 0.119173 0.156854 0.196118 0.232891 0.262363 0.279891 0.282266 0.268758 0.241519 0.204983 0.164575 0.125275 0.0906027 0.0623219 0.0407388 0.0252408 0.0147634 0.00810753 0.00418479 0.00202716 0.000926492 0.00037509 0 0 0 0 0 0 0 0 0 0 0 0 0 0 0 0 0 0 0 0 0 0 0 0 0 0 0 0 0 0 0 0 0 0 0 0 0 0 0 0 0 0 0 0 0 0 0 0 0 0 0 0 0 0 0 0
0 0 0 0 0 0 0 0 0 0 0 0 0 0 0 0 0 0 0 0 0 0 0 0 0 0 0 0 0 0 0 0 0 0 0 0 0 0 0 0 0 0 0 0 0 0 0 0 0 0 0 0 0 0 0 0 0 0 1.88246e-05 5.42441e-05 0.000144333 0.000356754 0.000823093 0.00176552 0.00356325 0.00674493 0.0120888 0.0206301 0.0336522 0.0525328 0.0784233 0.111783 0.151909 0.196631 0.242199 0.283493 0.314741 0.330755 0.328456 0.307976 0.27277 0.228571 0.181693 0.137431 0.0991629 0.0683086 0.0448592 0.0279963 0.0165486 0.00924809 0.00488138 0.0024716 0.00121484 0.000590571 0.000246361 0 0 0 0 0 0 0 0 0 0 0 0 0 0 0 0 0 0 0 0 0 0 0 0 0 0 0 0 0 0 0 0 0 0 0 0 0 0 0 0 0 0 0 0 0 0 0 0 0 0 0 0 0 0 0
0 0 0 0 0 0 0 0 0 0 0 0 0 0 0 0 0 0 0 0 0 0 0 0 0 0 0 0 0 0 0 0 0 0 0 0 0 0 0 0 0 0 0 0 0 0 0 0 0 0 0 0 0 0 0 0 0 0 3.15349e-05 8.94454e-05 0.000236129 0.000580088 0.00132953 0.00283977 0.00564517 0.0105078 0.0183961 0.0304595 0.047953 0.0720941 0.103777 0.143156 0.189142 0.239054 0.288478 0.33156 0.361914 0.374159 0.365616 0.337415 0.294304 0.243189 0.191071 0.143339 0.103014 0.0710274 0.0469434 0.0296881 0.0179682 0.0104509 0.00587087 0.00327068 0.00181194 0.000911558 0.000511015 0.000268522 0.000124055 0 0 0 0 0 0 0 0 0 0 0 0 0 0 0 0 0 0 0 0 0 0 0 0 0 0 0 0 0 0 0 0 0 0 0 0 0 0 0 0 0 0 0 0 0 0 0 0 0 0 0 0 0
0 0 0 0 0 0 0 0 0 0 0 0 0 0 0 0 0 0 0 0 0 0 0 0 0 0 0 0 0 0 0 0 0 0 0 0 0 0 0 0 0 0 0 0 0 0 0 0 0 0 0 0 0 0 0 0 0 1.68356e-05 5.00236e-05 0.000139599 0.000364336 0.000887793 0.00202255 0.00429887 0.00849569 0.0156839 0.0271279 0.0441461 0.0679144 0.0992557 0.138415 0.184758 0.236455 0.290161 0.34093 0.382539 0.408531 0.413891 0.396807 0.359643 0.308407 0.250954 0.194666 0.144763 0.103743 0.0719164 0.0483473 0.0316165 0.0202298 0.0127751 0.00801077 0.00496225 0.00302596 0.00173982 0.000985715 0.000522852 0.000259392 0.000116959 0 0 0 0 0 0 0 0 0 0 0 0 0 0 0 0 0 0 0 0 0 0 0 0 0 0 0 0 0 0 0 0 0 0 0 0 0 0 0 0 0 0 0 0 0 0 0 0 0 0 0 0
0 0 0 0 0 0 0 0 0 0 0 0 0 0 0 0 0 0 0 0 0 0 0 0 0 0 0 0 0 0 0 0 0 0 0 0 0 0 0 0 0 0 0 0 0 0 0 0 0 0 0 0 0 0 0 0 0 2.6341e-05 7.61654e-05 0.000207572 0.000533055 0.00128398 0.00291023 0.00613661 0.01208 0.0222092 0.0382049 0.0616766 0.0937822 0.1349 0.18436 0.240322 0.299659 0.357913 0.40935 0.447446 0.466045 0.461085 0.432281 0.383707 0.322878 0.258514 0.198165 0.146614 0.105638 0.0747636 0.0523933 0.0365807 0.0255144 0.0177204 0.0121268 0.0080468 0.00513902 0.00309306 0.00176827 0.00094636 0.00047492 0.000220019 0.000101453 0 0 0 0 0 0 0 0 0 0 0 0 0 0 0 0 0 0 0 0 0 0 0 0 0 0 0 0 0 0 0 0 0 0 0 0 0 0 0 0 0 0 0 0 0 0 0 0 0 0 0
0 0 0 0 0 0 0 0 0 0 0 0 0 0 0 0 0 0 0 0 0 0 0 0 0 0 0 0 0 0 0 0 0 0 0 0 0 0 0 0 0 0 0 0 0 0 0 0 0 0 0 0 0 0 0 0 0 3.98233e-05 0.000111652 0.000296395 0.000744551 0.00176762 0.00395418 0.00827359 0.0162045 0.02969 0.0509251 0.0819137 0.123919 0.176943 0.239399 0.308055 0.378173 0.443713 0.49769 0.532922 0.543436 0.52633 0.483282 0.420669 0.347971 0.27507 0.209699 0.156075 0.115003 0.0849459 0.063326 0.0475707 0.0356472 0.0262821 0.018793 0.0128578 0.00834458 0.00512656 0.00295307 0.00159592 0.000814054 0.000398346 0.000189859 9.30765e-05 0 0 0 0 0 0 0 0 0 0 0 0 0 0 0 0 0 0 0 0 0 0 0 0 0 0 0 0 0 0 0 0 0 0 0 0 0 0 0 0 0 0 0 0 0 0 0 0 0 0
0 0 0 0 0 0 0 0 0 0 0 0 0 0 0 0 0 0 0 0 0 0 0 0 0 0 0 0 0 0 0 0 0 0 0 0 0 0 0 0 0 0 0 0 0 0 0 0 0 0 0 0 0 0 0 0 0 5.76831e-05 0.000157503 0.00040697 0.00100008 0.00232221 0.00511203 0.0105693 0.0205366 0.0374333 0.0639809 0.102627 0.154811 0.220265 0.296602 0.379325 0.462103 0.537237 0.59626 0.630997 0.635326 0.607244 0.55033 0.473401 0.38819 0.306024 0.234979 0.178673 0.136692 0.106165 0.0835361 0.0658524 0.0512339 0.0387935 0.0282474 0.0195773 0.0128415 0.00793377 0.00460362 0.00251974 0.00131808 0.000675771 0.000346157 0.000182424 9.5474e-05 0 0 0 0 0 0 0 0 0 0 0 0 0 0 0 0 0 0 0 0 0 0 0 0 0 0 0 0 0 0 0 0 0 0 0 0 0 0 0 0 0 0 0 0 0 0 0 0 0
0 0 0 0 0 0 0 0 0 0 0 0 0 0 0 0 0 0 0 0 0 0 0 0 0 0 0 0 0 0 0 0 0 0 0 0 0 0 0 0 0 0 0 0 0 0 0 0 0 0 0 0 0 0 0 0 0 7.94241e-05 0.000212304 0.000542955 0.00130278 0.00294017 0.00632273 0.0128447 0.0246487 0.0445453 0.0756925 0.120907 0.181803 0.257883 0.346171 0.441194 0.535388 0.619738 0.684529 0.720677 0.72173 0.686256 0.6193 0.531678 0.437036 0.347983 0.272837 0.214445 0.171069 0.138623 0.113033 0.0914183 0.0723341 0.0553433 0.0405555 0.0282197 0.0185689 0.0115128 0.00673541 0.00375644 0.00204244 0.00111514 0.000620562 0.000344544 0.000186824 9.57663e-05 0 0 0 0 0 0 0 0 0 0 0 0 0 0 0 0 0 0 0 0 0 0 0 0 0 0 0 0 0 0 0 0 0 0 0 0 0 0 0 0 0 0 0 0 0 0 0 0
0 0 0 0 0 0 0 0 0 0 0 0 0 0 0 0 0 0 0 0 0 0 0 0 0 0 0 0 0 0 0 0 0 0 0 0 0 0 0 0 0 0 0 0 0 0 0 0 0 0 0 0 0 0 0 0 0 0.000114718 0.000289757 0.000743691 0.00167556 0.00362912 0.00754686 0.0149504 0.0281541 0.0502094 0.0844853 0.133992 0.20037 0.282987 0.378477 0.480811 0.581796 0.67176 0.740404 0.778195 0.778591 0.740528 0.669895 0.578649 0.481469 0.391479 0.31671 0.258952 0.215182 0.180534 0.150902 0.123925 0.0988595 0.0758768 0.0556009 0.0386567 0.0254041 0.0157829 0.00932853 0.00535355 0.00307091 0.00179933 0.00106691 0.00061774 0.000341936 0.000176936 0 0 0 0 0 0 0 0 0 0 0 0 0 0 0 0 0 0 0 0 0 0 0 0 0 0 0 0 0 0 0 0 0 0 0 0 0 0 0 0 0 0 0 0 0 0 0 0
0 0 0 0 0 0 0 0 0 0 0 0 0 0 0 0 0 0 0 0 0 0 0 0 0 0 0 0 0 0 0 0 0 0 0 0 0 0 0 0 0 0 0 0 0 0 0 0 0 0 0 0 0 0 1.15409e-05 2.16563e-05 5.50488e-05 0.000224549 0.000491905 0.00105628 0.00220877 0.00449229 0.00889602 0.0169848 0.0310258 0.0540787 0.089485 0.14019 0.207715 0.291279 0.38738 0.489937 0.590825 0.680562 0.749137 0.787338 0.788952 0.753248 0.686365 0.600337 0.509704 0.426976 0.359144 0.306563 0.265047 0.229372 0.195811 0.162818 0.130572 0.100205 0.0731604 0.050608 0.0331284 0.020624 0.0123977 0.00740378 0.00451487 0.00282061 0.00174978 0.001039 0.0005815 0.000302324 0.000145339 0 0 0 0 0 0 0 0 0 0 0 0 0 0 0 0 0 0 0 0 0 0 0 0 0 0 0 0 0 0 0 0 0 0 0 0 0 0 0 0 0 0 0 0 0 0 0
0 0 0 0 0 0 0 0 0 0 0 0 0 0 0 0 0 0 0 0 0 0 0 0 0 0 0 0 0 0 0 0 0 0 0 0 0 0 0 0 0 0 0 0 0 0 0 0 0 0 0 0 0 1.4877e-05 2.79823e-05 5.124e-05 0.000194037 0.000419111 0.000850802 0.00167195 0.00319555 0.00597757 0.0110007 0.0196224 0.0340448 0.0569962 0.0915293 0.140235 0.204378 0.283042 0.372863 0.468192 0.561662 0.644801 0.708736 0.745369 0.749298 0.720146 0.663768 0.591308 0.515961 0.44862 0.394405 0.352027 0.316289 0.28185 0.245491 0.206591 0.166524 0.127733 0.0928328 0.0638128 0.0415952 0.0260084 0.0159962 0.010015 0.00648515 0.00423941 0.00270285 0.00162705 0.000915549 0.000477045 0.000229523 0 0 0 0 0 0 0 0 0 0 0 0 0 0 0 0 0 0 0 0 0 0 0 0 0 0 0 0 0 0 0 0 0 0 0 0 0 0 0 0 0 0 0 0 0 0 0
0 0 0 0 0 0 0 0 0 0 0 0 0 0 0 0 0 0 0 0 0 0 0 0 0 0 0 0 0 0 0 0 0 0 0 0 0 0 0 0 0 0 0 0 0 0 0 0 0 0 0 1.16828e-05 2.06315e-05 3.6335e-05 6.45305e-05 0.000193131 0.000393591 0.000796306 0.00154407 0.00288643 0.00515712 0.00897278 0.0150916 0.0247362 0.0396605 0.0620862 0.0944395 0.138733 0.195829 0.264769 0.342574 0.424449 0.504362 0.575486 0.63076 0.663753 0.670288 0.650307 0.608943 0.555719 0.501653 0.455263 0.419423 0.39111 0.364346 0.333666 0.296261 0.25235 0.204609 0.157076 0.113831 0.0779156 0.0507324 0.0320196 0.0202622 0.0132782 0.00898722 0.00605541 0.00390118 0.00236684 0.00133253 0.000694726 0.000334303 0.000148366 0 0 0 0 0 0 0 0 0 0 0 0 0 0 0 0 0 0 0 0 0 0 0 0 0 0 0 0 0 0 0 0 0 0 0 0 0 0 0 0 0 0 0 0 0 0
0 0 0 0 0 0 0 0 0 0 0 0 0 0 0 0 0 0 0 0 0 0 0 0 0 0 0 0 0 0 0 0 0 0 0 0 0 0 0 0 0 0 0 0 0 0 0 0 0 0 1.71564e-05 3.05768e-05 5.18968e-05 8.60883e-05 0.0002018 0.000386347 0.000753673 0.00146507 0.00277236 0.00500331 0.00869429 0.0143599 0.0227994 0.034894 0.0518201 0.0749583 0.105728 0.145241 0.193762 0.250316 0.312495 0.376751 0.438779 0.49389 0.537276 0.564549 0.572883 0.56246 0.53738 0.505113 0.474093 0.450196 0.434058 0.421239 0.405097 0.380016 0.343306 0.29582 0.241492 0.185957 0.134883 0.0924448 0.0605397 0.0388453 0.0253341 0.0171889 0.0119262 0.00813073 0.00527507 0.00318447 0.00179261 0.000933982 0.000449177 0.000199264 0 0 0 0 0 0 0 0 0 0 0 0 0 0 0 0 0 0 0 0 0 0 0 0 0 0 0 0 0 0 0 0 0 0 0 0 0 0 0 0 0 0 0 0 0 0
0 0 0 0 0 0 0 0 0 0 0 0 0 0 0 0 0 0 0 0 0 0 0 0 0 0 0 0 0 0 0 0 0 0 0 0 0 0 0 0 0 0 0 0 0 0 0 0 0 2.2544e-05 4.26688e-05 7.51242e-05 0.000124348 0.000229914 0.000419753 0.000745909 0.00137322 0.00257317 0.00472241 0.00840198 0.0142328 0.0229917 0.0354054 0.0521915 0.0739127 0.100999 0.133598 0.17146 0.213773 0.2591 0.30546 0.35056 0.392128 0.428039 0.456238 0.474784 0.482337 0.479229 0.468311 0.454765 0.44429 0.440212 0.441338 0.442327 0.436175 0.416996 0.382039 0.332558 0.273479 0.211834 0.154638 0.106999 0.0712131 0.0468183 0.0313812 0.0216948 0.0151353 0.0102922 0.0066454 0.00401472 0.00223218 0.00116036 0.000557177 0.000246918 0 0 0 0 0 0 0 0 0 0 0 0 0 0 0 0 0 0 0 0 0 0 0 0 0 0 0 0 0 0 0 0 0 0 0 0 0 0 0 0 0 0 0 0 0 0
0 0 0 0 0 0 0 0 0 0 0 0 0 0 0 0 0 0 0 0 0 0 0 0 0 0 0 0 0 0 0 0 0 0 0 0 0 0 0 0 0 0 0 0 0 0 0 0 2.54921e-05 5.20729e-05 9.83181e-05 0.000172042 0.000310768 0.000525411 0.000850342 0.00140347 0.00242331 0.00429182 0.00765375 0.0132944 0.0222148 0.0354077 0.0537501 0.0778121 0.107687 0.142919 0.182407 0.224419 0.266688 0.30665 0.341892 0.370603 0.392049 0.406707 0.415868 0.420881 0.422658 0.421983 0.420362 0.420391 0.424838 0.43465 0.44745 0.457684 0.458357 0.443468 0.410143 0.359866 0.298259 0.233236 0.172587 0.121865 0.0834034 0.056555 0.0387354 0.0268576 0.0185207 0.0123929 0.00788669 0.00471228 0.0026226 0.00133555 0.00063916 0.000282616 0 0 0 0 0 0 0 0 0 0 0 0 0 0 0 0 0 0 0 0 0 0 0 0 0 0 0 0 0 0 0 0 0 0 0 0 0 0 0 0 0 0 0 0 0 0
0 0 0 0 0 0 0 0 0 0 0 0 0 0 0 0 0 0 0 0 0 0 0 0 0 0 0 0 0 0 0 0 0 0 0 0 0 0 0 0 0 0 0 0 0 0 0 2.45647e-05 5.43761e-05 0.000111071 0.000209577 0.000390664 0.000651465 0.00107018 0.00166258 0.00259022 0.00413971 0.00688285 0.0117602 0.0199382 0.0328513 0.0519032 0.0782371 0.112413 0.154139 0.202129 0.25406 0.306678 0.356119 0.398347 0.429844 0.448384 0.453762 0.448235 0.436196 0.422899 0.41273 0.408045 0.409363 0.416382 0.428518 0.444481 0.461374 0.474196 0.476524 0.462518 0.429359 0.378757 0.316633 0.251151 0.190025 0.138463 0.098374 0.0689436 0.0479385 0.0329726 0.0221991 0.014435 0.00895206 0.00524085 0.00287344 0.00143156 0.000680482 0.00029953 0.000121884 0 0 0 0 0 0 0 0 0 0 0 0 0 0 0 0 0 0 0 0 0 0 0 0 0 0 0 0 0 0 0 0 0 0 0 0 0 0 0 0 0 0 0 0 0
0 0 0 0 0 0 0 0 0 0 0 0 0 0 0 0 0 0 0 0 0 0 0 0 0 0 0 0 0 0 0 0 0 0 0 0 0 0 0 0 0 0 0 0 0 0 0 4.83208e-05 0.000107017 0.000218732 0.000412723 0.000765397 0.00129244 0.00204762 0.00311013 0.00461954 0.00692645 0.0107865 0.0174216 0.0285811 0.0462779 0.0725401 0.108994 0.156404 0.214259 0.280504 0.351469 0.422121 0.486549 0.53871 0.573439 0.587611 0.581237 0.558073 0.525252 0.491623 0.465204 0.450669 0.448314 0.455143 0.467155 0.480977 0.4937 0.501533 0.499216 0.481537 0.445998 0.394571 0.333177 0.269453 0.210092 0.159078 0.117549 0.0848072 0.0595348 0.0404537 0.0264768 0.0166079 0.00993373 0.00563174 0.00301117 0.00150936 0.000677142 0.000295392 0.000119465 0 0 0 0 0 0 0 0 0 0 0 0 0 0 0 0 0 0 0 0 0 0 0 0 0 0 0 0 0 0 0 0 0 0 0 0 0 0 0 0 0 0 0 0 0
0 0 0 0 0 0 0 0 0 0 0 0 0 0 0 0 0 0 0 0 0 0 0 0 0 0 0 0 0 0 0 0 0 0 0 0 0 0 0 0 0 0 0 0 0 0 3.64967e-05 8.76833e-05 0.000194364 0.00039753 0.000780862 0.00138669 0.00233295 0.00365728 0.00547198 0.00790274 0.0113182 0.0165913 0.0252703 0.0397454 0.0628684 0.0975603 0.146272 0.21034 0.289356 0.380627 0.479029 0.577228 0.666425 0.737509 0.782698 0.797432 0.782042 0.742485 0.689265 0.634759 0.589751 0.560568 0.547644 0.546353 0.550102 0.553737 0.554484 0.550078 0.536876 0.510681 0.469583 0.415826 0.355061 0.293734 0.236603 0.185848 0.141857 0.104491 0.0737295 0.0495614 0.0316488 0.019173 0.0110182 0.00600008 0.00309205 0.00150257 0.000637735 0.000273611 0.000109342 0 0 0 0 0 0 0 0 0 0 0 0 0 0 0 0 0 0 0 0 0 0 0 0 0 0 0 0 0 0 0 0 0 0 0 0 0 0 0 0 0 0 0 0 0
0 0 0 0 0 0 0 0 0 0 0 0 0 0 0 0 0 0 0 0 0 0 0 0 0 0 0 0 0 0 0 0 0 0 0 0 0 0 0 0 0 0 0 0 0 0 6.10526e-05 0.00014681 0.000325685 0.000666872 0.0013077 0.00232205 0.00389146 0.00609058 0.00902119 0.0128362 0.0179164 0.025147 0.0364035 0.0546966 0.0839107 0.128193 0.191241 0.275471 0.381017 0.504857 0.640317 0.777194 0.90274 1.00341 1.06747 1.08811 1.06615 1.01065 0.936643 0.860266 0.794141 0.745032 0.713634 0.695276 0.682339 0.668417 0.650671 0.628161 0.598923 0.559923 0.509911 0.451394 0.38952 0.329082 0.272463 0.219956 0.171496 0.127842 0.0903683 0.0602447 0.037788 0.0222839 0.012363 0.00646623 0.00319342 0.00148941 0.000655363 0.000241777 9.45987e-05 0 0 0 0 0 0 0 0 0 0 0 0 0 0 0 0 0 0 0 0 0 0 0 0 0 0 0 0 0 0 0 0 0 0 0 0 0 0 0 0 0 0 0 0 0
0 0 0 0 0 0 0 0 0 0 0 0 0 0 0 0 0 0 0 0 0 0 0 0 0 0 0 0 0 0 0 0 0 0 0 0 0 0 0 0 0 0 0 0 0 3.61223e-05 9.4218e-05 0.000226775 0.000503657 0.00103248 0.00202238 0.00361405 0.00601059 0.00939758 0.0138851 0.0196549 0.0271351 0.0373051 0.052287 0.0756215 0.112159 0.167413 0.246695 0.35398 0.490506 0.653307 0.834211 1.01978 1.19243 1.33296 1.42443 1.45699 1.43188 1.36199 1.26757 1.1685 1.07827 1.00331 0.945003 0.900372 0.862637 0.824886 0.783902 0.739448 0.690805 0.635855 0.57382 0.507364 0.44109 0.378142 0.318656 0.261357 0.206026 0.154353 0.109021 0.0722194 0.0447398 0.0258968 0.01401 0.0070888 0.00336818 0.0015053 0.000633976 0.000208025 7.88106e-05 0 0 0 0 0 0 0 0 0 0 0 0 0 0 0 0 0 0 0 0 0 0 0 0 0 0 0 0 0 0 0 0 0 0 0 0 0 0 0 0 0 0 0 0 0
0 0 0 0 0 0 0 0 0 0 0 0 0 0 0 0 0 0 0 0 0 0 0 0 0 0 0 0 0 0 0 0 0 0 0 0 0 0 0 0 0 0 0 0 0 5.13856e-05 0.000134168 0.000323244 0.000718743 0.00150791 0.00288884 0.0051643 0.00861005 0.0134619 0.0199344 0.0282855 0.0391187 0.0536523 0.0743366 0.105088 0.151321 0.21954 0.316564 0.448199 0.61727 0.821399 1.05131 1.29043 1.51609 1.7029 1.8281 1.87833 1.8551 1.77511 1.66349 1.54299 1.427 1.32141 1.22918 1.15075 1.08187 1.01595 0.949163 0.8812 0.81183 0.73925 0.662697 0.584824 0.509904 0.439984 0.373597 0.308346 0.243933 0.182849 0.128829 0.0848768 0.0521227 0.0297982 0.0158482 0.00784781 0.00361732 0.00156104 0.000631377 0.000177144 0 0 0 0 0 0 0 0 0 0 0 0 0 0 0 0 0 0 0 0 0 0 0 0 0 0 0 0 0 0 0 0 0 0 0 0 0 0 0 0 0 0 0 0 0 0
0 0 0 0 0 0 0 0 0 0 0 0 0 0 0 0 0 0 0 0 0 0 0 0 0 0 0 0 0 0 0 0 0 0 0 0 0 0 0 0 0 0 0 0 0 6.74482e-05 0.000176265 0.000425178 0.000946744 0.0019868 0.0038128 0.0068262 0.0114123 0.0179224 0.0267101 0.0382563 0.0535247 0.0742015 0.103208 0.144688 0.204043 0.287848 0.403556 0.558414 0.757052 0.998357 1.27283 1.56159 1.8377 2.07015 2.23084 2.30301 2.28816 2.20587 2.08442 1.94752 1.80759 1.67018 1.54105 1.42533 1.32257 1.22717 1.1346 1.04391 0.954553 0.864256 0.771676 0.679235 0.591299 0.509791 0.432658 0.356856 0.281953 0.210884 0.148075 0.0970932 0.059245 0.0335874 0.0176696 0.00862532 0.00389403 0.00164084 0.000644075 0.000236138 0 0 0 0 0 0 0 0 0 0 0 0 0 0 0 0 0 0 0 0 0 0 0 0 0 0 0 0 0 0 0 0 0 0 0 0 0 0 0 0 0 0 0 0 0 0
0 0 0 0 0 0 0 0 0 0 0 0 0 0 0 0 0 0 0 0 0 0 0 0 0 0 0 0 0 0 0 0 0 0 0 0 0 0 0 0 0 0 0 0 2.88054e-05 8.16772e-05 0.000213715 0.000516173 0.00115138 0.00241824 0.00465243 0.00835396 0.0140361 0.0222137 0.0334863 0.0487504 0.0694818 0.0981173 0.138097 0.193634 0.269543 0.371376 0.505782 0.680175 0.900566 1.16771 1.4732 1.79761 2.11161 2.38057 2.57259 2.66847 2.66925 2.59538 2.47539 2.3315 2.17417 2.00935 1.84642 1.69584 1.56134 1.43878 1.32314 1.2126 1.10578 0.999272 0.890487 0.781341 0.676749 0.579669 0.488674 0.400692 0.31505 0.23465 0.1641 0.107145 0.0650634 0.0366756 0.0191617 0.00927248 0.0041556 0.00171232 0.000659783 0.00023619 0 0 0 0 0 0 0 0 0 0 0 0 0 0 0 0 0 0 0 0 0 0 0 0 0 0 0 0 0 0 0 0 0 0 0 0 0 0 0 0 0 0 0 0 0 0
0 0 0 0 0 0 0 0 0 0 0 0 0 0 0 0 0 0 0 0 0 0 0 0 0 0 0 0 0 0 0 0 0 0 0 0 0 0 0 0 0 0 0 0 3.21491e-05 9.12662e-05 0.000239131 0.000578515 0.00129322 0.00272065 0.0052535 0.00947976 0.0160543 0.0257136 0.0394213 0.0586448 0.0856067 0.123502 0.176251 0.247912 0.342311 0.463091 0.614638 0.802775 1.03367 1.30999 1.62591 1.96386 2.29501 2.58407 2.79795 2.91637 2.93941 2.88574 2.78074 2.64252 2.47913 2.29735 2.11034 1.93339 1.77396 1.62967 1.49562 1.36952 1.24905 1.12916 1.00552 0.879219 0.755971 0.640729 0.533933 0.433292 0.337904 0.250109 0.174062 0.113181 0.0684658 0.0384449 0.0200016 0.00963222 0.00429158 0.00176888 0.000664659 0.000213896 0 0 0 0 0 0 0 0 0 0 0 0 0 0 0 0 0 0 0 0 0 0 0 0 0 0 0 0 0 0 0 0 0 0 0 0 0 0 0 0 0 0 0 0 0 0
0 0 0 0 0 0 0 0 0 0 0 0 0 0 0 0 0 0 0 0 0 0 0 0 0 0 0 0 0 0 0 0 0 0 0 0 0 0 0 0 0 0 0 0 3.31185e-05 9.41353e-05 0.000247012 0.00059882 0.00134241 0.00283209 0.00549817 0.00999765 0.0171382 0.0279154 0.043767 0.066828 0.10009 0.147398 0.212954 0.300481 0.412542 0.550471 0.715449 0.910171 1.13934 1.40687 1.71046 2.03681 2.36091 2.65029 2.8737 3.01121 3.0612 3.03811 2.96097 2.84218 2.68707 2.50321 2.30658 2.11563 1.94067 1.78144 1.63434 1.49746 1.36775 1.23833 1.10274 0.960948 0.819468 0.685676 0.562849 0.450309 0.347149 0.254773 0.176233 0.1141 0.068803 0.0385429 0.0200144 0.00962273 0.00428079 0.00176112 0.000651087 0.000217338 0 0 0 0 0 0 0 0 0 0 0 0 0 0 0 0 0 0 0 0 0 0 0 0 0 0 0 0 0 0 0 0 0 0 0 0 0 0 0 0 0 0 0 0 0 0
0 0 0 0 0 0 0 0 0 0 0 0 0 0 0 0 0 0 0 0 0 0 0 0 0 0 0 0 0 0 0 0 0 0 0 0 0 0 0 0 0 0 0 0 3.14818e-05 8.96233e-05 0.000235648 0.000572835 0.00128919 0.00273214 0.00534657 0.00983446 0.017145 0.0285687 0.0460212 0.0722656 0.110901 0.166173 0.242317 0.342572 0.468263 0.618448 0.790937 0.984631 1.20146 1.44541 1.71766 2.01089 2.30672 2.57869 2.79986 2.95192 3.03093 3.04503 3.00529 2.91769 2.78479 2.61431 2.42303 2.2305 2.04891 1.88094 1.72579 1.58289 1.44868 1.31435 1.17115 1.01772 0.861083 0.711012 0.573937 0.451452 0.343054 0.249082 0.171062 0.110277 0.0663654 0.0371652 0.0193223 0.00931315 0.0041584 0.00171943 0.000623535 0.000214586 0 0 0 0 0 0 0 0 0 0 0 0 0 0 0 0 0 0 0 0 0 0 0 0 0 0 0 0 0 0 0 0 0 0 0 0 0 0 0 0 0 0 0 0 0 0
0 0 0 0 0 0 0 0 0 0 0 0 0 0 0 0 0 0 0 0 0 0 0 0 0 0 0 0 0 0 0 0 0 0 0 0 0 0 0 0 0 0 0 0 2.76246e-05 7.88118e-05 0.000207785 0.000507058 0.00114751 0.00244948 0.0048501 0.00907056 0.0161782 0.027713 0.0459807 0.0741666 0.116183 0.176374 0.258764 0.366097 0.498677 0.653766 0.826415 1.01202 1.20934 1.42132 1.65176 1.89954 2.15439 2.39786 2.60897 2.77151 2.87873 2.93177 2.93343 2.88366 2.78239 2.63629 2.461 2.27545 2.09342 1.92148 1.76286 1.61894 1.48553 1.35165 1.20626 1.04664 0.880043 0.718164 0.570373 0.440776 0.329699 0.236601 0.161346 0.103727 0.0624811 0.035131 0.0183885 0.00894511 0.00404005 0.00169328 0.000649145 0.000212264 0 0 0 0 0 0 0 0 0 0 0 0 0 0 0 0 0 0 0 0 0 0 0 0 0 0 0 0 0 0 0 0 0 0 0 0 0 0 0 0 0 0 0 0 0 0
0 0 0 0 0 0 0 0 0 0 0 0 0 0 0 0 0 0 0 0 0 0 0 0 0 0 0 0 0 0 0 0 0 0 0 0 0 0 0 0 0 0 0 0 2.23912e-05 6.40745e-05 0.000169596 0.000416238 0.000949886 0.00205059 0.00413012 0.00789299 0.0144987 0.0256071 0.0437216 0.0721291 0.114808 0.175814 0.258858 0.366242 0.49764 0.649336 0.814713 0.986762 1.16161 1.34061 1.5289 1.73038 1.94266 2.15555 2.35428 2.52476 2.65724 2.74608 2.78676 2.77427 2.7061 2.58718 2.43109 2.25556 2.0762 1.9041 1.74688 1.60765 1.481 1.35342 1.21167 1.05188 0.881342 0.713086 0.558899 0.425267 0.313636 0.222901 0.151422 0.0975492 0.0591913 0.0336701 0.0178918 0.00886025 0.00408234 0.00173746 0.000689505 0 0 0 0 0 0 0 0 0 0 0 0 0 0 0 0 0 0 0 0 0 0 0 0 0 0 0 0 0 0 0 0 0 0 0 0 0 0 0 0 0 0 0 0 0 0 0
0 0 0 0 0 0 0 0 0 0 0 0 0 0 0 0 0 0 0 0 0 0 0 0 0 0 0 0 0 0 0 0 0 0 0 0 0 0 0 0 0 0 0 0 1.67862e-05 4.82584e-05 0.000128532 0.000318253 0.000735683 0.00161566 0.00333224 0.00655947 0.0124282 0.0226142 0.0395702 0.06642 0.106823 0.164428 0.242553 0.343163 0.465827 0.606703 0.758831 0.914262 1.06756 1.21866 1.37286 1.53714 1.71502 1.90327 2.09246 2.27003 2.42343 2.54126 2.61317 2.63041 2.58872 2.49159 2.35094 2.18394 2.00829 1.83942 1.68868 1.55991 1.44567 1.32972 1.19694 1.04253 0.873599 0.70404 0.547455 0.412437 0.301614 0.213639 0.145661 0.094823 0.0584588 0.0339153 0.0184186 0.00932962 0.00438528 0.00191834 0.00077809 0 0 0 0 0 0 0 0 0 0 0 0 0 0 0 0 0 0 0 0 0 0 0 0 0 0 0 0 0 0 0 0 0 0 0 0 0 0 0 0 0 0 0 0 0 0 0
0 0 0 0 0 0 0 0 0 0 0 0 0 0 0 0 0 0 0 0 0 0 0 0 0 0 0 0 0 0 0 0 0 0 0 0 0 0 0 0 0 0 0 0 0 3.38104e-05 9.09818e-05 0.000228519 0.000538746 0.00119937 0.00257865 0.00524561 0.0102482 0.0191232 0.0340653 0.0578257 0.0935506 0.144387 0.213231 0.301992 0.410473 0.535571 0.671109 0.80958 0.945213 1.07701 1.20965 1.35116 1.50829 1.68238 1.86765 2.05254 2.22211 2.36057 2.45332 2.48922 2.46314 2.37814 2.2457 2.08334 1.91098 1.74743 1.60647 1.49164 1.39311 1.29221 1.17232 1.02772 0.864953 0.698158 0.542273 0.407695 0.298244 0.212496 0.146716 0.0972347 0.0612227 0.0362964 0.0201262 0.0103812 0.00497513 0.00220904 0.000907551 0 0 0 0 0 0 0 0 0 0 0 0 0 0 0 0 0 0 0 0 0 0 0 0 0 0 0 0 0 0 0 0 0 0 0 0 0 0 0 0 0 0 0 0 0 0 0
0 0 0 0 0 0 0 0 0 0 0 0 0 0 0 0 0 0 0 0 0 0 0 0 0 0 0 0 0 0 0 0 0 0 0 0 0 0 0 0 0 0 0 0 0 2.22417e-05 6.08561e-05 0.000156343 0.000379193 0.000872453 0.00193898 0.00407069 0.00814669 0.0154881 0.0278991 0.0476242 0.0772522 0.119409 0.176694 0.251052 0.342989 0.450614 0.569338 0.693048 0.816585 0.938517 1.06244 1.19575 1.34592 1.51627 1.70304 1.89518 2.07622 2.22754 2.33193 2.37681 2.3569 2.27558 2.14472 1.98272 1.81146 1.65213 1.5199 1.41776 1.33418 1.24895 1.14416 1.0126 0.859464 0.69846 0.545415 0.41232 0.304141 0.219534 0.154198 0.104171 0.0668265 0.0402861 0.0226516 0.0118332 0.00572603 0.00256235 0.0010593 0 0 0 0 0 0 0 0 0 0 0 0 0 0 0 0 0 0 0 0 0 0 0 0 0 0 0 0 0 0 0 0 0 0 0 0 0 0 0 0 0 0 0 0 0 0 0
0 0 0 0 0 0 0 0 0 0 0 0 0 0 0 0 0 0 0 0 0 0 0 0 0 0 0 0 0 0 0 0 0 0 0 0 0 0 0 0 0 0 0 0 0 1.39552e-05 3.92297e-05 0.000104103 0.00026167 0.000623863 0.00142925 0.00307534 0.00625784 0.0120095 0.0217477 0.0371961 0.0603774 0.0935834 0.139162 0.199317 0.275428 0.367084 0.471598 0.584668 0.702191 0.822545 0.947952 1.08403 1.23715 1.41068 1.60161 1.79937 1.9871 2.1451 2.255 2.30359 2.28539 2.20389 2.07115 1.90624 1.73241 1.57262 1.4433 1.34786 1.2747 1.20308 1.11368 0.996907 0.855609 0.702386 0.553575 0.422534 0.315323 0.230844 0.164652 0.112869 0.0733224 0.0446476 0.0253117 0.0133041 0.00646808 0.00290482 0.0010835 0.000411124 0 0 0 0 0 0 0 0 0 0 0 0 0 0 0 0 0 0 0 0 0 0 0 0 0 0 0 0 0 0 0 0 0 0 0 0 0 0 0 0 0 0 0 0 0 0
0 0 0 0 0 0 0 0 0 0 0 0 0 0 0 0 0 0 0 0 0 0 0 0 0 0 0 0 0 0 0 0 0 0 0 0 0 0 0 0 0 0 0 0 0 0 2.49953e-05 6.89182e-05 0.000179543 0.000441231 0.00101939 0.00225066 0.00461759 0.00889945 0.0161728 0.0276811 0.04506 0.0703133 0.105721 0.154004 0.217384 0.296882 0.391612 0.499002 0.616025 0.740862 0.874151 1.01911 1.17999 1.35907 1.55348 1.7534 1.94276 2.10237 2.2141 2.26458 2.24786 2.16649 2.03177 1.86257 1.68283 1.5169 1.38292 1.28617 1.21672 1.15432 1.07814 0.975597 0.846583 0.702143 0.558635 0.430396 0.324415 0.240016 0.172958 0.119613 0.0782339 0.0478978 0.0272624 0.0143718 0.00700252 0.00314999 0.00122991 0 0 0 0 0 0 0 0 0 0 0 0 0 0 0 0 0 0 0 0 0 0 0 0 0 0 0 0 0 0 0 0 0 0 0 0 0 0 0 0 0 0 0 0 0 0 0
0 0 0 0 0 0 0 0 0 0 0 0 0 0 0 0 0 0 0 0 0 0 0 0 0 0 0 0 0 0 0 0 0 0 0 0 0 0 0 0 0 0 0 0 0 0 1.60122e-05 4.56862e-05 0.000122309 0.00030653 0.000717006 0.00159106 0.00327537 0.00634293 0.0114999 0.0197851 0.0324999 0.0515401 0.0794471 0.119271 0.174046 0.245968 0.335523 0.441585 0.561998 0.69467 0.838611 0.994448 1.16389 1.34778 1.54319 1.74131 1.92767 2.0847 2.1955 2.24708 2.23268 2.15322 2.01814 1.84527 1.65853 1.48318 1.3391 1.23407 1.16095 1.10102 1.0327 0.940932 0.822824 0.687508 0.550679 0.426877 0.323633 0.240737 0.174326 0.12104 0.079398 0.0487278 0.0277854 0.0146679 0.00715429 0.00311294 0.00129205 0 0 0 0 0 0 0 0 0 0 0 0 0 0 0 0 0 0 0 0 0 0 0 0 0 0 0 0 0 0 0 0 0 0 0 0 0 0 0 0 0 0 0 0 0 0 0
0 0 0 0 0 0 0 0 0 0 0 0 0 0 0 0 0 0 0 0 0 0 0 0 0 0 0 0 0 0 0 0 0 0 0 0 0 0 0 0 0 0 0 0 0 0 0 2.99379e-05 8.14251e-05 0.000206066 0.00048451 0.00105763 0.00221761 0.00430656 0.00789676 0.0137387 0.0231429 0.0380346 0.0610304 0.0957763 0.145602 0.213481 0.300985 0.408059 0.533295 0.674337 0.828665 0.994498 1.17116 1.35806 1.55228 1.74608 1.92668 2.07848 2.18621 2.23773 2.22571 2.14932 2.01584 1.84148 1.64949 1.46532 1.30967 1.19219 1.10851 1.04259 0.974038 0.887105 0.777063 0.650912 0.522643 0.405895 0.308044 0.229261 0.166056 0.115332 0.0757027 0.0464589 0.0265076 0.0140009 0.00670523 0.00301899 0.00125386 0 0 0 0 0 0 0 0 0 0 0 0 0 0 0 0 0 0 0 0 0 0 0 0 0 0 0 0 0 0 0 0 0 0 0 0 0 0 0 0 0 0 0 0 0 0 0
0 0 0 0 0 0 0 0 0 0 0 0 0 0 0 0 0 0 0 0 0 0 0 0 0 0 0 0 0 0 0 0 0 0 0 0 0 0 0 0 0 0 0 0 0 0 0 1.89692e-05 5.19806e-05 0.000132095 0.000311074 0.000680224 0.00139593 0.00283305 0.00530056 0.00952694 0.0168832 0.0292139 0.0494275 0.0811483 0.128015 0.193421 0.279658 0.387605 0.516477 0.663742 0.825711 0.998648 1.17996 1.36798 1.5598 1.74861 1.92295 2.06874 2.17231 2.2226 2.21239 2.13976 2.01024 1.83813 1.64535 1.45648 1.29183 1.16138 1.06259 0.982782 0.90508 0.815754 0.709798 0.592157 0.474108 0.367115 0.277567 0.205698 0.1484 0.102767 0.0673246 0.0412501 0.0235287 0.012427 0.00600191 0.00270327 0.00112315 0 0 0 0 0 0 0 0 0 0 0 0 0 0 0 0 0 0 0 0 0 0 0 0 0 0 0 0 0 0 0 0 0 0 0 0 0 0 0 0 0 0 0 0 0 0 0
0 0 0 0 0 0 0 0 0 0 0 0 0 0 0 0 0 0 0 0 0 0 0 0 0 0 0 0 0 0 0 0 0 0 0 0 0 0 0 0 0 0 0 0 0 0 0 0 3.13753e-05 7.98752e-05 0.000188216 0.000413068 0.00083874 0.00178515 0.0035478 0.00680068 0.0128731 0.0237012 0.0420786 0.0714629 0.115712 0.178318 0.262153 0.368804 0.498019 0.647338 0.812398 0.9882 1.17082 1.35778 1.5462 1.72988 1.89822 2.03813 2.13719 2.18565 2.17717 2.10977 1.98778 1.82357 1.6368 1.45008 1.28216 1.14218 1.02814 0.93028 0.836605 0.737906 0.631028 0.519647 0.4119 0.316056 0.236735 0.173739 0.12426 0.0854696 0.0557319 0.0340824 0.0193714 0.0101668 0.00496009 0.00223415 0.000928395 0 0 0 0 0 0 0 0 0 0 0 0 0 0 0 0 0 0 0 0 0 0 0 0 0 0 0 0 0 0 0 0 0 0 0 0 0 0 0 0 0 0 0 0 0 0 0
0 0 0 0 0 0 0 0 0 0 0 0 0 0 0 0 0 0 0 0 0 0 0 0 0 0 0 0 0 0 0 0 0 0 0 0 0 0 0 0 0 0 0 0 0 0 0 0 0 4.52811e-05 0.000106801 0.000237087 0.000485605 0.00117465 0.00244376 0.00508487 0.0103543 0.0199485 0.0365136 0.0633867 0.104194 0.162641 0.241853 0.343955 0.469275 0.615725 0.778858 0.953106 1.13361 1.31715 1.50061 1.67811 1.83977 1.97328 2.06738 2.11387 2.10795 2.04838 1.93873 1.78913 1.61612 1.43935 1.27546 1.1323 1.00758 0.893321 0.781808 0.669272 0.556369 0.447167 0.347321 0.26176 0.19268 0.139003 0.0978968 0.0665179 0.042996 0.026144 0.0147311 0.00776361 0.00378487 0.00170418 0 0 0 0 0 0 0 0 0 0 0 0 0 0 0 0 0 0 0 0 0 0 0 0 0 0 0 0 0 0 0 0 0 0 0 0 0 0 0 0 0 0 0 0 0 0 0 0
0 0 0 0 0 0 0 0 0 0 0 0 0 0 0 0 0 0 0 0 0 0 0 0 0 0 0 0 0 0 0 0 0 0 0 0 0 0 0 0 0 0 0 0 0 0 0 0 0 0 5.6759e-05 0.000130045 0.000272512 0.000790119 0.00181595 0.00394782 0.00845737 0.0167645 0.0312781 0.0549716 0.0913056 0.143946 0.216179 0.310634 0.428287 0.567795 0.725148 0.89465 1.07069 1.24899 1.42574 1.59515 1.74809 1.87347 1.96149 2.00573 2.00322 1.95375 1.86028 1.73037 1.57694 1.41631 1.26303 1.1238 0.995842 0.871773 0.746504 0.620601 0.498938 0.38763 0.291549 0.213206 0.152421 0.106905 0.0733912 0.0488184 0.0310279 0.0186681 0.0104297 0.00548134 0.00266783 0.00120014 0 0 0 0 0 0 0 0 0 0 0 0 0 0 0 0 0 0 0 0 0 0 0 0 0 0 0 0 0 0 0 0 0 0 0 0 0 0 0 0 0 0 0 0 0 0 0 0
0 0 0 0 0 0 0 0 0 0 0 0 0 0 0 0 0 0 0 0 0 0 0 0 0 0 0 0 0 0 0 0 0 0 0 0 0 0 0 0 0 0 0 0 0 0 0 0 0 0 0 7.04423e-05 0.000154941 0.000573674 0.00138015 0.00310156 0.00680305 0.0136963 0.0258647 0.0458979 0.0769702 0.1226 0.186265 0.271075 0.378904 0.509337 0.65913 0.822646 0.993457 1.16583 1.33474 1.49426 1.63623 1.75131 1.83156 1.87242 1.87263 1.83291 1.75563 1.64596 1.51353 1.37181 1.23351 1.1044 0.981029 0.855823 0.724748 0.590848 0.462058 0.34689 0.251027 0.176149 0.120657 0.0810781 0.0534688 0.0343329 0.0212787 0.0125596 0.00685348 0.00358382 0.00173882 0.000780753 0 0 0 0 0 0 0 0 0 0 0 0 0 0 0 0 0 0 0 0 0 0 0 0 0 0 0 0 0 0 0 0 0 0 0 0 0 0 0 0 0 0 0 0 0 0 0 0
0 0 0 0 0 0 0 0 0 0 0 0 0 0 0 0 0 0 0 0 0 0 0 0 0 0 0 0 0 0 0 0 0 0 0 0 0 0 0 0 0 0 0 0 0 0 0 0 0 0 0 2.70181e-05 7.33465e-05 0.000424923 0.00103392 0.00238051 0.00530764 0.0107994 0.0205423 0.0368117 0.0624205 0.100746 0.155501 0.230337 0.328022 0.449155 0.591257 0.748724 0.914242 1.08052 1.24116 1.38994 1.51979 1.62319 1.69408 1.72953 1.72954 1.69561 1.62981 1.53595 1.42164 1.29835 1.17736 1.06314 0.951089 0.832827 0.704432 0.569923 0.438944 0.321721 0.22519 0.151464 0.0986504 0.0626886 0.0390645 0.0238148 0.0141335 0.00806795 0.00419831 0.00217634 0.00105 0 0 0 0 0 0 0 0 0 0 0 0 0 0 0 0 0 0 0 0 0 0 0 0 0 0 0 0 0 0 0 0 0 0 0 0 0 0 0 0 0 0 0 0 0 0 0 0 0
0 0 0 0 0 0 0 0 0 0 0 0 0 0 0 0 0 0 0 0 0 0 0 0 0 0 0 0 0 0 0 0 0 0 0 0 0 0 0 0 0 0 0 0 0 0 0 0 0 0 0 2.15426e-05 5.83208e-05 0.000312379 0.000771369 0.00177967 0.00407514 0.00829399 0.015869 0.0287234 0.049385 0.0811365 0.127879 0.193808 0.282379 0.394958 0.529545 0.680551 0.83994 0.999252 1.15106 1.28902 1.40694 1.49872 1.55957 1.58753 1.58334 1.54923 1.4878 1.40294 1.30178 1.19486 1.09201 0.995817 0.899786 0.794367 0.67527 0.546806 0.419259 0.303781 0.208284 0.135694 0.0845231 0.0507652 0.0296327 0.0168766 0.00940176 0.00508771 0.0024148 0.00123387 0.000104544 0 0 0 0 0 0 0 0 0 0 0 0 0 0 0 0 0 0 0 0 0 0 0 0 0 0 0 0 0 0 0 0 0 0 0 0 0 0 0 0 0 0 0 0 0 0 0 0 0
0 0 0 0 0 0 0 0 0 0 0 0 0 0 0 0 0 0 0 0 0 0 0 0 0 0 0 0 0 0 0 0 0 0 0 0 0 0 0 0 0 0 0 0 0 0 0 0 0 0 0 0 4.68984e-05 0.000116811 0.000587108 0.00133889 0.00312879 0.00638907 0.0122951 0.0224758 0.0392963 0.0659284 0.106457 0.165341 0.246425 0.351348 0.478285 0.621582 0.772874 0.923235 1.06496 1.19193 1.29869 1.37986 1.43111 1.45051 1.43907 1.39973 1.33647 1.25457 1.16195 1.06887 0.983539 0.906143 0.827958 0.738238 0.632338 0.514497 0.395013 0.2853 0.193716 0.123877 0.0748627 0.0430104 0.0236508 0.012575 0.00649776 0.00327059 0.00131809 0.000658567 0 0 0 0 0 0 0 0 0 0 0 0 0 0 0 0 0 0 0 0 0 0 0 0 0 0 0 0 0 0 0 0 0 0 0 0 0 0 0 0 0 0 0 0 0 0 0 0 0 0
0 0 0 0 0 0 0 0 0 0 0 0 0 0 0 0 0 0 0 0 0 0 0 0 0 0 0 0 0 0 0 0 0 0 0 0 0 0 0 0 0 0 0 0 0 0 0 0 0 0 0 0 3.89481e-05 9.59736e-05 0.000459106 0.00111558 0.00252574 0.00514881 0.00996792 0.0184304 0.0327518 0.0561022 0.0926025 0.146762 0.222373 0.320971 0.440511 0.575166 0.716525 0.855808 0.985808 1.10113 1.19706 1.26855 1.31097 1.32178 1.30172 1.25451 1.18584 1.10316 1.0158 0.933862 0.86379 0.803201 0.741486 0.66721 0.575654 0.470811 0.362539 0.261863 0.177115 0.112141 0.0665982 0.0371838 0.0196154 0.00985692 0.00475081 0.00221262 0.000691706 0 0 0 0 0 0 0 0 0 0 0 0 0 0 0 0 0 0 0 0 0 0 0 0 0 0 0 0 0 0 0 0 0 0 0 0 0 0 0 0 0 0 0 0 0 0 0 0 0 0 0
0 0 0 0 0 0 0 0 0 0 0 0 0 0 0 0 0 0 0 0 0 0 0 0 0 0 0 0 0 0 0 0 0 0 0 0 0 0 0 0 0 0 0 0 0 0 0 0 0 0 0 0 3.27975e-05 8.01586e-05 0.000366046 0.000965791 0.00218981 0.00448176 0.00874973 0.0163847 0.0295714 0.0515201 0.0863399 0.138458 0.211367 0.306092 0.420018 0.546829 0.678012 0.80524 0.922269 1.02494 1.10948 1.17115 1.20473 1.20684 1.17775 1.12178 1.04649 0.961468 0.877401 0.803948 0.745521 0.697549 0.64844 0.587001 0.508788 0.417472 0.322043 0.232615 0.156965 0.0988116 0.0580711 0.0318464 0.0163804 0.00792339 0.00362611 0.00158189 0 0 0 0 0 0 0 0 0 0 0 0 0 0 0 0 0 0 0 0 0 0 0 0 0 0 0 0 0 0 0 0 0 0 0 0 0 0 0 0 0 0 0 0 0 0 0 0 0 0 0 0
0 0 0 0 0 0 0 0 0 0 0 0 0 0 0 0 0 0 0 0 0 0 0 0 0 0 0 0 0 0 0 0 0 0 0 0 0 0 0 0 0 0 0 0 0 0 0 0 0 0 0 0 0 6.56335e-05 0.000148197 0.000897895 0.00195021 0.00424061 0.00838453 0.015935 0.029169 0.0514316 0.0869029 0.139916 0.213513 0.307953 0.419609 0.541259 0.663933 0.779635 0.883265 0.972197 1.04399 1.09439 1.11788 1.11038 1.07184 1.00718 0.925486 0.838131 0.756499 0.689164 0.638331 0.597885 0.556475 0.504116 0.437041 0.358505 0.276296 0.199192 0.133966 0.0839328 0.0489166 0.0265322 0.0134204 0.00633664 0.00270885 0.00110668 0 0 0 0 0 0 0 0 0 0 0 0 0 0 0 0 0 0 0 0 0 0 0 0 0 0 0 0 0 0 0 0 0 0 0 0 0 0 0 0 0 0 0 0 0 0 0 0 0 0 0 0
0 0 0 0 0 0 0 0 0 0 0 0 0 0 0 0 0 0 0 0 0 0 0 0 0 0 0 0 0 0 0 0 0 0 0 0 0 0 0 0 0 0 0 0 0 0 0 0 0 0 0 0 0 5.11279e-05 0.000115455 0.000780132 0.00196334 0.0042685 0.00857947 0.01657 0.0307262 0.0546521 0.0927116 0.149178 0.226666 0.324473 0.437672 0.557669 0.67457 0.780327 0.870811 0.945089 1.00239 1.03944 1.05092 1.03257 0.984367 0.911853 0.825181 0.736608 0.657287 0.594046 0.546916 0.509154 0.470814 0.423853 0.365451 0.29835 0.228909 0.164268 0.109908 0.0684247 0.0395713 0.0212651 0.0106259 0.00488716 0.00210175 0.000842539 0 0 0 0 0 0 0 0 0 0 0 0 0 0 0 0 0 0 0 0 0 0 0 0 0 0 0 0 0 0 0 0 0 0 0 0 0 0 0 0 0 0 0 0 0 0 0 0 0 0 0 0
0 0 0 0 0 0 0 0 0 0 0 0 0 0 0 0 0 0 0 0 0 0 0 0 0 0 0 0 0 0 0 0 0 0 0 0 0 0 0 0 0 0 0 0 0 0 0 0 0 0 0 0 0 0 8.44608e-05 0.000840179 0.00201927 0.00432016 0.00901603 0.0176839 0.0331918 0.0594733 0.101164 0.162556 0.245893 0.349547 0.467197 0.588647 0.702638 0.800543 0.878747 0.937904 0.979199 1.00099 0.998868 0.969046 0.911949 0.833651 0.744668 0.656934 0.580166 0.519013 0.47196 0.432789 0.393853 0.349414 0.29761 0.240559 0.183025 0.130347 0.0865789 0.0534923 0.0306177 0.0162957 0.00805021 0.00368607 0.00156588 0 0 0 0 0 0 0 0 0 0 0 0 0 0 0 0 0 0 0 0 0 0 0 0 0 0 0 0 0 0 0 0 0 0 0 0 0 0 0 0 0 0 0 0 0 0 0 0 0 0 0 0 0
0 0 0 0 0 0 0 0 0 0 0 0 0 0 0 0 0 0 0 0 0 0 0 0 0 0 0 0 0 0 0 0 0 0 0 0 0 0 0 0 0 0 0 0 0 0 0 0 0 0 0 0 0 0 5.76047e-05 0.000859192 0.0020009 0.00445224 0.0093638 0.0186524 0.0354214 0.0639364 0.10911 0.175327 0.264575 0.374531 0.497684 0.622311 0.735594 0.827813 0.895217 0.939585 0.964176 0.969609 0.953249 0.912513 0.848665 0.768096 0.680744 0.596743 0.523169 0.462346 0.4123 0.368614 0.326544 0.282676 0.235926 0.187653 0.140954 0.099318 0.0653344 0.0400041 0.0227118 0.0119656 0.00585716 0.0026555 0.00111529 0 0 0 0 0 0 0 0 0 0 0 0 0 0 0 0 0 0 0 0 0 0 0 0 0 0 0 0 0 0 0 0 0 0 0 0 0 0 0 0 0 0 0 0 0 0 0 0 0 0 0 0 0
0 0 0 0 0 0 0 0 0 0 0 0 0 0 0 0 0 0 0 0 0 0 0 0 0 0 0 0 0 0 0 0 0 0 0 0 0 0 0 0 0 0 0 0 0 0 0 0 0 0 0 0 0 0 0 0.000839638 0.00196523 0.00437025 0.00932332 0.0189701 0.0364508 0.0662973 0.113627 0.182922 0.276072 0.390411 0.517694 0.64507 0.758325 0.846352 0.904669 0.935474 0.943894 0.933187 0.903297 0.85356 0.786348 0.708084 0.627109 0.550402 0.481436 0.420417 0.365928 0.316232 0.269769 0.225317 0.182423 0.141616 0.104396 0.0724935 0.047125 0.0285584 0.0160525 0.00836124 0.00405779 0.0018226 0.000757674 0 0 0 0 0 0 0 0 0 0 0 0 0 0 0 0 0 0 0 0 0 0 0 0 0 0 0 0 0 0 0 0 0 0 0 0 0 0 0 0 0 0 0 0 0 0 0 0 0 0 0 0 0
0 0 0 0 0 0 0 0 0 0 0 0 0 0 0 0 0 0 0 0 0 0 0 0 0 0 0 0 0 0 0 0 0 0 0 0 0 0 0 0 0 0 0 0 0 0 0 0 0 0 0 0 0 0 0 0.000761274 0.0018177 0.00412016 0.00889334 0.0183082 0.0356913 0.065421 0.112712 0.182056 0.275387 0.390042 0.517654 0.644898 0.75666 0.840592 0.891119 0.910257 0.904407 0.87945 0.83832 0.782754 0.716354 0.645142 0.57504 0.50901 0.446721 0.386779 0.328903 0.274136 0.223802 0.178609 0.138692 0.103979 0.0745697 0.0506913 0.0324209 0.0193937 0.0107776 0.00553293 0.00266518 0.00118742 0 0 0 0 0 0 0 0 0 0 0 0 0 0 0 0 0 0 0 0 0 0 0 0 0 0 0 0 0 0 0 0 0 0 0 0 0 0 0 0 0 0 0 0 0 0 0 0 0 0 0 0 0 0
0 0 0 0 0 0 0 0 0 0 0 0 0 0 0 0 0 0 0 0 0 0 0 0 0 0 0 0 0 0 0 0 0 0 0 0 0 0 0 0 0 0 0 0 0 0 0 0 0 0 0 0 0 0 0 0.000651219 0.00158356 0.00366405 0.00805093 0.016775 0.0330317 0.0610182 0.105721 0.171522 0.26044 0.370121 0.492642 0.615 0.721934 0.800404 0.843794 0.853511 0.836535 0.800833 0.752185 0.694767 0.633271 0.572866 0.516574 0.46329 0.409549 0.353139 0.295026 0.238427 0.186735 0.14206 0.10501 0.0752132 0.0518749 0.0341782 0.021339 0.0124731 0.00686277 0.00344714 0.0016505 0 0 0 0 0 0 0 0 0 0 0 0 0 0 0 0 0 0 0 0 0 0 0 0 0 0 0 0 0 0 0 0 0 0 0 0 0 0 0 0 0 0 0 0 0 0 0 0 0 0 0 0 0 0 0
0 0 0 0 0 0 0 0 0 0 0 0 0 0 0 0 0 0 0 0 0 0 0 0 0 0 0 0 0 0 0 0 0 0 0 0 0 0 0 0 0 0 0 0 0 0 0 0 0 0 0 0 0 0 0 0.000525019 0.00130369 0.00307474 0.0068712 0.0144907 0.0287773 0.0536013 0.0934471 0.152421 0.232576 0.332072 0.443907 0.556105 0.654149 0.725061 0.761588 0.76434 0.740203 0.698321 0.646636 0.591306 0.537726 0.489896 0.447926 0.407491 0.363234 0.312859 0.258355 0.2042 0.154832 0.113044 0.0796874 0.0543028 0.0356987 0.0225361 0.0135829 0.0077184 0.00415833 0.00201064 0.000958219 0 0 0 0 0 0 0 0 0 0 0 0 0 0 0 0 0 0 0 0 0 0 0 0 0 0 0 0 0 0 0 0 0 0 0 0 0 0 0 0 0 0 0 0 0 0 0 0 0 0 0 0 0 0 0
0 0 0 0 0 0 0 0 0 0 0 0 0 0 0 0 0 0 0 0 0 0 0 0 0 0 0 0 0 0 0 0 0 0 0 0 0 0 0 0 0 0 0 0 0 0 0 0 0 0 0 0 0 0 0 0.000400212 0.00101482 0.00243793 0.00552963 0.0117992 0.0236437 0.0443292 0.0777599 0.127648 0.195936 0.28137 0.378153 0.475913 0.561624 0.623137 0.653138 0.651434 0.624236 0.580885 0.530442 0.480265 0.435936 0.400131 0.370718 0.341505 0.306576 0.264036 0.216392 0.16848 0.124886 0.0884558 0.0600518 0.0391714 0.0245523 0.0147702 0.00844342 0.00464606 0.002424 0.00109278 0 0 0 0 0 0 0 0 0 0 0 0 0 0 0 0 0 0 0 0 0 0 0 0 0 0 0 0 0 0 0 0 0 0 0 0 0 0 0 0 0 0 0 0 0 0 0 0 0 0 0 0 0 0 0 0
0 0 0 0 0 0 0 0 0 0 0 0 0 0 0 0 0 0 0 0 0 0 0 0 0 0 0 0 0 0 0 0 0 0 0 0 0 0 0 0 0 0 0 0 0 0 0 0 0 0 0 0 0 0 0 0.000133194 0.000748189 0.00182752 0.00420034 0.0090571 0.0183012 0.0345699 0.0610653 0.100883 0.155947 0.225463 0.304957 0.385956 0.457409 0.50863 0.532702 0.528812 0.502105 0.46124 0.415329 0.372036 0.336633 0.310662 0.290699 0.270167 0.243627 0.209688 0.170884 0.131643 0.0960545 0.066613 0.0440246 0.0278004 0.0167707 0.00965997 0.00527589 0.00276948 0.00138391 0 0 0 0 0 0 0 0 0 0 0 0 0 0 0 0 0 0 0 0 0 0 0 0 0 0 0 0 0 0 0 0 0 0 0 0 0 0 0 0 0 0 0 0 0 0 0 0 0 0 0 0 0 0 0 0 0
0 0 0 0 0 0 0 0 0 0 0 0 0 0 0 0 0 0 0 0 0 0 0 0 0 0 0 0 0 0 0 0 0 0 0 0 0 0 0 0 0 0 0 0 0 0 0 0 0 0 0 0 0 0 0 0.000106949 0.000523269 0.00129692 0.0030159 0.00656575 0.0133676 0.0254683 0.0453406 0.0755027 0.117626 0.171406 0.233609 0.297637 0.354643 0.395704 0.414691 0.410356 0.386629 0.350891 0.311468 0.275531 0.247734 0.228821 0.215113 0.200716 0.181202 0.155638 0.126177 0.0963846 0.0694984 0.0474497 0.0307818 0.0189963 0.011155 0.00619331 0.0032761 0.00164677 0 0 0 0 0 0 0 0 0 0 0 0 0 0 0 0 0 0 0 0 0 0 0 0 0 0 0 0 0 0 0 0 0 0 0 0 0 0 0 0 0 0 0 0 0 0 0 0 0 0 0 0 0 0 0 0 0 0
0 0 0 0 0 0 0 0 0 0 0 0 0 0 0 0 0 0 0 0 0 0 0 0 0 0 0 0 0 0 0 0 0 0 0 0 0 0 0 0 0 0 0 0 0 0 0 0 0 0 0 0 0 0 0 8.03052e-05 0.000347608 0.000872642 0.00205087 0.00450656 0.00925593 0.0177857 0.0319482 0.0536958 0.0844387 0.124193 0.170734 0.219249 0.262979 0.29481 0.30959 0.305871 0.286404 0.257065 0.224835 0.195919 0.174186 0.159976 0.150052 0.139763 0.12583 0.107628 0.0867531 0.0657591 0.0469464 0.0316578 0.0202387 0.0122814 0.00705675 0.00385194 0.0018653 0.000879866 0 0 0 0 0 0 0 0 0 0 0 0 0 0 0 0 0 0 0 0 0 0 0 0 0 0 0 0 0 0 0 0 0 0 0 0 0 0 0 0 0 0 0 0 0 0 0 0 0 0 0 0 0 0 0 0 0 0
0 0 0 0 0 0 0 0 0 0 0 0 0 0 0 0 0 0 0 0 0 0 0 0 0 0 0 0 0 0 0 0 0 0 0 0 0 0 0 0 0 0 0 0 0 0 0 0 0 0 0 0 0 0 0 5.62841e-05 0.000153724 0.000557444 0.00132339 0.00293585 0.00608802 0.0118071 0.0214457 0.0364383 0.0579333 0.0861217 0.119591 0.154987 0.187334 0.211254 0.2226 0.219916 0.204984 0.182175 0.156978 0.134382 0.11747 0.106444 0.0988309 0.0913003 0.0816032 0.0693152 0.0554723 0.0417127 0.0295011 0.0196752 0.0124191 0.0074203 0.00421589 0.00222463 0.00111272 0.000522543 0 0 0 0 0 0 0 0 0 0 0 0 0 0 0 0 0 0 0 0 0 0 0 0 0 0 0 0 0 0 0 0 0 0 0 0 0 0 0 0 0 0 0 0 0 0 0 0 0 0 0 0 0 0 0 0 0 0
0 0 0 0 0 0 0 0 0 0 0 0 0 0 0 0 0 0 0 0 0 0 0 0 0 0 0 0 0 0 0 0 0 0 0 0 0 0 0 0 0 0 0 0 0 0 0 0 0 0 0 0 0 0 0 0 0.000101509 0.000261999 0.000811436 0.001819 0.00381372 0.00748453 0.0137535 0.0236821 0.0381307 0.0573748 0.0805689 0.105471 0.12859 0.145998 0.154523 0.152852 0.142046 0.125177 0.106324 0.0892517 0.0763141 0.067697 0.0617127 0.056146 0.0495518 0.0416468 0.0330147 0.0245976 0.017228 0.0113599 0.00706809 0.00417052 0.00233601 0.00123666 0.000613319 0 0 0 0 0 0 0 0 0 0 0 0 0 0 0 0 0 0 0 0 0 0 0 0 0 0 0 0 0 0 0 0 0 0 0 0 0 0 0 0 0 0 0 0 0 0 0 0 0 0 0 0 0 0 0 0 0 0 0
0 0 0 0 0 0 0 0 0 0 0 0 0 0 0 0 0 0 0 0 0 0 0 0 0 0 0 0 0 0 0 0 0 0 0 0 0 0 0 0 0 0 0 0 0 0 0 0 0 0 0 0 0 0 0 0 6.23694e-05 0.000162549 0.00047319 0.00107358 0.00228053 0.00453867 0.00846264 0.014774 0.0241376 0.0367993 0.0522946 0.069179 0.085095 0.0973089 0.1035 0.102596 0.0951778 0.0833053 0.0698325 0.0574585 0.047897 0.0413447 0.0367333 0.0326823 0.0283111 0.0234317 0.0183355 0.013504 0.00934057 0.00609185 0.00375627 0.0021883 0.00121295 0.00063616 0.000312328 0 0 0 0 0 0 0 0 0 0 0 0 0 0 0 0 0 0 0 0 0 0 0 0 0 0 0 0 0 0 0 0 0 0 0 0 0 0 0 0 0 0 0 0 0 0 0 0 0 0 0 0 0 0 0 0 0 0 0
0 0 0 0 0 0 0 0 0 0 0 0 0 0 0 0 0 0 0 0 0 0 0 0 0 0 0 0 0 0 0 0 0 0 0 0 0 0 0 0 0 0 0 0 0 0 0 0 0 0 0 0 0 0 0 0 3.57011e-05 9.40751e-05 0.000231896 0.000604544 0.00130437 0.00263854 0.00500155 0.00887168 0.0146996 0.0227232 0.0326734 0.0436571 0.0541678 0.0623611 0.0666483 0.0662268 0.0613846 0.0534419 0.0442858 0.0357615 0.0290402 0.0243153 0.0209521 0.018125 0.0153204 0.012419 0.0095476 0.0069275 0.00473016 0.00304463 0.00185463 0.00106467 0.000583571 0.000298761 0 0 0 0 0 0 0 0 0 0 0 0 0 0 0 0 0 0 0 0 0 0 0 0 0 0 0 0 0 0 0 0 0 0 0 0 0 0 0 0 0 0 0 0 0 0 0 0 0 0 0 0 0 0 0 0 0 0 0 0
0 0 0 0 0 0 0 0 0 0 0 0 0 0 0 0 0 0 0 0 0 0 0 0 0 0 0 0 0 0 0 0 0 0 0 0 0 0 0 0 0 0 0 0 0 0 0 0 0 0 0 0 0 0 0 0 0 5.0983e-05 0.000127569 0.00029936 0.000714922 0.00147281 0.00284097 0.00512164 0.00860955 0.0134679 0.0195829 0.0264036 0.0329944 0.0382208 0.0410207 0.0408482 0.0378449 0.0328107 0.0269349 0.0213825 0.0169428 0.0137581 0.0114782 0.00962308 0.00790246 0.00624165 0.00469229 0.00333403 0.00223618 0.00142045 0.000852746 0.000480742 0.000260395 0.000130894 0 0 0 0 0 0 0 0 0 0 0 0 0 0 0 0 0 0 0 0 0 0 0 0 0 0 0 0 0 0 0 0 0 0 0 0 0 0 0 0 0 0 0 0 0 0 0 0 0 0 0 0 0 0 0 0 0 0 0 0
0 0 0 0 0 0 0 0 0 0 0 0 0 0 0 0 0 0 0 0 0 0 0 0 0 0 0 0 0 0 0 0 0 0 0 0 0 0 0 0 0 0 0 0 0 0 0 0 0 0 0 0 0 0 0 0 0 2.60079e-05 6.62746e-05 0.000158538 0.000355782 0.000789236 0.00154878 0.00283427 0.00482654 0.00763261 0.0111919 0.0151996 0.0191185 0.02225 0.0239592 0.0239005 0.0221364 0.0191292 0.0155805 0.0121925 0.00944041 0.00745351 0.0060277 0.00489941 0.00390296 0.00299401 0.00219076 0.00151906 0.000997069 0.00062128 0.000366527 0.000201871 0.000107956 0 0 0 0 0 0 0 0 0 0 0 0 0 0 0 0 0 0 0 0 0 0 0 0 0 0 0 0 0 0 0 0 0 0 0 0 0 0 0 0 0 0 0 0 0 0 0 0 0 0 0 0 0 0 0 0 0 0 0 0 0
0 0 0 0 0 0 0 0 0 0 0 0 0 0 0 0 0 0 0 0 0 0 0 0 0 0 0 0 0 0 0 0 0 0 0 0 0 0 0 0 0 0 0 0 0 0 0 0 0 0 0 0 0 0 0 0 0 0 3.26849e-05 7.9821e-05 0.000182641 0.000390649 0.000779114 0.00149597 0.00257435 0.0041065 0.00606385 0.00828235 0.0104578 0.0122031 0.0131882 0.0131719 0.0121952 0.0105104 0.00850622 0.00657646 0.00499359 0.0038356 0.00301824 0.00238446 0.00184571 0.00137431 0.000974783 0.000656115 0.000421148 0.000256317 0.000141843 7.89753e-05 0 0 0 0 0 0 0 0 0 0 0 0 0 0 0 0 0 0 0 0 0 0 0 0 0 0 0 0 0 0 0 0 0 0 0 0 0 0 0 0 0 0 0 0 0 0 0 0 0 0 0 0 0 0 0 0 0 0 0 0 0 0
0 0 0 0 0 0 0 0 0 0 0 0 0 0 0 0 0 0 0 0 0 0 0 0 0 0 0 0 0 0 0 0 0 0 0 0 0 0 0 0 0 0 0 0 0 0 0 0 0 0 0 0 0 0 0 0 0 0 0 3.82389e-05 8.90536e-05 0.000193327 0.000390278 0.000731151 0.00126912 0.0020832 0.00309213 0.0042407 0.005372 0.00628434 0.00678875 0.00679192 0.0062837 0.00540872 0.00435426 0.00333216 0.00248729 0.00186631 0.00142765 0.00110014 0.000830714 0.000601774 0.000415909 0.000272073 0.000169613 0.000100392 5.26317e-05 1.28904e-05 0 0 0 0 0 0 0 0 0 0 0 0 0 0 0 0 0 0 0 0 0 0 0 0 0 0 0 0 0 0 0 0 0 0 0 0 0 0 0 0 0 0 0 0 0 0 0 0 0 0 0 0 0 0 0 0 0 0 0 0 0 0
0 0 0 0 0 0 0 0 0 0 0 0 0 0 0 0 0 0 0 0 0 0 0 0 0 0 0 0 0 0 0 0 0 0 0 0 0 0 0 0 0 0 0 0 0 0 0 0 0 0 0 0 0 0 0 0 0 0 0 1.73791e-05 4.10678e-05 9.01996e-05 0.000183782 0.000346756 0.000605208 0.000976331 0.00145478 0.00202904 0.00257624 0.00301882 0.00326492 0.00325942 0.00302158 0.0025925 0.00207722 0.00157534 0.00115807 0.000846284 0.000634015 0.000477794 0.000351855 0.00025144 0.000169007 0.000107964 6.53441e-05 3.75143e-05 1.04734e-05 0 0 0 0 0 0 0 0 0 0 0 0 0 0 0 0 0 0 0 0 0 0 0 0 0 0 0 0 0 0 0 0 0 0 0 0 0 0 0 0 0 0 0 0 0 0 0 0 0 0 0 0 0 0 0 0 0 0 0 0 0 0 0
0 0 0 0 0 0 0 0 0 0 0 0 0 0 0 0 0 0 0 0 0 0 0 0 0 0 0 0 0 0 0 0 0 0 0 0 0 0 0 0 0 0 0 0 0 0 0 0 0 0 0 0 0 0 0 0 0 0 0 0 1.78213e-05 3.94719e-05 8.09368e-05 0.000153468 0.000268878 0.000435017 0.000649669 0.000895424 0.0011387 0.00133603 0.00144652 0.00144493 0.00133193 0.00113327 0.000916029 0.000690105 0.000501277 0.000361763 0.000264937 0.000195194 0.000141556 9.80777e-05 6.44924e-05 3.99127e-05 2.08212e-05 7.4433e-06 3.91495e-06 0 0 0 0 0 0 0 0 0 0 0 0 0 0 0 0 0 0 0 0 0 0 0 0 0 0 0 0 0 0 0 0 0 0 0 0 0 0 0 0 0 0 0 0 0 0 0 0 0 0 0 0 0 0 0 0 0 0 0 0 0 0 0
0 0 0 0 0 0 0 0 0 0 0 0 0 0 0 0 0 0 0 0 0 0 0 0 0 0 0 0 0 0 0 0 0 0 0 0 0 0 0 0 0 0 0 0 0 0 0 0 0 0 0 0 0 0 0 0 0 0 0 0 0 0 3.31936e-05 6.31495e-05 0.000110921 0.000179812 0.000268945 0.00037109 0.000472306 0.000554524 0.000600493 0.00059984 0.000552775 0.000469983 0.000369007 0.000267389 0.00020309 0.000143903 0.000103001 7.45739e-05 5.30938e-05 3.64103e-05 2.26413e-05 1.34522e-05 7.47485e-06 2.45849e-06 0 0 0 0 0 0 0 0 0 0 0 0 0 0 0 0 0 0 0 0 0 0 0 0 0 0 0 0 0 0 0 0 0 0 0 0 0 0 0 0 0 0 0 0 0 0 0 0 0 0 0 0 0 0 0 0 0 0 0 0 0 0 0 0
0 0 0 0 0 0 0 0 0 0 0 0 0 0 0 0 0 0 0 0 0 0 0 0 0 0 0 0 0 0 0 0 0 0 0 0 0 0 0 0 0 0 0 0 0 0 0 0 0 0 0 0 0 0 0 0 0 0 0 0 0 0 0 2.40882e-05 4.23852e-05 6.88e-05 0.000103008 0.000142238 0.000181137 0.000212728 0.000230395 0.000230103 0.000212044 0.000180224 0.000141326 0.000102263 6.82399e-05 4.21069e-05 3.71871e-05 2.62804e-05 1.84323e-05 1.24157e-05 7.80576e-06 4.65871e-06 1.42956e-06 0 0 0 0 0 0 0 0 0 0 0 0 0 0 0 0 0 0 0 0 0 0 0 0 0 0 0 0 0 0 0 0 0 0 0 0 0 0 0 0 0 0 0 0 0 0 0 0 0 0 0 0 0 0 0 0 0 0 0 0 0 0 0 0 0
0 0 0 0 0 0 0 0 0 0 0 0 0 0 0 0 0 0 0 0 0 0 0 0 0 0 0 0 0 0 0 0 0 0 0 0 0 0 0 0 0 0 0 0 0 0 0 0 0 0 0 0 0 0 0 0 0 0 0 0 0 0 0 0 0 2.43315e-05 3.64535e-05 5.03429e-05 6.41415e-05 7.53516e-05 8.16226e-05 8.15281e-05 7.50971e-05 6.37954e-05 4.99431e-05 3.61058e-05 2.40847e-05 1.47983e-05 8.41273e-06 4.41678e-06 0 0 0 0 0 0 0 0 0 0 0 0 0 0 0 0 0 0 0 0 0 0 0 0 0 0 0 0 0 0 0 0 0 0 0 0 0 0 0 0 0 0 0 0 0 0 0 0 0 0 0 0 0 0 0 0 0 0 0 0 0 0 0 0 0 0 0 0 0 0
0 0 0 0 0 0 0 0 0 0 0 0 0 0 0 0 0 0 0 0 0 0 0 0 0 0 0 0 0 0 0 0 0 0 0 0 0 0 0 0 0 0 0 0 0 0 0 0 0 0 0 0 0 0 0 0 0 0 0 0 0 0 0 0 0 0 0 1.64577e-05 2.09723e-05 2.46398e-05 2.66666e-05 2.66363e-05 2.45323e-05 2.08355e-05 1.63196e-05 1.17707e-05 7.84602e-06 0 0 0 0 0 0 0 0 0 0 0 0 0 0 0 0 0 0 0 0 0 0 0 0 0 0 0 0 0 0 0 0 0 0 0 0 0 0 0 0 0 0 0 0 0 0 0 0 0 0 0 0 0 0 0 0 0 0 0 0 0 0 0 0 0 0 0 0 0 0 0 0 0
0 0 0 0 0 0 0 0 0 0 0 0 0 0 0 0 0 0 0 0 0 0 0 0 0 0 0 0 0 0 0 0 0 0 0 0 0 0 0 0 0 0 0 0 0 0 0 0 0 0 0 0 0 0 0 0 0 0 0 0 0 0 0 0 0 0 0 0 0 0 0 0 0 0 0 0 0 0 0 0 0 0 0 0 0 0 0 0 0 0 0 0 0 0 0 0 0 0 0 0 0 0 0 0 0 0 0 0 0 0 0 0 0 0 0 0 0 0 0 0 0 0 0 0 0 0 0 0 0 0 0 0 0 0 0 0 0 0 0 0 0 0 0 0 0 0 0 0 0 0
0 0 0 0 0 0 0 0 0 0 0 0 0 0 0 0 0 0 0 0 0 0 0 0 0 0 0 0 0 0 0 0 0 0 0 0 0 0 0 0 0 0 0 0 0 0 0 0 0 0 0 0 0 0 0 0 0 0 0 0 0 0 0 0 0 0 0 0 0 0 0 0 0 0 0 0 0 0 0 0 0 0 0 0 0 0 0 0 0 0 0 0 0 0 0 0 0 0 0 0 0 0 0 0 0 0 0 0 0 0 0 0 0 0 0 0 0 0 0 0 0 0 0 0 0 0 0 0 0 0 0 0 0 0 0 0 0 0 0 0 0 0 0 0 0 0 0 0 0 0
0 0 0 0 0 0 0 0 0 0 0 0 0 0 0 0 0 0 0 0 0 0 0 0 0 0 0 0 0 0 0 0 0 0 0 0 0 0 0 0 0 0 0 0 0 0 0 0 0 0 0 0 0 0 0 0 0 0 0 0 0 0 0 0 0 0 0 0 0 0 0 0 0 0 0 0 0 0 0 0 0 0 0 0 0 0 0 0 0 0 0 0 0 0 0 0 0 0 0 0 0 0 0 0 0 0 0 0 0 0 0 0 0 0 0 0 0 0 0 0 0 0 0 0 0 0 0 0 0 0 0 0 0 0 0 0 0 0 0 0 0 0 0 0 0 0 0 0 0 0
0 0 0 0 0 0 0 0 0 0 0 0 0 0 0 0 0 0 0 0 0 0 0 0 0 0 0 0 0 0 0 0 0 0 0 0 0 0 0 0 0 0 0 0 0 0 0 0 0 0 0 0 0 0 0 0 0 0 0 0 0 0 0 0 0 0 0 0 0 0 0 0 0 0 0 0 0 0 0 0 0 0 0 0 0 0 0 0 0 0 0 0 0 0 0 0 0 0 0 0 0 0 0 0 0 0 0 0 0 0 0 0 0 0 0 0 0 0 0 0 0 0 0 0 0 0 0 0 0 0 0 0 0 0 0 0 0 0 0 0 0 0 0 0 0 0 0 0 0 0
0 0 0 0 0 0 0 0 0 0 0 0 0 0 0 0 0 0 0 0 0 0 0 0 0 0 0 0 0 0 0 0 0 0 0 0 0 0 0 0 0 0 0 0 0 0 0 0 0 0 0 0 0 0 0 0 0 0 0 0 0 0 0 0 0 0 0 0 0 0 0 0 0 0 0 0 0 0 0 0 0 0 0 0 0 0 0 0 0 0 0 0 0 0 0 0 0 0 0 0 0 0 0 0 0 0 0 0 0 0 0 0 0 0 0 0 0 0 0 0 0 0 0 0 0 0 0 0 0 0 0 0 0 0 0 0 0 0 0 0 0 0 0 0 0 0 0 0 0 0
0 0 0 0 0 0 0 0 0 0 0 0 0 0 0 0 0 0 0 0 0 0 0 0 0 0 0 0 0 0 0 0 0 0 0 0 0 0 0 0 0 0 0 0 0 0 0 0 0 0 0 0 0 0 0 0 0 0 0 0 0 0 0 0 0 0 0 0 0 0 0 0 0 0 0 0 0 0 0 0 0 0 0 0 0 0 0 0 0 0 0 0 0 0 0 0 0 0 0 0 0 0 0 0 0 0 0 0 0 0 0 0 0 0 0 0 0 0 0 0 0 0 0 0 0 0 0 0 0 0 0 0 0 0 0 0 0 0 0 0 0 0 0 0 0 0 0 0 0 0
0 0 0 0 0 0 0 0 0 0 0 0 0 0 0 0 0 0 0 0 0 0 0 0 0 0 0 0 0 0 0 0 0 0 0 0 0 0 0 0 0 0 0 0 0 0 0 0 0 0 0 0 0 0 0 0 0 0 0 0 0 0 0 0 0 0 0 0 0 0 0 0 0 0 0 0 0 0 0 0 0 0 0 0 0 0 0 0 0 0 0 0 0 0 0 0 0 0 0 0 0 0 0 0 0 0 0 0 0 0 0 0 0 0 0 0 0 0 0 0 0 0 0 0 0 0 0 0 0 0 0 0 0 0 0 0 0 0 0 0 0 0 0 0 0 0 0 0 0 0
0 0 0 0 0 0 0 0 0 0 0 0 0 0 0 0 0 0 0 0 0 0 0 0 0 0 0 0 0 0 0 0 0 0 0 0 0 0 0 0 0 0 0 0 0 0 0 0 0 0 0 0 0 0 0 0 0 0 0 0 0 0 0 0 0 0 0 0 0 0 0 0 0 0 0 0 0 0 0 0 0 0 0 0 0 0 0 0 0 0 0 0 0 0 0 0 0 0 0 0 0 0 0 0 0 0 0 0 0 0 0 0 0 0 0 0 0 0 0 0 0 0 0 0 0 0 0 0 0 0 0 0 0 0 0 0 0 0 0 0 0 0 0 0 0 0 0 0 0 0
0 0 0 0 0 0 0 0 0 0 0 0 0 0 0 0 0 0 0 0 0 0 0 0 0 0 0 0 0 0 0 0 0 0 0 0 0 0 0 0 0 0 0 0 0 0 0 0 0 0 0 0 0 0 0 0 0 0 0 0 0 0 0 0 0 0 0 0 0 0 0 0 0 0 0 0 0 0 0 0 0 0 0 0 0 0 0 0 0 0 0 0 0 0 0 0 0 0 0 0 0 0 0 0 0 0 0 0 0 0 0 0 0 0 0 0 0 0 0 0 0 0 0 0 0 0 0 0 0 0 0 0 0 0 0 0 0 0 0 0 0 0 0 0 0 0 0 0 0 0
0 0 0 0 0 0 0 0 0 0 0 0 0 0 0 0 0 0 0 0 0 0 0 0 0 0 0 0 0 0 0 0 0 0 0 0 0 0 0 0 0 0 0 0 0 0 0 0 0 0 0 0 0 0 0 0 0 0 0 0 0 0 0 0 0 0 0 0 0 0 0 0 0 0 0 0 0 0 0 0 0 0 0 0 0 0 0 0 0 0 0 0 0 0 0 0 0 0 0 0 0 0 0 0 0 0 0 0 0 0 0 0 0 0 0 0 0 0 0 0 0 0 0 0 0 0 0 0 0 0 0 0 0 0 0 0 0 0 0 0 0 0 0 0 0 0 0 0 0 0
0 0 0 0 0 0 0 0 0 0 0 0 0 0 0 0 0 0 0 0 0 0 0 0 0 0 0 0 0 0 0 0 0 0 0 0 0 0 0 0 0 0 0 0 0 0 0 0 0 0 0 0 0 0 0 0 0 0 0 0 0 0 0 0 0 0 0 0 0 0 0 0 0 0 0 0 0 0 0 0 0 0 0 0 0 0 0 0 0 0 0 0 0 0 0 0 0 0 0 0 0 0 0 0 0 0 0 0 0 0 0 0 0 0 0 0 0 0 0 0 0 0 0 0 0 0 0 0 0 0 0 0 0 0 0 0 0 0 0 0 0 0 0 0 0 0 0 0 0 0
0 0 0 0 0 0 0 0 0 0 0 0 0 0 0 0 0 0 0 0 0 0 0 0 0 0 0 0 0 0 0 0 0 0 0 0 0 0 0 0 0 0 0 0 0 0 0 0 0 0 0 0 0 0 0 0 0 0 0 0 0 0 0 0 0 0 0 0 0 0 0 0 0 0 0 0 0 0 0 0 0 0 0 0 0 0 0 0 0 0 0 0 0 0 0 0 0 0 0 0 0 0 0 0 0 0 0 0 0 0 0 0 0 0 0 0 0 0 0 0 0 0 0 0 0 0 0 0 0 0 0 0 0 0 0 0 0 0 0 0 0 0 0 0 0 0 0 0 0 0
0 0 0 0 0 0 0 0 0 0 0 0 0 0 0 0 0 0 0 0 0 0 0 0 0 0 0 0 0 0 0 0 0 0 0 0 0 0 0 0 0 0 0 0 0 0 0 0 0 0 0 0 0 0 0 0 0 0 0 0 0 0 0 0 0 0 0 0 0 0 0 0 0 0 0 0 0 0 0 0 0 0 0 0 0 0 0 0 0 0 0 0 0 0 0 0 0 0 0 0 0 0 0 0 0 0 0 0 0 0 0 0 0 0 0 0 0 0 0 0 0 0 0 0 0 0 0 0 0 0 0 0 0 0 0 0 0 0 0 0 0 0 0 0 0 0 0 0 0 0
0 0 0 0 0 0 0 0 0 0 0 0 0 0 0 0 0 0 0 0 0 0 0 0 0 0 0 0 0 0 0 0 0 0 0 0 0 0 0 0 0 0 0 0 0 0 0 0 0 0 0 0 0 0 0 0 0 0 0 0 0 0 0 0 0 0 0 0 0 0 0 0 0 0 0 0 0 0 0 0 0 0 0 0 0 0 0 0 0 0 0 0 0 0 0 0 0 0 0 0 0 0 0 0 0 0 0 0 0 0 0 0 0 0 0 0 0 0 0 0 0 0 0 0 0 0 0 0 0 0 0 0 0 0 0 0 0 0 0 0 0 0 0 0 0 0 0 0 0 0
0 0 0 0 0 0 0 0 0 0 0 0 0 0 0 0 0 0 0 0 0 0 0 0 0 0 0 0 0 0 0 0 0 0 0 0 0 0 0 0 0 0 0 0 0 0 0 0 0 0 0 0 0 0 0 0 0 0 0 0 0 0 0 0 0 0 0 0 0 0 0 0 0 0 0 0 0 0 0 0 0 0 0 0 0 0 0 0 0 0 0 0 0 0 0 0 0 0 0 0 0 0 0 0 0 0 0 0 0 0 0 0 0 0 0 0 0 0 0 0 0 0 0 0 0 0 0 0 0 0 0 0 0 0 0 0 0 0 0 0 0 0 0 0 0 0 0 0 0 0
0 0 0 0 0 0 0 0 0 0 0 0 0 0 0 0 0 0 0 0 0 0 0 0 0 0 0 0 0 0 0 0 0 0 0 0 0 0 0 0 0 0 0 0 0 0 0 0 0 0 0 0 0 0 0 0 0 0 0 0 0 0 0 0 0 0 0 0 0 0 0 0 0 0 0 0 0 0 0 0 0 0 0 0 0 0 0 0 0 0 0 0 0 0 0 0 0 0 0 0 0 0 0 0 0 0 0 0 0 0 0 0 0 0 0 0 0 0 0 0 0 0 0 0 0 0 0 0 0 0 0 0 0 0 0 0 0 0 0 0 0 0 0 0 0 0 0 0 0 0
0 0 0 0 0 0 0 0 0 0 0 0 0 0 0 0 0 0 0 0 0 0 0 0 0 0 0 0 0 0 0 0 0 0 0 0 0 0 0 0 0 0 0 0 0 0 0 0 0 0 0 0 0 0 0 0 0 0 0 0 0 0 0 0 0 0 0 0 0 0 0 0 0 0 0 0 0 0 0 0 0 0 0 0 0 0 0 0 0 0 0 0 0 0 0 0 0 0 0 0 0 0 0 0 0 0 0 0 0 0 0 0 0 0 0 0 0 0 0 0 0 0 0 0 0 0 0 0 0 0 0 0 0 0 0 0 0 0 0 0 0 0 0 0 0 0 0 0 0 0
0 0 0 0 0 0 0 0 0 0 0 0 0 0 0 0 0 0 0 0 0 0 0 0 0 0 0 0 0 0 0 0 0 0 0 0 0 0 0 0 0 0 0 0 0 0 0 0 0 0 0 0 0 0 0 0 0 0 0 0 0 0 0 0 0 0 0 0 0 0 0 0 0 0 0 0 0 0 0 0 0 0 0 0 0 0 0 0 0 0 0 0 0 0 0 0 0 0 0 0 0 0 0 0 0 0 0 0 0 0 0 0 0 0 0 0 0 0 0 0 0 0 0 0 0 0 0 0 0 0 0 0 0 0 0 0 0 0 0 0 0 0 0 0 0 0 0 0 0 0
0 0 0 0 0 0 0 0 0 0 0 0 0 0 0 0 0 0 0 0 0 0 0 0 0 0 0 0 0 0 0 0 0 0 0 0 0 0 0 0 0 0 0 0 0 0 0 0 0 0 0 0 0 0 0 0 0 0 0 0 0 0 0 0 0 0 0 0 0 0 0 0 0 0 0 0 0 0 0 0 0 0 0 0 0 0 0 0 0 0 0 0 0 0 0 0 0 0 0 0 0 0 0 0 0 0 0 0 0 0 0 0 0 0 0 0 0 0 0 0 0 0 0 0 0 0 0 0 0 0 0 0 0 0 0 0 0 0 0 0 0 0 0 0 0 0 0 0 0 0
0 0 0 0 0 0 0 0 0 0 0 0 0 0 0 0 0 0 0 0 0 0 0 0 0 0 0 0 0 0 0 0 0 0 0 0 0 0 0 0 0 0 0 0 0 0 0 0 0 0 0 0 0 0 0 0 0 0 0 0 0 0 0 0 0 0 0 0 0 0 0 0 0 0 0 0 0 0 0 0 0 0 0 0 0 0 0 0 0 0 0 0 0 0 0 0 0 0 0 0 0 0 0 0 0 0 0 0 0 0 0 0 0 0 0 0 0 0 0 0 0 0 0 0 0 0 0 0 0 0 0 0 0 0 0 0 0 0 0 0 0 0 0 0 0 0 0 0 0 0
0 0 0 0 0 0 0 0 0 0 0 0 0 0 0 0 0 0 0 0 0 0 0 0 0 0 0 0 0 0 0 0 0 0 0 0 0 0 0 0 0 0 0 0 0 0 0 0 0 0 0 0 0 0 0 0 0 0 0 0 0 0 0 0 0 0 0 0 0 0 0 0 0 0 0 0 0 0 0 0 0 0 0 0 0 0 0 0 0 0 0 0 0 0 0 0 0 0 0 0 0 0 0 0 0 0 0 0 0 0 0 0 0 0 0 0 0 0 0 0 0 0 0 0 0 0 0 0 0 0 0 0 0 0 0 0 0 0 0 0 0 0 0 0 0 0 0 0 0 0
0 0 0 0 0 0 0 0 0 0 0 0 0 0 0 0 0 0 0 0 0 0 0 0 0 0 0 0 0 0 0 0 0 0 0 0 0 0 0 0 0 0 0 0 0 0 0 0 0 0 0 0 0 0 0 0 0 0 0 0 0 0 0 0 0 0 0 0 0 0 0 0 0 0 0 0 0 0 0 0 0 0 0 0 0 0 0 0 0 0 0 0 0 0 0 0 0 0 0 0 0 0 0 0 0 0 0 0 0 0 0 0 0 0 0 0 0 0 0 0 0 0 0 0 0 0 0 0 0 0 0 0 0 0 0 0 0 0 0 0 0 0 0 0 0 0 0 0 0 0
0 0 0 0 0 0 0 0 0 0 0 0 0 0 0 0 0 0 0 0 0 0 0 0 0 0 0 0 0 0 0 0 0 0 0 0 0 0 0 0 0 0 0 0 0 0 0 0 0 0 0 0 0 0 0 0 0 0 0 0 0 0 0 0 0 0 0 0 0 0 0 0 0 0 0 0 0 0 0 0 0 0 0 0 0 0 0 0 0 0 0 0 0 0 0 0 0 0 0 0 0 0 0 0 0 0 0 0 0 0 0 0 0 0 0 0 0 0 0 0 0 0 0 0 0 0 0 0 0 0 0 0 0 0 0 0 0 0 0 0 0 0 0 0 0 0 0 0 0 0
0 0 0 0 0 0 0 0 0 0 0 0 0 0 0 0 0 0 0 0 0 0 0 0 0 0 0 0 0 0 0 0 0 0 0 0 0 0 0 0 0 0 0 0 0 0 0 0 0 0 0 0 0 0 0 0 0 0 0 0 0 0 0 0 0 0 0 0 0 0 0 0 0 0 0 0 0 0 0 0 0 0 0 0 0 0 0 0 0 0 0 0 0 0 0 0 0 0 0 0 0 0 0 0 0 0 0 0 0 0 0 0 0 0 0 0 0 0 0 0 0 0 0 0 0 0 0 0 0 0 0 0 0 0 0 0 0 0 0 0 0 0 0 0 0 0 0 0 0 0
0 0 0 0 0 0 0 0 0 0 0 0 0 0 0 0 0 0 0 0 0 0 0 0 0 0 0 0 0 0 0 0 0 0 0 0 0 0 0 0 0 0 0 0 0 0 0 0 0 0 0 0 0 0 0 0 0 0 0 0 0 0 0 0 0 0 0 0 0 0 0 0 0 0 0 0 0 0 0 0 0 0 0 0 0 0 0 0 0 0 0 0 0 0 0 0 0 0 0 0 0 0 0 0 0 0 0 0 0 0 0 0 0 0 0 0 0 0 0 0 0 0 0 0 0 0 0 0 0 0 0 0 0 0 0 0 0 0 0 0 0 0 0 0 0 0 0 0 0 0
0 0 0 0 0 0 0 0 0 0 0 0 0 0 0 0 0 0 0 0 0 0 0 0 0 0 0 0 0 0 0 0 0 0 0 0 0 0 0 0 0 0 0 0 0 0 0 0 0 0 0 0 0 0 0 0 0 0 0 0 0 0 0 0 0 0 0 0 0 0 0 0 0 0 0 0 0 0 0 0 0 0 0 0 0 0 0 0 0 0 0 0 0 0 0 0 0 0 0 0 0 0 0 0 0 0 0 0 0 0 0 0 0 0 0 0 0 0 0 0 0 0 0 0 0 0 0 0 0 0 0 0 0 0 0 0 0 0 0 0 0 0 0 0 0 0 0 0 0 0
0 0 0 0 0 0 0 0 0 0 0 0 0 0 0 0 0 0 0 0 0 0 0 0 0 0 0 0 0 0 0 0 0 0 0 0 0 0 0 0 0 0 0 0 0 0 0 0 0 0 0 0 0 0 0 0 0 0 0 0 0 0 0 0 0 0 0 0 0 0 0 0 0 0 0 0 0 0 0 0 0 0 0 0 0 0 0 0 0 0 0 0 0 0 0 0 0 0 0 0 0 0 0 0 0 0 0 0 0 0 0 0 0 0 0 0 0 0 0 0 0 0 0 0 0 0 0 0 0 0 0 0 0 0 0 0 0 0 0 0 0 0 0 0 0 0 0 0 0 0
0 0 0 0 0 0 0 0 0 0 0 0 0 0 0 0 0 0 0 0 0 0 0 0 0 0 0 0 0 0 0 0 0 0 0 0 0 0 0 0 0 0 0 0 0 0 0 0 0 0 0 0 0 0 0 0 0 0 0 0 0 0 0 0 0 0 0 0 0 0 0 0 0 0 0 0 0 0 0 0 0 0 0 0 0 0 0 0 0 0 0 0 0 0 0 0 0 0 0 0 0 0 0 0 0 0 0 0 0 0 0 0 0 0 0 0 0 0 0 0 0 0 0 0 0 0 0 0 0 0 0 0 0 0 0 0 0 0 0 0 0 0 0 0 0 0 0 0 0 0
0 0 0 0 0 0 0 0 0 0 0 0 0 0 0 0 0 0 0 0 0 0 0 0 0 0 0 0 0 0 0 0 0 0 0 0 0 0 0 0 0 0 0 0 0 0 0 0 0 0 0 0 0 0 0 0 0 0 0 0 0 0 0 0 0 0 0 0 0 0 0 0 0 0 0 0 0 0 0 0 0 0 0 0 0 0 0 0 0 0 0 0 0 0 0 0 0 0 0 0 0 0 0 0 0 0 0 0 0 0 0 0 0 0 0 0 0 0 0 0 0 0 0 0 0 0 0 0 0 0 0 0 0 0 0 0 0 0 0 0 0 0 0 0 0 0 0 0 0 0
0 0 0 0 0 0 0 0 0 0 0 0 0 0 0 0 0 0 0 0 0 0 0 0 0 0 0 0 0 0 0 0 0 0 0 0 0 0 0 0 0 0 0 0 0 0 0 0 0 0 0 0 0 0 0 0 0 0 0 0 0 0 0 0 0 0 0 0 0 0 0 0 0 0 0 0 0 0 0 0 0 0 0 0 0 0 0 0 0 0 0 0 0 0 0 0 0 0 0 0 0 0 0 0 0 0 0 0 0 0 0 0 0 0 0 0 0 0 0 0 0 0 0 0 0 0 0 0 0 0 0 0 0 0 0 0 0 0 0 0 0 0 0 0 0 0 0 0 0 0
0 0 0 0 0 0 0 0 0 0 0 0 0 0 0 0 0 0 0 0 0 0 0 0 0 0 0 0 0 0 0 0 0 0 0 0 0 0 0 0 0 0 0 0 0 0 0 0 0 0 0 0 0 0 0 0 0 0 0 0 0 0 0 0 0 0 0 0 0 0 0 0 0 0 0 0 0 0 0 0 0 0 0 0 0 0 0 0 0 0 0 0 0 0 0 0 0 0 0 0 0 0 0 0 0 0 0 0 0 0 0 0 0 0 0 0 0 0 0 0 0 0 0 0 0 0 0 0 0 0 0 0 0 0 0 0 0 0 0 0 0 0 0 0 0 0 0 0 0 0
0 0 0 0 0 0 0 0 0 0 0 0 0 0 0 0 0 0 0 0 0 0 0 0 0 0 0 0 0 0 0 0 0 0 0 0 0 0 0 0 0 0 0 0 0 0 0 0 0 0 0 0 0 0 0 0 0 0 0 0 0 0 0 0 0 0 0 0 0 0 0 0 0 0 0 0 0 0 0 0 0 0 0 0 0 0 0 0 0 0 0 0 0 0 0 0 0 0 0 0 0 0 0 0 0 0 0 0 0 0 0 0 0 0 0 0 0 0 0 0 0 0 0 0 0 0 0 0 0 0 0 0 0 0 0 0 0 0 0 0 0 0 0 0 0 0 0 0 0 0
0 0 0 0 0 0 0 0 0 0 0 0 0 0 0 0 0 0 0 0 0 0 0 0 0 0 0 0 0 0 0 0 0 0 0 0 0 0 0 0 0 0 0 0 0 0 0 0 0 0 0 0 0 0 0 0 0 0 0 0 0 0 0 0 0 0 0 0 0 0 0 0 0 0 0 0 0 0 0 0 0 0 0 0 0 0 0 0 0 0 0 0 0 0 0 0 0 0 0 0 0 0 0 0 0 0 0 0 0 0 0 0 0 0 0 0 0 0 0 0 0 0 0 0 0 0 0 0 0 0 0 0 0 0 0 0 0 0 0 0 0 0 0 0 0 0 0 0 0 0
0 0 0 0 0 0 0 0 0 0 0 0 0 0 0 0 0 0 0 0 0 0 0 0 0 0 0 0 0 0 0 0 0 0 0 0 0 0 0 0 0 0 0 0 0 0 0 0 0 0 0 0 0 0 0 0 0 0 0 0 0 0 0 0 0 0 0 0 0 0 0 0 0 0 0 0 0 0 0 0 0 0 0 0 0 0 0 0 0 0 0 0 0 0 0 0 0 0 0 0 0 0 0 0 0 0 0 0 0 0 0 0 0 0 0 0 0 0 0 0 0 0 0 0 0 0 0 0 0 0 0 0 0 0 0 0 0 0 0 0 0 0 0 0 0 0 0 0 0 0
0 0 0 0 0 0 0 0 0 0 0 0 0 0 0 0 0 0 0 0 0 0 0 0 0 0 0 0 0 0 0 0 0 0 0 0 0 0 0 0 0 0 0 0 0 0 0 0 0 0 0 0 0 0 0 0 0 0 0 0 0 0 0 0 0 0 0 0 0 0 0 0 0 0 0 0 0 0 0 0 0 0 0 0 0 0 0 0 0 0 0 0 0 0 0 0 0 0 0 0 0 0 0 0 0 0 0 0 0 0 0 0 0 0 0 0 0 0 0 0 0 0 0 0 0 0 0 0 0 0 0 0 0 0 0 0 0 0 0 0 0 0 0 0 0 0 0 0 0 0
0 0 0 0 0 0 0 0 0 0 0 0 0 0 0 0 0 0 0 0 0 0 0 0 0 0 0 0 0 0 0 0 0 0 0 0 0 0 0 0 0 0 0 0 0 0 0 0 0 0 0 0 0 0 0 0 0 0 0 0 0 0 0 0 0 0 0 0 0 0 0 0 0 0 0 0 0 0 0 0 0 0 0 0 0 0 0 0 0 0 0 0 0 0 0 0 0 0 0 0 0 0 0 0 0 0 0 0 0 0 0 0 0 0 0 0 0 0 0 0 0 0 0 0 0 0 0 0 0 0 0 0 0 0 0 0 0 0 0 0 0 0 0 0 0 0 0 0 0 0
0 0 0 0 0 0 0 0 0 0 0 0 0 0 0 0 0 0 0 0 0 0 0 0 0 0 0 0 0 0 0 0 0 0 0 0 0 0 0 0 0 0 0 0 0 0 0 0 0 0 0 0 0 0 0 0 0 0 0 0 0 0 0 0 0 0 0 0 0 0 0 0 0 0 0 0 0 0 0 0 0 0 0 0 0 0 0 0 0 0 0 0 0 0 0 0 0 0 0 0 0 0 0 0 0 0 0 0 0 0 0 0 0 0 0 0 0 0 0 0 0 0 0 0 0 0 0 0 0 0 0 0 0 0 0 0 0 0 0 0 0 0 0 0 0 0 0 0 0 0
