0 0 0 0 0 0 0 0 0 0 0 0 0 0 0 0 0 0 0 0 0 0 0 0 0 0 0 0 0 0 0 0 0 0 0 0 0 0 0 0 0 0 0 0 0 0 0 0 0 0 0 0 0 0 0 0 0 0 0 0 0 0 0 0 0 0 0 0 0 0 0 0 0 0 0 0 0 0 0 0 0 0 0 0 0 0 0 0 0 0 0 0 0 0 0 0 0 0 0 0 0 0 0 0 0 0 0 0 0 0 0 0 0 0 0 0 0 0 0 0 0 0 0 0 0 0 0 0 0 0 0 0 0 0 0 0 0 0 0 0 0 0 0 0 0 0 0 0 0 0
0 0 0 0 0 0 0 0 0 0 0 0 0 0 0 0 0 0 0 0 0 0 0 0 0 0 0 0 0 0 0 0 0 0 0 0 0 0 0 0 0 0 0 0 0 0 0 0 0 0 0 0 0 0 0 0 0 0 0 0 0 0 0 0 0 0 0 0 0 0 0 0 0 0 0 0 0 0 0 0 0 0 0 0 0 0 0 0 0 0 0 0 0 0 0 0 0 0 0 0 0 0 0 0 0 0 0 0 0 0 0 0 0 0 0 0 0 0 0 0 0 0 0 0 0 0 0 0 0 0 0 0 0 0 0 0 0 0 0 0 0 0 0 0 0 0 0 0 0 0
0 0 0 0 0 0 0 0 0 0 0 0 0 0 0 0 0 0 0 0 0 0 0 0 0 0 0 0 0 0 0 0 0 0 0 0 0 0 0 0 0 0 0 0 0 0 0 0 0 0 0 0 0 0 0 0 0 0 0 0 0 0 0 0 0 0 0 0 0 0 0 0 0 0 0 0 0 0 0 0 0 0 0 0 0 0 0 0 0 0 0 0 0 0 0 0 0 0 0 0 0 0 0 0 0 0 0 0 0 0 0 0 0 0 0 0 0 0 0 0 0 0 0 0 0 0 0 0 0 0 0 0 0 0 0 0 0 0 0 0 0 0 0 0 0 0 0 0 0 0
0 0 0 0 0 0 0 0 0 0 0 0 0 0 0 0 0 0 0 0 0 0 0 0 0 0 0 0 0 0 0 0 0 0 0 0 0 0 0 0 0 0 0 0 0 0 0 0 0 0 0 0 0 0 0 0 0 0 0 0 0 0 0 0 0 0 0 0 0 0 0 0 0 0 0 0 0 0 0 0 0 0 0 0 0 0 0 0 0 0 0 0 0 0 0 0 0 0 0 0 0 0 0 0 0 0 0 0 0 0 0 0 0 0 0 0 0 0 0 0 0 0 0 0 0 0 0 0 0 0 0 0 0 0 0 0 0 0 0 0 0 0 0 0 0 0 0 0 0 0
0 0 0 0 0 0 0 0 0 0 0 0 0 0 0 0 0 0 0 0 0 0 0 0 0 0 0 0 0 0 0 0 0 0 0 0 0 0 0 0 0 0 0 0 0 0 0 0 0 0 0 0 0 0 0 0 0 0 0 0 0 0 0 0 0 0 0 0 0 0 0 0 0 0 0 0 0 0 0 0 0 0 0 0 0 0 0 0 0 0 0 0 0 0 0 0 0 0 0 0 0 0 0 0 0 0 0 0 0 0 0 0 0 0 0 0 0 0 0 0 0 0 0 0 0 0 0 0 0 0 0 0 0 0 0 0 0 0 0 0 0 0 0 0 0 0 0 0 0 0
0 0 0 0 0 0 0 0 0 0 0 0 0 0 0 0 0 0 0 0 0 0 0 0 0 0 0 0 0 0 0 0 0 0 0 0 0 0 0 0 0 0 0 0 0 0 0 0 0 0 0 0 0 0 0 0 0 0 0 0 0 0 0 0 0 0 0 0 0 0 0 0 0 0 0 0 0 0 0 0 0 0 0 0 0 0 0 0 0 0 0 0 0 0 0 0 0 0 0 0 0 0 0 0 0 0 0 0 0 0 0 0 0 0 0 0 0 0 0 0 0 0 0 0 0 0 0 0 0 0 0 0 0 0 0 0 0 0 0 0 0 0 0 0 0 0 0 0 0 0
0 0 0 0 0 0 0 0 0 0 0 0 0 0 0 0 0 0 0 0 0 0 0 0 0 0 0 0 0 0 0 0 0 0 0 0 0 0 0 0 0 0 0 0 0 0 0 0 0 0 0 0 0 0 0 0 0 0 0 0 0 0 0 0 0 0 0 0 0 0 0 0 0 0 0 0 0 0 0 0 0 0 0 0 0 0 0 0 0 0 0 0 0 0 0 0 0 0 0 0 0 0 0 0 0 0 0 0 0 0 0 0 0 0 0 0 0 0 0 0 0 0 0 0 0 0 0 0 0 0 0 0 0 0 0 0 0 0 0 0 0 0 0 0 0 0 0 0 0 0
0 0 0 0 0 0 0 0 0 0 0 0 0 0 0 0 0 0 0 0 0 0 0 0 0 0 0 0 0 0 0 0 0 0 0 0 0 0 0 0 0 0 0 0 0 0 0 0 0 0 0 0 0 0 0 0 0 0 0 0 0 0 0 0 0 0 0 0 0 0 0 0 0 0 0 0 0 0 0 0 0 0 0 0 0 0 0 0 0 0 0 0 0 0 0 0 0 0 0 0 0 0 0 0 0 0 0 0 0 0 0 0 0 0 0 0 0 0 0 0 0 0 0 0 0 0 0 0 0 0 0 0 0 0 0 0 0 0 0 0 0 0 0 0 0 0 0 0 0 0
0 0 0 0 0 0 0 0 0 0 0 0 0 0 0 0 0 0 0 0 0 0 0 0 0 0 0 0 0 0 0 0 0 0 0 0 0 0 0 0 0 0 0 0 0 0 0 0 0 0 0 0 0 0 0 0 0 0 0 0 0 0 0 0 0 0 0 0 0 0 0 0 0 0 0 0 0 0 0 0 0 0 0 0 0 0 0 0 0 0 0 0 0 0 0 0 0 0 0 0 0 0 0 0 0 0 0 0 0 0 0 0 0 0 0 0 0 0 0 0 0 0 0 0 0 0 0 0 0 0 0 0 0 0 0 0 0 0 0 0 0 0 0 0 0 0 0 0 0 0
0 0 0 0 0 0 0 0 0 0 0 0 0 0 0 0 0 0 0 0 0 0 0 0 0 0 0 0 0 0 0 0 0 0 0 0 0 0 0 0 0 0 0 0 0 0 0 0 0 0 0 0 0 0 0 0 0 0 0 0 0 0 0 0 0 0 0 0 0 0 0 0 0 0 0 0 0 0 0 0 0 0 0 0 0 0 0 0 0 0 0 0 0 0 0 0 0 0 0 0 0 0 0 0 0 0 0 0 0 0 0 0 0 0 0 0 0 0 0 0 0 0 0 0 0 0 0 0 0 0 0 0 0 0 0 0 0 0 0 0 0 0 0 0 0 0 0 0 0 0
0 0 0 0 0 0 0 0 0 0 0 0 0 0 0 0 0 0 0 0 0 0 0 0 0 0 0 0 0 0 0 0 0 0 0 0 0 0 0 0 0 0 0 0 0 0 0 0 0 0 0 0 0 0 0 0 0 0 0 0 0 0 0 0 0 0 0 0 0 0 0 0 0 0 0 0 0 0 0 0 0 0 0 0 0 0 0 0 0 0 0 0 0 0 0 0 0 0 0 0 0 0 0 0 0 0 0 0 0 0 0 0 0 0 0 0 0 0 0 0 0 0 0 0 0 0 0 0 0 0 0 0 0 0 0 0 0 0 0 0 0 0 0 0 0 0 0 0 0 0
0 0 0 0 0 0 0 0 0 0 0 0 0 0 0 0 0 0 0 0 0 0 0 0 0 0 0 0 0 0 0 0 0 0 0 0 0 0 0 0 0 0 0 0 0 0 0 0 0 0 0 0 0 0 0 0 0 0 0 0 0 0 0 0 0 0 0 0 0 0 0 0 0 0 0 0 0 0 0 0 0 0 0 0 0 0 0 0 0 0 0 0 0 0 0 0 0 0 0 0 0 0 0 0 0 0 0 0 0 0 0 0 0 0 0 0 0 0 0 0 0 0 0 0 0 0 0 0 0 0 0 0 0 0 0 0 0 0 0 0 0 0 0 0 0 0 0 0 0 0
0 0 0 0 0 0 0 0 0 0 0 0 0 0 0 0 0 0 0 0 0 0 0 0 0 0 0 0 0 0 0 0 0 0 0 0 0 0 0 0 0 0 0 0 0 0 0 0 0 0 0 0 0 0 0 0 0 0 0 0 0 0 0 0 0 0 0 0 0 0 0 0 0 0 0 0 0 0 0 0 0 0 0 0 0 0 0 0 0 0 0 0 0 0 0 0 0 0 0 0 0 0 0 0 0 0 0 0 0 0 0 0 0 0 0 0 0 0 0 0 0 0 0 0 0 0 0 0 0 0 0 0 0 0 0 0 0 0 0 0 0 0 0 0 0 0 0 0 0 0
0 0 0 0 0 0 0 0 0 0 0 0 0 0 0 0 0 0 0 0 0 0 0 0 0 0 0 0 0 0 0 0 0 0 0 0 0 0 0 0 0 0 0 0 0 0 0 0 0 0 0 0 0 0 0 0 0 0 0 0 0 0 0 0 0 0 0 0 0 0 0 0 0 0 0 0 0 0 0 0 0 0 0 0 0 0 0 0 0 0 0 0 0 0 0 0 0 0 0 0 0 0 0 0 0 0 0 0 0 0 0 0 0 0 0 0 0 0 0 0 0 0 0 0 0 0 0 0 0 0 0 0 0 0 0 0 0 0 0 0 0 0 0 0 0 0 0 0 0 0
0 0 0 0 0 0 0 0 0 0 0 0 0 0 0 0 0 0 0 0 0 0 0 0 0 0 0 0 0 0 0 0 0 0 0 0 0 0 0 0 0 0 0 0 0 0 0 0 0 0 0 0 0 0 0 0 0 0 0 0 0 0 0 0 0 0 0 0 0 0 0 0 0 0 0 0 0 0 0 0 0 0 0 0 0 0 0 0 0 0 0 0 0 0 0 0 0 0 0 0 0 0 0 0 0 0 0 0 0 0 0 0 0 0 0 0 0 0 0 0 0 0 0 0 0 0 0 0 0 0 0 0 0 0 0 0 0 0 0 0 0 0 0 0 0 0 0 0 0 0
0 0 0 0 0 0 0 0 0 0 0 0 0 0 0 0 0 0 0 0 0 0 0 0 0 0 0 0 0 0 0 0 0 0 0 0 0 0 0 0 0 0 0 0 0 0 0 0 0 0 0 0 0 0 0 0 0 0 0 0 0 0 0 0 0 0 0 0 0 0 0 0 0 0 0 0 0 0 0 0 0 0 0 0 0 0 0 0 0 0 0 0 0 0 0 0 0 0 0 0 0 0 0 0 0 0 0 0 0 0 0 0 0 0 0 0 0 0 0 0 0 0 0 0 0 0 0 0 0 0 0 0 0 0 0 0 0 0 0 0 0 0 0 0 0 0 0 0 0 0
0 0 0 0 0 0 0 0 0 0 0 0 0 0 0 0 0 0 0 0 0 0 0 0 0 0 0 0 0 0 0 0 0 0 0 0 0 0 0 0 0 0 0 0 0 0 0 0 0 0 0 0 0 0 0 0 0 0 0 0 0 0 0 0 0 0 0 0 0 0 0 0 0 0 0 0 0 0 0 0 0 0 0 0 0 0 0 0 0 0 0 0 0 0 0 0 0 0 0 0 0 0 0 0 0 0 0 0 0 0 0 0 0 0 0 0 0 0 0 0 0 0 0 0 0 0 0 0 0 0 0 0 0 0 0 0 0 0 0 0 0 0 0 0 0 0 0 0 0 0
0 0 0 0 0 0 0 0 0 0 0 0 0 0 0 0 0 0 0 0 0 0 0 0 0 0 0 0 0 0 0 0 0 0 0 0 0 0 0 0 0 0 0 0 0 0 0 0 0 0 0 0 0 0 0 0 0 0 0 0 0 0 0 0 0 0 0 0 0 0 0 0 0 0 0 0 0 0 0 0 0 0 0 0 0 0 0 0 0 0 0 0 0 0 0 0 0 0 0 0 0 0 0 0 0 0 0 0 0 0 0 0 0 0 0 0 0 0 0 0 0 0 0 0 0 0 0 0 0 0 0 0 0 0 0 0 0 0 0 0 0 0 0 0 0 0 0 0 0 0
0 0 0 0 0 0 0 0 0 0 0 0 0 0 0 0 0 0 0 0 0 0 0 0 0 0 0 0 0 0 0 0 0 0 0 0 0 0 0 0 0 0 0 0 0 0 0 0 0 0 0 0 0 0 0 0 0 0 0 0 0 0 0 0 0 0 0 0 0 0 0 0 0 0 0 0 0 0 0 0 0 0 0 0 0 0 0 0 0 0 0 0 0 0 0 0 0 0 0 0 0 0 0 0 0 0 0 0 0 0 0 0 0 0 0 0 0 0 0 0 0 0 0 0 0 0 0 0 0 0 0 0 0 0 0 0 0 0 0 0 0 0 0 0 0 0 0 0 0 0
0 0 0 0 0 0 0 0 0 0 0 0 0 0 0 0 0 0 0 0 0 0 0 0 0 0 0 0 0 0 0 0 0 0 0 0 0 0 0 0 0 0 0 0 0 0 0 0 0 0 0 0 0 0 0 0 0 0 0 0 0 0 0 0 0 0 0 0 0 0 0 0 0 0 0 0 0 0 0 0 0 0 0 0 0 0 0 0 0 0 0 0 0 0 0 0 0 0 0 0 0 0 0 0 0 0 0 0 0 0 0 0 0 0 0 0 0 0 0 0 0 0 0 0 0 0 0 0 0 0 0 0 0 0 0 0 0 0 0 0 0 0 0 0 0 0 0 0 0 0
0 0 0 0 0 0 0 0 0 0 0 0 0 0 0 0 0 0 0 0 0 0 0 0 0 0 0 0 0 0 0 0 0 0 0 0 0 0 0 0 0 0 0 0 0 0 0 0 0 0 0 0 0 0 0 0 0 0 0 0 0 0 0 0 0 0 0 0 0 0 0 0 0 0 0 0 0 0 0 0 0 0 0 0 0 0 0 0 0 0 0 0 0 0 0 0 0 0 0 0 0 0 0 0 0 0 0 0 0 0 0 0 0 0 0 0 0 0 0 0 0 0 0 0 0 0 0 0 0 0 0 0 0 0 0 0 0 0 0 0 0 0 0 0 0 0 0 0 0 0
0 0 0 0 0 0 0 0 0 0 0 0 0 0 0 0 0 0 0 0 0 0 0 0 0 0 0 0 0 0 0 0 0 0 0 0 0 0 0 0 0 0 0 0 0 0 0 0 0 0 0 0 0 0 0 0 0 0 0 0 0 0 0 0 0 0 0 0 0 0 0 0 0 0 0 0 0 0 0 0 0 0 0 0 0 0 0 0 0 0 0 0 0 0 0 0 0 0 0 0 0 0 0 0 0 0 0 0 0 0 0 0 0 0 0 0 0 0 0 0 0 0 0 0 0 0 0 0 0 0 0 0 0 0 0 0 0 0 0 0 0 0 0 0 0 0 0 0 0 0
0 0 0 0 0 0 0 0 0 0 0 0 0 0 0 0 0 0 0 0 0 0 0 0 0 0 0 0 0 0 0 0 0 0 0 0 0 0 0 0 0 0 0 0 0 0 0 0 0 0 0 0 0 0 0 0 0 0 0 0 0 0 0 0 0 0 0 0 0 0 0 0 0 0 0 0 0 0 0 0 0 0 0 0 0 0 0 0 0 0 0 0 0 0 0 0 0 0 0 0 0 0 0 0 0 0 0 0 0 0 0 0 0 0 0 0 0 0 0 0 0 0 0 0 0 0 0 0 0 0 0 0 0 0 0 0 0 0 0 0 0 0 0 0 0 0 0 0 0 0
0 0 0 0 0 0 0 0 0 0 0 0 0 0 0 0 0 0 0 0 0 0 0 0 0 0 0 0 0 0 0 0 0 0 0 0 0 0 0 0 0 0 0 0 0 0 0 0 0 0 0 0 0 0 0 0 0 0 0 0 0 0 0 0 0 0 0 0 0 0 0 0 0 0 0 0 0 0 0 0 0 0 0 0 0 0 0 0 0 0 0 0 0 0 0 0 0 0 0 0 0 0 0 0 0 0 0 0 0 0 0 0 0 0 0 0 0 0 0 0 0 0 0 0 0 0 0 0 0 0 0 0 0 0 0 0 0 0 0 0 0 0 0 0 0 0 0 0 0 0
0 0 0 0 0 0 0 0 0 0 0 0 0 0 0 0 0 0 0 0 0 0 0 0 0 0 0 0 0 0 0 0 0 0 0 0 0 0 0 0 0 0 0 0 0 0 0 0 0 0 0 0 0 0 0 0 0 0 0 0 0 0 0 0 0 0 0 0 0 0 0 0 0 0 0 0 0 0 0 0 0 0 0 0 0 0 0 0 0 0 0 0 0 0 0 0 0 0 0 0 0 0 0 0 0 0 0 0 0 0 0 0 0 0 0 0 0 0 0 0 0 0 0 0 0 0 0 0 0 0 0 0 0 0 0 0 0 0 0 0 0 0 0 0 0 0 0 0 0 0
0 0 0 0 0 0 0 0 0 0 0 0 0 0 0 0 0 0 0 0 0 0 0 0 0 0 0 0 0 0 0 0 0 0 0 0 0 0 0 0 0 0 0 0 0 0 0 0 0 0 0 0 0 0 0 0 0 0 0 0 0 0 0 0 0 0 0 0 0 0 0 0 0 0 0 0 0 0 0 0 0 0 0 0 0 0 0 0 0 0 0 0 0 0 0 0 0 0 0 0 0 0 0 0 0 0 0 0 0 0 0 0 0 0 0 0 0 0 0 0 0 0 0 0 0 0 0 0 0 0 0 0 0 0 0 0 0 0 0 0 0 0 0 0 0 0 0 0 0 0
0 0 0 0 0 0 0 0 0 0 0 0 0 0 0 0 0 0 0 0 0 0 0 0 0 0 0 0 0 0 0 0 0 0 0 0 0 0 0 0 0 0 0 0 0 0 0 0 0 0 0 0 0 0 0 0 0 0 0 0 0 0 0 0 0 0 0 0 0 0 0 0 0 0 0 0 0 0 0 0 0 0 0 0 0 0 0 0 0 0 0 0 0 0 0 0 0 0 0 0 0 0 0 0 0 0 0 0 0 0 0 0 0 0 0 0 0 0 0 0 0 0 0 0 0 0 0 0 0 0 0 0 0 0 0 0 0 0 0 0 0 0 0 0 0 0 0 0 0 0
0 0 0 0 0 0 0 0 0 0 0 0 0 0 0 0 0 0 0 0 0 0 0 0 0 0 0 0 0 0 0 0 0 0 0 0 0 0 0 0 0 0 0 0 0 0 0 0 0 0 0 0 0 0 0 0 0 0 0 0 0 0 0 0 0 0 0 0 0 0 0 0 0 0 0 0 0 0 0 0 0 0 0 0 0 0 0 0 0 0 0 0 0 0 0 0 0 0 0 0 0 0 0 0 0 0 0 0 0 0 0 0 0 0 0 0 0 0 0 0 0 0 0 0 0 0 0 0 0 0 0 0 0 0 0 0 0 0 0 0 0 0 0 0 0 0 0 0 0 0
0 0 0 0 0 0 0 0 0 0 0 0 0 0 0 0 0 0 0 0 0 0 0 0 0 0 0 0 0 0 0 0 0 0 0 0 0 0 0 0 0 0 0 0 0 0 0 0 0 0 0 0 0 0 0 0 0 0 0 0 0 0 0 0 0 0 0 0 0 0 0 0 0 0 0 0 0 0 0 0 0 0 0 0 0 0 0 0 0 0 0 0 0 0 0 0 0 0 0 0 0 0 0 0 0 0 0 0 0 0 0 0 0 0 0 0 0 0 0 0 0 0 0 0 0 0 0 0 0 0 0 0 0 0 0 0 0 0 0 0 0 0 0 0 0 0 0 0 0 0
0 0 0 0 0 0 0 0 0 0 0 0 0 0 0 0 0 0 0 0 0 0 0 0 0 0 0 0 0 0 0 0 0 0 0 0 0 0 0 0 0 0 0 0 0 0 0 0 0 0 0 0 0 0 0 0 0 0 0 0 0 0 0 0 0 0 0 0 0 0 0 0 0 0 0 0 0 0 0 0 0 0 0 0 0 0 0 0 0 0 0 0 0 0 0 0 0 0 0 0 0 0 0 0 0 0 0 0 0 0 0 0 0 0 0 0 0 0 0 0 0 0 0 0 0 0 0 0 0 0 0 0 0 0 0 0 0 0 0 0 0 0 0 0 0 0 0 0 0 0
0 0 0 0 0 0 0 0 0 0 0 0 0 0 0 0 0 0 0 0 0 0 0 0 0 0 0 0 0 0 0 0 0 0 0 0 0 0 0 0 0 0 0 0 0 0 0 0 0 0 0 0 0 0 0 0 0 0 0 0 0 0 0 0 0 0 0 0 0 2.34903e-06 4.06772e-06 6.49174e-06 9.5483e-06 1.29429e-05 1.6169e-05 1.8616e-05 1.97533e-05 1.93168e-05 0 0 0 0 0 0 0 0 0 0 0 0 0 0 0 0 0 0 0 0 0 0 0 0 0 0 0 0 0 0 0 0 0 0 0 0 0 0 0 0 0 0 0 0 0 0 0 0 0 0 0 0 0 0 0 0 0 0 0 0 0 0 0 0 0 0 0 0 0 0 0 0
0 0 0 0 0 0 0 0 0 0 0 0 0 0 0 0 0 0 0 0 0 0 0 0 0 0 0 0 0 0 0 0 0 0 0 0 0 0 0 0 0 0 0 0 0 0 0 0 0 0 0 0 0 0 0 0 0 0 0 0 0 0 0 0 0 0 0 0 3.98025e-06 7.47869e-06 1.29507e-05 2.06682e-05 3.03992e-05 4.12071e-05 5.14785e-05 5.92692e-05 6.29002e-05 6.15126e-05 5.54409e-05 4.60529e-05 0 0 0 0 0 0 0 0 0 0 0 0 0 0 0 0 0 0 0 0 0 0 0 0 0 0 0 0 0 0 0 0 0 0 0 0 0 0 0 0 0 0 0 0 0 0 0 0 0 0 0 0 0 0 0 0 0 0 0 0 0 0 0 0 0 0 0 0 0 0
0 0 0 0 0 0 0 0 0 0 0 0 0 0 0 0 0 0 0 0 0 0 0 0 0 0 0 0 0 0 0 0 0 0 0 0 0 0 0 0 0 0 0 0 0 0 0 0 0 0 0 0 0 0 0 0 0 0 0 0 0 0 0 0 0 0 0 5.72832e-06 1.16787e-05 2.1944e-05 3.79995e-05 6.06442e-05 8.91977e-05 0.000120909 0.000151068 0.000173936 0.00018457 0.000180503 0.000162691 0.000135143 0.000103463 7.30028e-05 0 0 0 0 0 0 0 0 0 0 0 0 0 0 0 0 0 0 0 0 0 0 0 0 0 0 0 0 0 0 0 0 0 0 0 0 0 0 0 0 0 0 0 0 0 0 0 0 0 0 0 0 0 0 0 0 0 0 0 0 0 0 0 0 0 0 0 0
0 0 0 0 0 0 0 0 0 0 0 0 0 0 0 0 0 0 0 0 0 0 0 0 0 0 0 0 0 0 0 0 0 0 0 0 0 0 0 0 0 0 0 0 0 0 0 0 0 0 0 0 0 0 0 0 0 0 0 0 0 0 0 0 0 0 0 1.5747e-05 3.20286e-05 6.0058e-05 0.000103819 0.000165439 0.000243022 0.00032911 0.000408532 0.000470384 0.000499152 0.000488162 0.000439999 0.000365511 0.000279839 0.000197462 0.000128418 0 0 0 0 0 0 0 0 0 0 0 0 0 0 0 0 0 0 0 0 0 0 0 0 0 0 0 0 0 0 0 0 0 0 0 0 0 0 0 0 0 0 0 0 0 0 0 0 0 0 0 0 0 0 0 0 0 0 0 0 0 0 0 0 0 0 0
0 0 0 0 0 0 0 0 0 0 0 0 0 0 0 0 0 0 0 0 0 0 0 0 0 0 0 0 0 0 0 0 0 0 0 0 0 0 0 0 0 0 0 0 0 0 0 0 0 0 0 0 0 0 0 0 0 0 0 0 0 0 0 0 0 0 1.79026e-05 3.94593e-05 8.0195e-05 0.000150277 0.000259628 0.000413525 0.000607285 0.000822024 0.0010257 0.00117974 0.00125077 0.00121675 0.00109676 0.000911116 0.000697605 0.000492291 0.000320191 0.000191948 0.000106062 0 0 0 0 0 0 0 0 0 0 0 0 0 0 0 0 0 0 0 0 0 0 0 0 0 0 0 0 0 0 0 0 0 0 0 0 0 0 0 0 0 0 0 0 0 0 0 0 0 0 0 0 0 0 0 0 0 0 0 0 0 0 0 0 0
0 0 0 0 0 0 0 0 0 0 0 0 0 0 0 0 0 0 0 0 0 0 0 0 0 0 0 0 0 0 0 0 0 0 0 0 0 0 0 0 0 0 0 0 0 0 0 0 0 0 0 0 0 0 0 0 0 0 0 0 0 0 0 0 0 1.73718e-05 4.14654e-05 9.12872e-05 0.000186036 0.000348376 0.000601544 0.00095786 0.00140605 0.00190278 0.00237387 0.00273019 0.00289453 0.00282882 0.00253282 0.00209332 0.00160289 0.00113125 0.000735863 0.00044121 0.00024384 0 0 0 0 0 0 0 0 0 0 0 0 0 0 0 0 0 0 0 0 0 0 0 0 0 0 0 0 0 0 0 0 0 0 0 0 0 0 0 0 0 0 0 0 0 0 0 0 0 0 0 0 0 0 0 0 0 0 0 0 0 0 0 0 0
0 0 0 0 0 0 0 0 0 0 0 0 0 0 0 0 0 0 0 0 0 0 0 0 0 0 0 0 0 0 0 0 0 0 0 0 0 0 0 0 0 0 0 0 0 0 0 0 0 0 0 0 0 0 0 0 0 0 0 0 0 0 0 0 0 3.7604e-05 8.95481e-05 0.00019676 0.000398835 0.000745731 0.00128625 0.00204572 0.00300025 0.00405732 0.00505902 0.00581212 0.00616059 0.00601989 0.00542269 0.00450295 0.003412 0.00239615 0.00155895 0.000934904 0.000516832 0.000263383 0 0 0 0 0 0 0 0 0 0 0 0 0 0 0 0 0 0 0 0 0 0 0 0 0 0 0 0 0 0 0 0 0 0 0 0 0 0 0 0 0 0 0 0 0 0 0 0 0 0 0 0 0 0 0 0 0 0 0 0 0 0 0 0
0 0 0 0 0 0 0 0 0 0 0 0 0 0 0 0 0 0 0 0 0 0 0 0 0 0 0 0 0 0 0 0 0 0 0 0 0 0 0 0 0 0 0 0 0 0 0 0 0 0 0 0 0 0 0 0 0 0 0 0 0 0 0 0 0 7.5226e-05 0.000178417 0.000390839 0.000790382 0.00147538 0.00254018 0.0040355 0.00591306 0.00799037 0.00995714 0.0114413 0.0121217 0.0118333 0.0106586 0.00885091 0.00677606 0.00478253 0.00304464 0.00182642 0.00101005 0.000514973 0.000242092 0 0 0 0 0 0 0 0 0 0 0 0 0 0 0 0 0 0 0 0 0 0 0 0 0 0 0 0 0 0 0 0 0 0 0 0 0 0 0 0 0 0 0 0 0 0 0 0 0 0 0 0 0 0 0 0 0 0 0 0 0 0 0
0 0 0 0 0 0 0 0 0 0 0 0 0 0 0 0 0 0 0 0 0 0 0 0 0 0 0 0 0 0 0 0 0 0 0 0 0 0 0 0 0 0 0 0 0 0 0 0 0 0 0 0 0 0 0 0 0 0 0 0 0 0 0 0 5.4682e-05 0.000139557 0.000329594 0.000719565 0.00145117 0.00270298 0.00464602 0.00736935 0.0107834 0.0145578 0.0181271 0.0208167 0.0220457 0.0215295 0.0193873 0.0160867 0.0123176 0.00869651 0.00566123 0.00338007 0.00182032 0.000928674 0.000436914 0.000189588 0 0 0 0 0 0 0 0 0 0 0 0 0 0 0 0 0 0 0 0 0 0 0 0 0 0 0 0 0 0 0 0 0 0 0 0 0 0 0 0 0 0 0 0 0 0 0 0 0 0 0 0 0 0 0 0 0 0 0 0 0 0
0 0 0 0 0 0 0 0 0 0 0 0 0 0 0 0 0 0 0 0 0 0 0 0 0 0 0 0 0 0 0 0 0 0 0 0 0 0 0 0 0 0 0 0 0 0 0 0 0 0 0 0 0 0 0 0 0 0 0 0 0 0 0 0 9.52023e-05 0.000241207 0.000566462 0.00123118 0.0024748 0.00459522 0.0078798 0.0124744 0.0182267 0.0245744 0.0305676 0.0350784 0.0371308 0.0362501 0.0326393 0.0271029 0.0207548 0.0146471 0.00954093 0.00573184 0.00315715 0.0015451 0.000727684 0.000316175 0 0 0 0 0 0 0 0 0 0 0 0 0 0 0 0 0 0 0 0 0 0 0 0 0 0 0 0 0 0 0 0 0 0 0 0 0 0 0 0 0 0 0 0 0 0 0 0 0 0 0 0 0 0 0 0 0 0 0 0 0 0
0 0 0 0 0 0 0 0 0 0 0 0 0 0 0 0 0 0 0 0 0 0 0 0 0 0 0 0 0 0 0 0 0 0 0 0 0 0 0 0 0 0 0 0 0 0 0 0 0 0 0 0 0 0 0 0 0 0 0 0 0 0 0 0 0.00015523 0.000389583 0.000908228 0.00196267 0.00392736 0.00726531 0.012421 0.0196153 0.0286037 0.0385053 0.0478412 0.0548511 0.0580228 0.0566289 0.0509845 0.0423425 0.0324378 0.0229224 0.0149286 0.00897892 0.00498234 0.00263049 0.00126615 0.000670079 0.000195687 0 0 0 0 0 0 0 0 0 0 0 0 0 0 0 0 0 0 0 0 0 0 0 0 0 0 0 0 0 0 0 0 0 0 0 0 0 0 0 0 0 0 0 0 0 0 0 0 0 0 0 0 0 0 0 0 0 0 0 0 0
0 0 0 0 0 0 0 0 0 0 0 0 0 0 0 0 0 0 0 0 0 0 0 0 0 0 0 0 0 0 0 0 0 0 0 0 0 0 0 0 0 0 0 0 0 0 0 0 0 0 0 0 0 0 0 0 0 0 0 0 0 0 0 0 0.000237865 0.000589907 0.00136262 0.00292454 0.00581677 0.0107108 0.018243 0.0287226 0.0417828 0.0561398 0.0696504 0.0797744 0.0843341 0.0822782 0.0740779 0.0615414 0.0471746 0.0333944 0.0218354 0.013213 0.0074799 0.00402025 0.00219316 0.00123282 0.000784442 0.000487081 0.000299269 0.000170117 8.95255e-05 0 0 0 0 0 0 0 0 0 0 0 0 0 0 0 0 0 0 0 0 0 0 0 0 0 0 0 0 0 0 0 0 0 0 0 0 0 0 0 0 0 0 0 0 0 0 0 0 0 0 0 0 0 0 0 0 0
0 0 0 0 0 0 0 0 0 0 0 0 0 0 0 0 0 0 0 0 0 0 0 0 0 0 0 0 0 0 0 0 0 0 0 0 0 0 0 0 0 0 0 0 0 0 0 0 0 0 0 0 0 0 0 0 0 0 0 0 0 0 0 0 0.000343556 0.000840021 0.00192105 0.00408462 0.00806761 0.0147694 0.0250396 0.0392783 0.056973 0.0763773 0.0945985 0.108224 0.114335 0.111523 0.100426 0.0834868 0.0640814 0.0454428 0.0298304 0.0182349 0.0105447 0.00602708 0.00360702 0.00228006 0.00155254 0.00100665 0.000621934 0.000355864 0.000188725 9.28369e-05 4.239e-05 0 0 0 0 0 0 0 0 0 0 0 0 0 0 0 0 0 0 0 0 0 0 0 0 0 0 0 0 0 0 0 0 0 0 0 0 0 0 0 0 0 0 0 0 0 0 0 0 0 0 0 0 0 0 0
0 0 0 0 0 0 0 0 0 0 0 0 0 0 0 0 0 0 0 0 0 0 0 0 0 0 0 0 0 0 0 0 0 0 0 0 0 0 0 0 0 0 0 0 0 0 0 0 0 0 0 0 0 0 0 0 0 0 0 0 0 0 0 7.02239e-05 0.000481995 0.00114021 0.00255987 0.00537265 0.0105085 0.0191029 0.0322094 0.0503103 0.0727307 0.0972557 0.120239 0.13739 0.145054 0.141473 0.127454 0.106062 0.0815595 0.0580303 0.0383581 0.023841 0.0143531 0.00891005 0.00595162 0.00420416 0.00291485 0.00194181 0.00120404 0.000695096 0.000372476 0.000185423 8.5817e-05 3.69463e-05 0 0 0 0 0 0 0 0 0 0 0 0 0 0 0 0 0 0 0 0 0 0 0 0 0 0 0 0 0 0 0 0 0 0 0 0 0 0 0 0 0 0 0 0 0 0 0 0 0 0 0 0 0 0
0 0 0 0 0 0 0 0 0 0 0 0 0 0 0 0 0 0 0 0 0 0 0 0 0 0 0 0 0 0 0 0 0 0 0 0 0 0 0 0 0 0 0 0 0 0 0 0 0 0 0 0 0 0 0 0 0 0 0 0 0 6.22376e-05 0.000108751 0.000180472 0.000667242 0.00150789 0.00325485 0.00669075 0.0129119 0.0232575 0.0389502 0.0605305 0.0871719 0.116243 0.143435 0.163701 0.172747 0.168511 0.151936 0.126636 0.09766 0.0698661 0.0467459 0.029914 0.0192298 0.0131789 0.00969465 0.00721541 0.00517189 0.00347813 0.00218498 0.00127757 0.000694821 0.000351801 0.000165939 7.29484e-05 2.98923e-05 1.14165e-05 0 0 0 0 0 0 0 0 0 0 0 0 0 0 0 0 0 0 0 0 0 0 0 0 0 0 0 0 0 0 0 0 0 0 0 0 0 0 0 0 0 0 0 0 0 0 0 0 0 0 0 0
0 0 0 0 0 0 0 0 0 0 0 0 0 0 0 0 0 0 0 0 0 0 0 0 0 0 0 0 0 0 0 0 0 0 0 0 0 0 0 0 0 0 0 0 0 0 0 0 0 0 0 0 0 0 0 0 0 0 0 4.50291e-05 8.65987e-05 0.000156888 0.000268903 0.000463154 0.0010391 0.00204007 0.00407673 0.00802125 0.0151073 0.0267989 0.0444448 0.0686118 0.0983537 0.130737 0.160985 0.183522 0.193607 0.188958 0.170604 0.142553 0.110412 0.0796999 0.0544258 0.0364979 0.0255572 0.0193314 0.0152273 0.0117507 0.00859978 0.00588532 0.00376228 0.00224263 0.00124686 0.000646985 0.000313394 0.00014169 5.97592e-05 2.34918e-05 8.19475e-06 0 0 0 0 0 0 0 0 0 0 0 0 0 0 0 0 0 0 0 0 0 0 0 0 0 0 0 0 0 0 0 0 0 0 0 0 0 0 0 0 0 0 0 0 0 0 0 0 0 0 0
0 0 0 0 0 0 0 0 0 0 0 0 0 0 0 0 0 0 0 0 0 0 0 0 0 0 0 0 0 0 0 0 0 0 0 0 0 0 0 0 0 0 0 0 0 0 0 0 0 0 0 0 0 0 0 0 0 0 5.32626e-05 0.000108525 0.000206659 0.000369504 0.000645141 0.00104928 0.00183587 0.00310052 0.00542914 0.00971831 0.0172693 0.0296606 0.0482598 0.0736475 0.104827 0.13871 0.170348 0.193942 0.204567 0.199836 0.180799 0.151632 0.118266 0.0866123 0.0611204 0.0438289 0.0337707 0.027759 0.0229532 0.0182428 0.0136656 0.00957921 0.00628471 0.00385495 0.00221064 0.00118476 0.0005929 0.000276729 0.000120293 4.86301e-05 1.78595e-05 6.26237e-06 0 0 0 0 0 0 0 0 0 0 0 0 0 0 0 0 0 0 0 0 0 0 0 0 0 0 0 0 0 0 0 0 0 0 0 0 0 0 0 0 0 0 0 0 0 0 0 0 0 0
0 0 0 0 0 0 0 0 0 0 0 0 0 0 0 0 0 0 0 0 0 0 0 0 0 0 0 0 0 0 0 0 0 0 0 0 0 0 0 0 0 0 0 0 0 0 0 0 0 0 0 0 0 0 0 0 0 5.48478e-05 0.000119619 0.000242426 0.000458161 0.000827549 0.00139295 0.00222772 0.00353251 0.00540155 0.00831453 0.0129735 0.0206417 0.0328863 0.051133 0.0759878 0.106467 0.139592 0.170538 0.193669 0.204164 0.199664 0.18118 0.152814 0.120491 0.0903212 0.0669887 0.0522883 0.0442283 0.0388641 0.0335236 0.0275383 0.0212962 0.0154499 0.0104982 0.0066766 0.00396738 0.00219915 0.00113507 0.000544572 0.000242464 0.000100061 3.78904e-05 1.34299e-05 4.39564e-06 0 0 0 0 0 0 0 0 0 0 0 0 0 0 0 0 0 0 0 0 0 0 0 0 0 0 0 0 0 0 0 0 0 0 0 0 0 0 0 0 0 0 0 0 0 0 0 0 0
0 0 0 0 0 0 0 0 0 0 0 0 0 0 0 0 0 0 0 0 0 0 0 0 0 0 0 0 0 0 0 0 0 0 0 0 0 0 0 0 0 0 0 0 0 0 0 0 0 0 0 0 0 0 0 0 4.86177e-05 0.000114188 0.000248383 0.000501359 0.000942017 0.00168474 0.0028033 0.00443516 0.00673362 0.00987745 0.014076 0.0198248 0.0279441 0.0396756 0.0563507 0.0786977 0.105981 0.135639 0.16338 0.184127 0.193499 0.189319 0.172469 0.146748 0.117795 0.0916283 0.0729053 0.0626935 0.0578305 0.0539767 0.0487379 0.0417231 0.0336001 0.0253613 0.0178934 0.0117761 0.00721234 0.00410258 0.00216424 0.00105736 0.000477936 0.000199729 7.68706e-05 2.74721e-05 9.00516e-06 0 0 0 0 0 0 0 0 0 0 0 0 0 0 0 0 0 0 0 0 0 0 0 0 0 0 0 0 0 0 0 0 0 0 0 0 0 0 0 0 0 0 0 0 0 0 0 0 0
0 0 0 0 0 0 0 0 0 0 0 0 0 0 0 0 0 0 0 0 0 0 0 0 0 0 0 0 0 0 0 0 0 0 0 0 0 0 0 0 0 0 0 0 0 0 0 0 0 0 0 0 0 0 0 3.69012e-05 9.36538e-05 0.00021969 0.000476825 0.000959627 0.0018148 0.00318475 0.00526669 0.00823618 0.012244 0.0175146 0.0241259 0.0323049 0.042328 0.0546843 0.0700281 0.0887853 0.110616 0.13381 0.155229 0.170948 0.177469 0.172995 0.158244 0.136469 0.112763 0.0928415 0.0810077 0.0772666 0.0773375 0.0766285 0.0726588 0.0649474 0.0543575 0.0424297 0.0308002 0.0207522 0.0129545 0.00748306 0.00399634 0.0019716 0.000898402 0.000377346 0.000146656 5.26879e-05 1.75456e-05 5.39215e-06 0 0 0 0 0 0 0 0 0 0 0 0 0 0 0 0 0 0 0 0 0 0 0 0 0 0 0 0 0 0 0 0 0 0 0 0 0 0 0 0 0 0 0 0 0 0 0 0
0 0 0 0 0 0 0 0 0 0 0 0 0 0 0 0 0 0 0 0 0 0 0 0 0 0 0 0 0 0 0 0 0 0 0 0 0 0 0 0 0 0 0 0 0 0 0 0 0 0 0 0 0 0 0 6.58121e-05 0.000166855 0.000390893 0.000847112 0.00171179 0.00320248 0.00560578 0.0092045 0.0142354 0.0209202 0.0294156 0.0397521 0.0519023 0.0657186 0.0809342 0.0971889 0.113917 0.130377 0.145461 0.15761 0.164904 0.165588 0.158809 0.145289 0.127609 0.110108 0.0980902 0.095291 0.100411 0.108031 0.112759 0.111309 0.102774 0.0882844 0.0703502 0.0519041 0.0354152 0.0223264 0.0129968 0.0069834 0.00346299 0.0015846 0.000669284 0.00026144 9.46743e-05 3.19163e-05 1.00181e-05 0 0 0 0 0 0 0 0 0 0 0 0 0 0 0 0 0 0 0 0 0 0 0 0 0 0 0 0 0 0 0 0 0 0 0 0 0 0 0 0 0 0 0 0 0 0 0 0
0 0 0 0 0 0 0 0 0 0 0 0 0 0 0 0 0 0 0 0 0 0 0 0 0 0 0 0 0 0 0 0 0 0 0 0 0 0 0 0 0 0 0 0 0 0 0 0 0 0 0 0 0 0 3.97002e-05 0.000108818 0.000275523 0.000644685 0.00139517 0.00281279 0.00526091 0.00917483 0.0149624 0.022984 0.0334642 0.0464551 0.061925 0.0795619 0.098862 0.118976 0.138617 0.156169 0.169909 0.178434 0.181011 0.177723 0.169299 0.156869 0.141943 0.126812 0.115222 0.112186 0.120604 0.137445 0.155601 0.168024 0.169938 0.159741 0.139088 0.11197 0.0832566 0.0571456 0.0361921 0.0211461 0.0113974 0.00566793 0.00260146 0.00110397 0.000434481 0.000159421 5.50938e-05 1.81684e-05 5.7672e-06 0 0 0 0 0 0 0 0 0 0 0 0 0 0 0 0 0 0 0 0 0 0 0 0 0 0 0 0 0 0 0 0 0 0 0 0 0 0 0 0 0 0 0 0 0 0 0
0 0 0 0 0 0 0 0 0 0 0 0 0 0 0 0 0 0 0 0 0 0 0 0 0 0 0 0 0 0 0 0 0 0 0 0 0 0 0 0 0 0 0 0 0 0 0 0 0 0 0 0 0 0 6.13877e-05 0.000167767 0.000423797 0.000989844 0.00213914 0.00431389 0.00804022 0.0139956 0.0227537 0.0347844 0.0502738 0.0691628 0.0911477 0.115636 0.141714 0.168002 0.192499 0.212696 0.225971 0.230336 0.225216 0.211856 0.19304 0.172243 0.152756 0.137676 0.131064 0.137874 0.159613 0.190876 0.222172 0.244023 0.249629 0.236572 0.20721 0.167561 0.125018 0.0860392 0.0546101 0.0319693 0.0172656 0.00860803 0.00396723 0.00169553 0.000675354 0.000253569 9.11201e-05 3.18974e-05 1.10002e-05 0 0 0 0 0 0 0 0 0 0 0 0 0 0 0 0 0 0 0 0 0 0 0 0 0 0 0 0 0 0 0 0 0 0 0 0 0 0 0 0 0 0 0 0 0 0 0
0 0 0 0 0 0 0 0 0 0 0 0 0 0 0 0 0 0 0 0 0 0 0 0 0 0 0 0 0 0 0 0 0 0 0 0 0 0 0 0 0 0 0 0 0 0 0 0 0 0 0 0 0 3.05724e-05 8.96504e-05 0.000243508 0.000612388 0.001426 0.00308515 0.00619404 0.0115591 0.0200746 0.0325887 0.0496653 0.0714657 0.097675 0.127582 0.160153 0.193941 0.227012 0.25673 0.279883 0.29318 0.294235 0.282568 0.260173 0.231265 0.201254 0.175499 0.158927 0.156915 0.174374 0.210748 0.25797 0.303819 0.335919 0.345131 0.328093 0.288047 0.233342 0.174355 0.120147 0.0763569 0.0447676 0.0242314 0.0121256 0.00562788 0.00243645 0.000994045 0.000387965 0.000147643 5.53621e-05 2.03517e-05 0 0 0 0 0 0 0 0 0 0 0 0 0 0 0 0 0 0 0 0 0 0 0 0 0 0 0 0 0 0 0 0 0 0 0 0 0 0 0 0 0 0 0 0 0 0 0
0 0 0 0 0 0 0 0 0 0 0 0 0 0 0 0 0 0 0 0 0 0 0 0 0 0 0 0 0 0 0 0 0 0 0 0 0 0 0 0 0 0 0 0 0 0 0 0 0 0 0 0 0 4.35847e-05 0.000125918 0.000338063 0.000843182 0.00195212 0.00421659 0.00844997 0.0157466 0.0273441 0.0443991 0.0676344 0.0971463 0.132274 0.171723 0.213724 0.256122 0.296269 0.330898 0.356269 0.368734 0.365855 0.347489 0.316378 0.277877 0.238917 0.20676 0.188427 0.190798 0.218371 0.268538 0.330906 0.39062 0.432356 0.444554 0.422898 0.371512 0.301146 0.225164 0.15529 0.0988124 0.0580555 0.0315431 0.0158996 0.00747891 0.00331729 0.00140888 0.000583054 0.000237251 9.46298e-05 3.6383e-05 1.32601e-05 0 0 0 0 0 0 0 0 0 0 0 0 0 0 0 0 0 0 0 0 0 0 0 0 0 0 0 0 0 0 0 0 0 0 0 0 0 0 0 0 0 0 0 0 0 0
0 0 0 0 0 0 0 0 0 0 0 0 0 0 0 0 0 0 0 0 0 0 0 0 0 0 0 0 0 0 0 0 0 0 0 0 0 0 0 0 0 0 0 0 0 0 0 0 0 0 0 0 0 6.14939e-05 0.000173584 0.000457776 0.00112624 0.00258184 0.00554139 0.0110841 0.0206333 0.0358429 0.0582731 0.0889154 0.127813 0.173895 0.225063 0.278516 0.331012 0.378957 0.418353 0.445054 0.455446 0.447493 0.421771 0.38189 0.33417 0.286669 0.248099 0.227124 0.23161 0.265621 0.325325 0.398771 0.468904 0.517794 0.531717 0.505479 0.44395 0.359889 0.269205 0.185849 0.1185 0.0698986 0.0382651 0.019562 0.00943673 0.00436207 0.00196406 0.000869228 0.000375705 0.000156613 6.18547e-05 2.28793e-05 0 0 0 0 0 0 0 0 0 0 0 0 0 0 0 0 0 0 0 0 0 0 0 0 0 0 0 0 0 0 0 0 0 0 0 0 0 0 0 0 0 0 0 0 0 0
0 0 0 0 0 0 0 0 0 0 0 0 0 0 0 0 0 0 0 0 0 0 0 0 0 0 0 0 0 0 0 0 0 0 0 0 0 0 0 0 0 0 0 0 0 0 0 0 0 0 0 0 2.98463e-05 8.68312e-05 0.00023815 0.000613554 0.00148136 0.00335555 0.00715292 0.01418 0.0263145 0.0457117 0.0744596 0.113928 0.164227 0.223846 0.289747 0.357788 0.423218 0.481076 0.526415 0.554745 0.562793 0.549391 0.516137 0.467503 0.41043 0.353591 0.306552 0.279 0.279493 0.312364 0.373765 0.451012 0.525463 0.577231 0.591007 0.560901 0.492203 0.398936 0.298601 0.206528 0.132216 0.0786105 0.0436801 0.0229233 0.0115351 0.00565344 0.00271984 0.00127726 0.000576932 0.000246145 9.85923e-05 3.67305e-05 0 0 0 0 0 0 0 0 0 0 0 0 0 0 0 0 0 0 0 0 0 0 0 0 0 0 0 0 0 0 0 0 0 0 0 0 0 0 0 0 0 0 0 0 0 0
0 0 0 0 0 0 0 0 0 0 0 0 0 0 0 0 0 0 0 0 0 0 0 0 0 0 0 0 0 0 0 0 0 0 0 0 0 0 0 0 0 0 0 0 0 0 0 0 0 0 0 0 4.35873e-05 0.000121985 0.00032437 0.000814374 0.00192419 0.00431178 0.00904788 0.0177867 0.0328405 0.0569767 0.0929172 0.142596 0.206346 0.282347 0.366593 0.453401 0.536155 0.608066 0.662847 0.695544 0.703329 0.686044 0.646215 0.58878 0.520771 0.451086 0.39 0.348221 0.335302 0.356673 0.409524 0.481243 0.552279 0.601597 0.612983 0.580128 0.50834 0.411928 0.308751 0.214373 0.138362 0.0835453 0.0476971 0.0261287 0.0139365 0.00728687 0.0037123 0.0018168 0.000841853 0.000365395 0.000146453 5.47367e-05 0 0 0 0 0 0 0 0 0 0 0 0 0 0 0 0 0 0 0 0 0 0 0 0 0 0 0 0 0 0 0 0 0 0 0 0 0 0 0 0 0 0 0 0 0 0
0 0 0 0 0 0 0 0 0 0 0 0 0 0 0 0 0 0 0 0 0 0 0 0 0 0 0 0 0 0 0 0 0 0 0 0 0 0 0 0 0 0 0 0 0 0 0 0 0 0 0 0 6.25075e-05 0.000168067 0.000432754 0.00105788 0.00246367 0.00541358 0.0111982 0.0217824 0.0399487 0.0691104 0.112729 0.173478 0.25214 0.346848 0.452821 0.562862 0.668266 0.760012 0.830042 0.87257 0.884925 0.867499 0.823021 0.756122 0.673556 0.584743 0.50142 0.436101 0.399756 0.399115 0.432961 0.489655 0.549522 0.591102 0.597921 0.563485 0.492733 0.399327 0.300222 0.210074 0.137692 0.0854386 0.0509068 0.0295254 0.016763 0.00925774 0.00490722 0.0024625 0.00115837 0.000507795 0.00020678 7.56776e-05 0 0 0 0 0 0 0 0 0 0 0 0 0 0 0 0 0 0 0 0 0 0 0 0 0 0 0 0 0 0 0 0 0 0 0 0 0 0 0 0 0 0 0 0 0 0
0 0 0 0 0 0 0 0 0 0 0 0 0 0 0 0 0 0 0 0 0 0 0 0 0 0 0 0 0 0 0 0 0 0 0 0 0 0 0 0 0 0 0 0 0 0 0 0 0 0 0 0 8.70144e-05 0.000224397 0.000558204 0.00135327 0.00307581 0.00660075 0.0134552 0.0258481 0.0470299 0.0810158 0.132076 0.203737 0.297549 0.411954 0.541801 0.678612 0.811605 0.929278 1.02142 1.08093 1.10449 1.09197 1.04512 0.967462 0.865602 0.7505 0.636805 0.539924 0.472537 0.442111 0.448742 0.482597 0.524946 0.554558 0.555089 0.519974 0.453488 0.367892 0.278306 0.197511 0.132859 0.0858788 0.0540255 0.0332403 0.0198786 0.0114066 0.00619901 0.00316247 0.0015059 0.000667518 0.000275178 0.00010555 0 0 0 0 0 0 0 0 0 0 0 0 0 0 0 0 0 0 0 0 0 0 0 0 0 0 0 0 0 0 0 0 0 0 0 0 0 0 0 0 0 0 0 0 0 0
0 0 0 0 0 0 0 0 0 0 0 0 0 0 0 0 0 0 0 0 0 0 0 0 0 0 0 0 0 0 0 0 0 0 0 0 0 0 0 0 0 0 0 0 0 0 0 0 0 0 0 0 0.000116672 0.000288373 0.000691205 0.00166767 0.00372511 0.00783139 0.0156392 0.0296455 0.0534313 0.0915556 0.149045 0.230397 0.338157 0.471502 0.625342 0.790334 0.953856 1.10202 1.22228 1.30563 1.34711 1.34462 1.29762 1.20805 1.08294 0.936109 0.786534 0.653522 0.551624 0.488189 0.463445 0.469582 0.49012 0.504931 0.498027 0.46271 0.402322 0.327297 0.250294 0.181641 0.12673 0.0860696 0.0571782 0.0369448 0.0229354 0.0135139 0.00748773 0.00388509 0.00188232 0.000851175 0.000359416 0.000141889 3.37084e-05 0 0 0 0 0 0 0 0 0 0 0 0 0 0 0 0 0 0 0 0 0 0 0 0 0 0 0 0 0 0 0 0 0 0 0 0 0 0 0 0 0 0 0 0 0
0 0 0 0 0 0 0 0 0 0 0 0 0 0 0 0 0 0 0 0 0 0 0 0 0 0 0 0 0 0 0 0 0 0 0 0 0 0 0 0 0 0 0 0 0 0 0 0 0 0 0 0 0.000149596 0.000355212 0.000912073 0.00206289 0.00442238 0.00907438 0.017756 0.0331278 0.059012 0.100368 0.162919 0.252093 0.37154 0.521375 0.696983 0.8886 1.08228 1.26219 1.41362 1.52529 1.58957 1.60104 1.55592 1.45443 1.30473 1.1245 0.937897 0.768631 0.633166 0.538049 0.482295 0.459321 0.455872 0.45416 0.438975 0.4034 0.349587 0.285853 0.222146 0.166052 0.120873 0.0862089 0.059989 0.0402651 0.0257572 0.0155656 0.00884141 0.00470646 0.00234998 0.00109988 0.000482775 0.000198831 6.25196e-05 0 0 0 0 0 0 0 0 0 0 0 0 0 0 0 0 0 0 0 0 0 0 0 0 0 0 0 0 0 0 0 0 0 0 0 0 0 0 0 0 0 0 0 0 0
0 0 0 0 0 0 0 0 0 0 0 0 0 0 0 0 0 0 0 0 0 0 0 0 0 0 0 0 0 0 0 0 0 0 0 0 0 0 0 0 0 0 0 0 0 0 0 0 0 0 0 0 0.000182073 0.000417401 0.00116199 0.00255086 0.0052889 0.0105409 0.0201135 0.0367794 0.0644558 0.108402 0.174844 0.269973 0.398357 0.561073 0.754085 0.96764 1.18718 1.39573 1.57699 1.71736 1.80587 1.83298 1.79136 1.67973 1.50778 1.29731 1.07752 0.876262 0.711694 0.5895 0.506829 0.457073 0.429891 0.410887 0.386563 0.349972 0.302001 0.248724 0.197279 0.152542 0.115937 0.0864802 0.0626896 0.0436248 0.0288633 0.0180479 0.0106303 0.0058812 0.00306072 0.00149456 0.000684226 0.000262175 0.000108371 4.16899e-05 0 0 0 0 0 0 0 0 0 0 0 0 0 0 0 0 0 0 0 0 0 0 0 0 0 0 0 0 0 0 0 0 0 0 0 0 0 0 0 0 0 0 0 0
0 0 0 0 0 0 0 0 0 0 0 0 0 0 0 0 0 0 0 0 0 0 0 0 0 0 0 0 0 0 0 0 0 0 0 0 0 0 0 0 0 0 0 0 0 0 0 0 0 0 0 0 0 0.000721024 0.00153364 0.00326196 0.00652453 0.0125879 0.0232924 0.0414469 0.0710217 0.117384 0.186995 0.286505 0.421099 0.592463 0.797049 1.02543 1.26319 1.49322 1.69843 1.86321 1.97321 2.01491 1.97773 1.85944 1.67126 1.43832 1.19362 0.967974 0.780901 0.637803 0.534514 0.46365 0.41625 0.381025 0.347037 0.308141 0.264332 0.219574 0.178364 0.143092 0.113643 0.0886674 0.0671257 0.0487218 0.0336149 0.0219203 0.0134576 0.00775667 0.00418491 0.00211476 0.000998742 0.000422044 0.000176228 6.86861e-05 2.50416e-05 0 0 0 0 0 0 0 0 0 0 0 0 0 0 0 0 0 0 0 0 0 0 0 0 0 0 0 0 0 0 0 0 0 0 0 0 0 0 0 0 0 0 0
0 0 0 0 0 0 0 0 0 0 0 0 0 0 0 0 0 0 0 0 0 0 0 0 0 0 0 0 0 0 0 0 0 0 0 0 0 0 0 0 0 0 0 0 0 0 0 0 0 0 0 0 0 0.00101633 0.00209533 0.00431319 0.00831212 0.0155103 0.0277762 0.0478432 0.079648 0.128413 0.200611 0.303018 0.441037 0.616584 0.826417 1.06161 1.30844 1.55048 1.77059 1.9518 2.07704 2.12971 2.09715 1.97674 1.78078 1.53617 1.27756 1.03698 0.83492 0.677436 0.560427 0.475868 0.414673 0.367065 0.324503 0.282449 0.240898 0.202323 0.16896 0.14113 0.117397 0.0960026 0.0760372 0.0575824 0.0413183 0.0279151 0.0176829 0.0104741 0.00578725 0.00298781 0.00143963 0.000637777 0.000269868 0.000106912 3.97171e-05 0 0 0 0 0 0 0 0 0 0 0 0 0 0 0 0 0 0 0 0 0 0 0 0 0 0 0 0 0 0 0 0 0 0 0 0 0 0 0 0 0 0 0
0 0 0 0 0 0 0 0 0 0 0 0 0 0 0 0 0 0 0 0 0 0 0 0 0 0 0 0 0 0 0 0 0 0 0 0 0 0 0 0 0 0 0 0 0 0 0 0 0 0 0 0 0.000644639 0.00143349 0.00295929 0.00575292 0.010756 0.0194343 0.0336358 0.0559949 0.0901974 0.141077 0.214859 0.318206 0.456503 0.631731 0.840844 1.07545 1.32279 1.56743 1.79268 1.98089 2.11342 2.17212 2.14367 2.02567 1.83081 1.58588 1.32488 1.07925 0.869899 0.704401 0.579973 0.488581 0.420345 0.365674 0.317551 0.273125 0.23299 0.198875 0.171365 0.14908 0.129456 0.110216 0.0904465 0.0705974 0.0519439 0.0358353 0.0231014 0.0138939 0.00778648 0.00407715 0.00197862 0.00090792 0.000390413 0.00015755 5.96987e-05 0 0 0 0 0 0 0 0 0 0 0 0 0 0 0 0 0 0 0 0 0 0 0 0 0 0 0 0 0 0 0 0 0 0 0 0 0 0 0 0 0 0 0
0 0 0 0 0 0 0 0 0 0 0 0 0 0 0 0 0 0 0 0 0 0 0 0 0 0 0 0 0 0 0 0 0 0 0 0 0 0 0 0 0 0 0 0 0 0 0 0 0 0 0 0 0.000923939 0.00190847 0.00394914 0.00750331 0.0137231 0.024065 0.0404506 0.0652813 0.101689 0.153982 0.227825 0.329603 0.464687 0.635202 0.838409 1.0665 1.30763 1.54732 1.76943 1.95624 2.08878 2.1489 2.12386 2.01189 1.82548 1.58981 1.33644 1.09486 0.885739 0.718209 0.591329 0.497618 0.426744 0.369106 0.318697 0.273913 0.235895 0.205836 0.183098 0.164958 0.147938 0.129356 0.108397 0.0859861 0.064078 0.0446595 0.0290598 0.0176409 0.00999725 0.00529398 0.00261974 0.00122086 0.000534386 0.000219787 8.48639e-05 3.07033e-05 0 0 0 0 0 0 0 0 0 0 0 0 0 0 0 0 0 0 0 0 0 0 0 0 0 0 0 0 0 0 0 0 0 0 0 0 0 0 0 0 0 0
0 0 0 0 0 0 0 0 0 0 0 0 0 0 0 0 0 0 0 0 0 0 0 0 0 0 0 0 0 0 0 0 0 0 0 0 0 0 0 0 0 0 0 0 0 0 0 0 0 0 0 0 0.0012274 0.00250605 0.00501113 0.0094205 0.0168202 0.0288541 0.0473998 0.0744991 0.11279 0.165765 0.238302 0.336311 0.465158 0.627274 0.820443 1.03757 1.26768 1.49716 1.71046 1.89031 2.01825 2.07714 2.05549 1.95224 1.77918 1.55919 1.3206 1.09021 0.887728 0.723095 0.596849 0.502459 0.430111 0.370963 0.320124 0.276795 0.242133 0.216566 0.198284 0.183512 0.168085 0.149239 0.126381 0.100998 0.0757009 0.0530494 0.0347128 0.0212281 0.0121452 0.00650114 0.00327616 0.00155223 0.000691666 0.000289556 0.000113647 4.17017e-05 0 0 0 0 0 0 0 0 0 0 0 0 0 0 0 0 0 0 0 0 0 0 0 0 0 0 0 0 0 0 0 0 0 0 0 0 0 0 0 0 0 0
0 0 0 0 0 0 0 0 0 0 0 0 0 0 0 0 0 0 0 0 0 0 0 0 0 0 0 0 0 0 0 0 0 0 0 0 0 0 0 0 0 0 0 0 0 0 0 0 0 0 0 0 0.00150908 0.0030518 0.00605385 0.0111521 0.0195805 0.0330309 0.0533582 0.0823325 0.122138 0.175511 0.246416 0.34005 0.461488 0.613357 0.794014 0.997225 1.21307 1.42904 1.63059 1.80139 1.92404 1.98251 1.96623 1.87433 1.71751 1.51626 1.29582 1.08026 0.887751 0.72823 0.603126 0.507168 0.432035 0.370567 0.319239 0.277774 0.246884 0.225872 0.211663 0.199638 0.185239 0.165777 0.141031 0.113032 0.0849277 0.0596965 0.039249 0.0241573 0.013955 0.00757101 0.00387163 0.0018642 0.000844311 0.000358854 0.000142707 5.2931e-05 0 0 0 0 0 0 0 0 0 0 0 0 0 0 0 0 0 0 0 0 0 0 0 0 0 0 0 0 0 0 0 0 0 0 0 0 0 0 0 0 0 0
0 0 0 0 0 0 0 0 0 0 0 0 0 0 0 0 0 0 0 0 0 0 0 0 0 0 0 0 0 0 0 0 0 0 0 0 0 0 0 0 0 0 0 0 0 0 0 0 0 0 0 0 0.00171561 0.00360271 0.00681079 0.0124555 0.0216194 0.0359887 0.0573527 0.0875806 0.128534 0.182504 0.252718 0.343471 0.459035 0.601665 0.76995 0.958513 1.15884 1.36018 1.54991 1.71345 1.83467 1.89804 1.89257 1.81608 1.67739 1.49477 1.29115 1.08857 0.903933 0.746952 0.619919 0.519212 0.438499 0.372505 0.318971 0.277951 0.249515 0.231753 0.220425 0.210134 0.196219 0.176088 0.149931 0.120183 0.0903465 0.0636169 0.0419841 0.0260147 0.0151573 0.00832813 0.00431766 0.00210897 0.000968287 0.000416528 0.000167294 6.2536e-05 0 0 0 0 0 0 0 0 0 0 0 0 0 0 0 0 0 0 0 0 0 0 0 0 0 0 0 0 0 0 0 0 0 0 0 0 0 0 0 0 0 0
0 0 0 0 0 0 0 0 0 0 0 0 0 0 0 0 0 0 0 0 0 0 0 0 0 0 0 0 0 0 0 0 0 0 0 0 0 0 0 0 0 0 0 0 0 0 0 0 0 0 0 0 0.00180235 0.00393714 0.00734428 0.0131778 0.0226099 0.0372689 0.0589474 0.0896303 0.131277 0.186142 0.257083 0.347545 0.46068 0.597765 0.757029 0.933664 1.12069 1.30988 1.49169 1.65439 1.78324 1.86193 1.87656 1.82124 1.70153 1.53377 1.34012 1.14226 0.956972 0.79441 0.658307 0.547176 0.45674 0.383051 0.324431 0.280891 0.251904 0.234607 0.223853 0.213754 0.199488 0.178695 0.151799 0.121427 0.0911775 0.0642342 0.042509 0.0264811 0.0155669 0.00863709 0.00453057 0.00223893 0.00103893 0.000450941 0.000182415 6.85613e-05 0 0 0 0 0 0 0 0 0 0 0 0 0 0 0 0 0 0 0 0 0 0 0 0 0 0 0 0 0 0 0 0 0 0 0 0 0 0 0 0 0 0
0 0 0 0 0 0 0 0 0 0 0 0 0 0 0 0 0 0 0 0 0 0 0 0 0 0 0 0 0 0 0 0 0 0 0 0 0 0 0 0 0 0 0 0 0 0 0 0 0 0 0 0 0.00213117 0.00413773 0.00760255 0.013434 0.0226917 0.0370921 0.0583972 0.088802 0.130624 0.186375 0.258899 0.351111 0.465179 0.601333 0.757212 0.928197 1.10872 1.29335 1.47651 1.65007 1.80048 1.90853 1.95431 1.9253 1.82277 1.66212 1.46698 1.26111 1.06273 0.883222 0.728202 0.598783 0.492853 0.407269 0.33996 0.290172 0.25671 0.23617 0.222935 0.210861 0.195148 0.173513 0.146499 0.116637 0.087308 0.0614362 0.0407047 0.025458 0.0150596 0.00841908 0.00445643 0.00222173 0.00103895 0.000453829 0.000184493 6.95998e-05 0 0 0 0 0 0 0 0 0 0 0 0 0 0 0 0 0 0 0 0 0 0 0 0 0 0 0 0 0 0 0 0 0 0 0 0 0 0 0 0 0 0
0 0 0 0 0 0 0 0 0 0 0 0 0 0 0 0 0 0 0 0 0 0 0 0 0 0 0 0 0 0 0 0 0 0 0 0 0 0 0 0 0 0 0 0 0 0 0 0 0 0 0 0 0.00222899 0.0042584 0.0076949 0.0133623 0.0223399 0.0360848 0.0566193 0.0863194 0.127901 0.184231 0.258335 0.35294 0.469732 0.608472 0.766568 0.939703 1.12353 1.31528 1.51333 1.7129 1.90022 2.05075 2.13589 2.13497 2.04501 1.8821 1.67377 1.44788 1.22515 1.01843 0.83527 0.679586 0.551739 0.449309 0.369207 0.309182 0.2671 0.239271 0.22008 0.203465 0.184781 0.161875 0.135066 0.106603 0.0793033 0.0556047 0.0368051 0.0230535 0.0136883 0.00770197 0.00409377 0.00205339 0.000965342 0.000423489 0.000172729 6.53224e-05 0 0 0 0 0 0 0 0 0 0 0 0 0 0 0 0 0 0 0 0 0 0 0 0 0 0 0 0 0 0 0 0 0 0 0 0 0 0 0 0 0 0
0 0 0 0 0 0 0 0 0 0 0 0 0 0 0 0 0 0 0 0 0 0 0 0 0 0 0 0 0 0 0 0 0 0 0 0 0 0 0 0 0 0 0 0 0 0 0 0 0 0 0 0.000968032 0.00230444 0.004336 0.00771204 0.0131543 0.0217631 0.0349039 0.0546745 0.0836979 0.124965 0.181643 0.256885 0.353478 0.473159 0.615962 0.779824 0.96126 1.15731 1.36757 1.59336 1.83164 2.0664 2.26623 2.39325 2.41912 2.33774 2.16703 1.9393 1.68714 1.43417 1.19475 0.978238 0.791261 0.636724 0.513007 0.415944 0.341544 0.286629 0.247425 0.218695 0.194785 0.171338 0.146254 0.11961 0.0929679 0.0684141 0.0476032 0.0313727 0.0196197 0.0116525 0.00657503 0.00350044 0.00176258 0.000831422 0.000365737 0.000149491 5.66225e-05 0 0 0 0 0 0 0 0 0 0 0 0 0 0 0 0 0 0 0 0 0 0 0 0 0 0 0 0 0 0 0 0 0 0 0 0 0 0 0 0 0 0
0 0 0 0 0 0 0 0 0 0 0 0 0 0 0 0 0 0 0 0 0 0 0 0 0 0 0 0 0 0 0 0 0 0 0 0 0 0 0 0 0 0 0 0 0 0 0 0 0 0 0 0.00107674 0.00233553 0.00434479 0.00763785 0.0128963 0.0211691 0.0338499 0.0531511 0.0818772 0.123151 0.180232 0.256309 0.354222 0.476065 0.622632 0.793041 0.98529 1.19807 1.43277 1.6922 1.97306 2.25597 2.50312 2.66926 2.72033 2.64802 2.4717 2.22729 1.95104 1.66917 1.39785 1.14837 0.929786 0.747107 0.599476 0.481954 0.389272 0.317539 0.263203 0.221734 0.188052 0.158125 0.12983 0.102852 0.0779646 0.0563029 0.0386509 0.0252183 0.0156797 0.00928515 0.00523427 0.0027787 0.00140207 0.000662634 0.000291953 0.000119483 4.52998e-05 0 0 0 0 0 0 0 0 0 0 0 0 0 0 0 0 0 0 0 0 0 0 0 0 0 0 0 0 0 0 0 0 0 0 0 0 0 0 0 0 0 0
0 0 0 0 0 0 0 0 0 0 0 0 0 0 0 0 0 0 0 0 0 0 0 0 0 0 0 0 0 0 0 0 0 0 0 0 0 0 0 0 0 0 0 0 0 0 0 0 0 0 0 0.0011062 0.00217123 0.00421932 0.00740517 0.012452 0.0204096 0.032818 0.0520067 0.0808569 0.122567 0.180307 0.257135 0.355885 0.478976 0.628057 0.80362 1.00531 1.23343 1.49045 1.77928 2.0953 2.41636 2.70094 2.89985 2.97581 2.91859 2.74698 2.49744 2.20749 1.90516 1.60876 1.33184 1.08552 0.876324 0.704144 0.563965 0.450092 0.358554 0.286339 0.229883 0.184847 0.1474 0.115186 0.0873391 0.0638121 0.0447008 0.0299825 0.0192376 0.0117937 0.00692841 0.00388626 0.00207013 0.00103197 0.000488111 0.000215228 8.81392e-05 0 0 0 0 0 0 0 0 0 0 0 0 0 0 0 0 0 0 0 0 0 0 0 0 0 0 0 0 0 0 0 0 0 0 0 0 0 0 0 0 0 0 0
0 0 0 0 0 0 0 0 0 0 0 0 0 0 0 0 0 0 0 0 0 0 0 0 0 0 0 0 0 0 0 0 0 0 0 0 0 0 0 0 0 0 0 0 0 0 0 0 0 0 0.000498088 0.00105209 0.00206957 0.00392411 0.0069354 0.0117395 0.0194679 0.0317968 0.0511507 0.080462 0.122865 0.181379 0.258875 0.358091 0.481624 0.631692 0.80976 1.01672 1.25384 1.52388 1.8291 2.16385 2.50542 2.81241 3.03576 3.13739 3.10481 2.95337 2.71603 2.42852 2.11938 1.8091 1.51362 1.24579 1.01349 0.817683 0.654249 0.517986 0.40531 0.314005 0.241585 0.184643 0.139518 0.103364 0.0744864 0.0519243 0.0348792 0.0225841 0.0140839 0.00845547 0.00486445 0.00269934 0.00142754 0.000702028 0.000332051 0.000146436 5.99808e-05 0 0 0 0 0 0 0 0 0 0 0 0 0 0 0 0 0 0 0 0 0 0 0 0 0 0 0 0 0 0 0 0 0 0 0 0 0 0 0 0 0 0 0
0 0 0 0 0 0 0 0 0 0 0 0 0 0 0 0 0 0 0 0 0 0 0 0 0 0 0 0 0 0 0 0 0 0 0 0 0 0 0 0 0 0 0 0 0 0 0 0 0 0 0.000439209 0.000932756 0.00185081 0.00350708 0.00633366 0.0109842 0.0186901 0.0312588 0.0511447 0.0812249 0.124473 0.18372 0.261635 0.360857 0.484007 0.633437 0.810924 1.01767 1.25507 1.52538 1.83008 2.16365 2.50558 2.81846 3.05715 3.18481 3.18621 3.07047 2.86348 2.59611 2.29587 1.98477 1.68087 1.3987 1.14764 0.930529 0.744979 0.586988 0.453634 0.343472 0.255181 0.186421 0.133881 0.0941425 0.0644403 0.0427241 0.0273614 0.016918 0.0101322 0.00587734 0.00330385 0.00176726 0.000921831 0.000441072 0.000208492 9.19184e-05 3.76448e-05 0 0 0 0 0 0 0 0 0 0 0 0 0 0 0 0 0 0 0 0 0 0 0 0 0 0 0 0 0 0 0 0 0 0 0 0 0 0 0 0 0 0 0
0 0 0 0 0 0 0 0 0 0 0 0 0 0 0 0 0 0 0 0 0 0 0 0 0 0 0 0 0 0 0 0 0 0 0 0 0 0 0 0 0 0 0 0 0 0 0 0 0 0 0.000364119 0.000785721 0.00159619 0.00311965 0.0058601 0.0106004 0.0186918 0.0320295 0.0530057 0.0843444 0.128749 0.18877 0.266839 0.365477 0.487237 0.634393 0.808434 1.01009 1.23996 1.4992 1.78855 2.10367 2.42842 2.73237 2.97699 3.12838 3.16847 3.09867 2.93563 2.70325 2.42621 2.12692 1.82488 1.53619 1.27207 1.03763 0.832813 0.655169 0.502671 0.374699 0.271076 0.190643 0.130674 0.0873738 0.0568817 0.0359238 0.0219374 0.012932 0.00738937 0.00410135 0.00221348 0.00115935 0.000563163 0.000255842 0.000120787 5.32146e-05 0 0 0 0 0 0 0 0 0 0 0 0 0 0 0 0 0 0 0 0 0 0 0 0 0 0 0 0 0 0 0 0 0 0 0 0 0 0 0 0 0 0 0 0
0 0 0 0 0 0 0 0 0 0 0 0 0 0 0 0 0 0 0 0 0 0 0 0 0 0 0 0 0 0 0 0 0 0 0 0 0 0 0 0 0 0 0 0 0 0 0 0 0 0 0.000293328 0.000657374 0.00142975 0.0029257 0.00578463 0.0109377 0.0198691 0.0345129 0.0572127 0.0904262 0.136523 0.197623 0.275802 0.373384 0.492918 0.636612 0.805605 0.999752 1.21823 1.46051 1.72629 2.01254 2.30837 2.59163 2.83212 3.00018 3.07577 3.05299 2.93908 2.75024 2.50696 2.23063 1.94112 1.65539 1.38596 1.14011 0.920143 0.725542 0.555593 0.410762 0.292101 0.199698 0.131585 0.083903 0.0519424 0.0312433 0.0182283 0.0102841 0.00562861 0.00298811 0.00154111 0.000771849 0.000330559 0.00013696 6.45467e-05 0 0 0 0 0 0 0 0 0 0 0 0 0 0 0 0 0 0 0 0 0 0 0 0 0 0 0 0 0 0 0 0 0 0 0 0 0 0 0 0 0 0 0 0 0
0 0 0 0 0 0 0 0 0 0 0 0 0 0 0 0 0 0 0 0 0 0 0 0 0 0 0 0 0 0 0 0 0 0 0 0 0 0 0 0 0 0 0 0 0 0 0 0 0 0 0.000244176 0.000581894 0.00136917 0.00296719 0.00610168 0.0119092 0.0219211 0.0382262 0.0630219 0.0985806 0.146878 0.209535 0.288133 0.384754 0.502032 0.642438 0.807071 0.994971 1.2036 1.43009 1.67214 1.92711 2.18848 2.4423 2.66721 2.83919 2.9382 2.95323 2.88396 2.73966 2.5363 2.2928 2.02757 1.75647 1.4918 1.24208 1.01195 0.803296 0.617349 0.456093 0.322062 0.216699 0.138978 0.0852598 0.0503289 0.0287595 0.0159716 0.0086192 0.00453602 0.00232048 0.00115299 0.000555231 0.000257956 6.76681e-05 3.18135e-05 0 0 0 0 0 0 0 0 0 0 0 0 0 0 0 0 0 0 0 0 0 0 0 0 0 0 0 0 0 0 0 0 0 0 0 0 0 0 0 0 0 0 0 0 0
0 0 0 0 0 0 0 0 0 0 0 0 0 0 0 0 0 0 0 0 0 0 0 0 0 0 0 0 0 0 0 0 0 0 0 0 0 0 0 0 0 0 0 0 0 0 0 0 0 0 0.000220321 0.000555935 0.00140846 0.00316032 0.00664661 0.0131135 0.0242367 0.0421638 0.069077 0.107101 0.157861 0.222516 0.302189 0.398725 0.515006 0.654105 0.817559 1.00394 1.20887 1.42646 1.65118 1.87885 2.10523 2.32303 2.51962 2.67807 2.78118 2.8163 2.77889 2.6736 2.51234 2.31022 2.08142 1.83772 1.58909 1.34429 1.11019 0.891377 0.691351 0.514028 0.363796 0.24385 0.154467 0.0925511 0.052689 0.0287026 0.0150954 0.00771992 0.0038734 0.00190585 0.000917365 0.000429605 0.000194078 3.08713e-05 0 0 0 0 0 0 0 0 0 0 0 0 0 0 0 0 0 0 0 0 0 0 0 0 0 0 0 0 0 0 0 0 0 0 0 0 0 0 0 0 0 0 0 0 0 0
0 0 0 0 0 0 0 0 0 0 0 0 0 0 0 0 0 0 0 0 0 0 0 0 0 0 0 0 0 0 0 0 0 0 0 0 0 0 0 0 0 0 0 0 0 0 0 0 0 0 0.000209486 0.000606704 0.001479 0.00337101 0.0071677 0.0141976 0.0262712 0.0455873 0.0744014 0.114749 0.168042 0.235138 0.316829 0.414831 0.532384 0.673418 0.840273 1.03138 1.24058 1.45849 1.67526 1.88312 2.07739 2.25487 2.41073 2.53643 2.62076 2.6536 2.6304 2.55415 2.43361 2.27857 2.09603 1.891 1.66948 1.43978 1.2103 0.987647 0.777148 0.584808 0.417538 0.281122 0.177822 0.105539 0.0588667 0.0309943 0.0155288 0.00748137 0.00352263 0.00163602 0.000753442 0.000342078 0.000151141 5.91897e-05 0 0 0 0 0 0 0 0 0 0 0 0 0 0 0 0 0 0 0 0 0 0 0 0 0 0 0 0 0 0 0 0 0 0 0 0 0 0 0 0 0 0 0 0 0 0
0 0 0 0 0 0 0 0 0 0 0 0 0 0 0 0 0 0 0 0 0 0 0 0 0 0 0 0 0 0 0 0 0 0 0 0 0 0 0 0 0 0 0 0 0 0 0 0 0 0 0 0.000621971 0.00153187 0.00353316 0.00756015 0.0150097 0.0278106 0.048242 0.0787219 0.121238 0.177192 0.2473 0.33218 0.433496 0.55482 0.700954 0.875191 1.07605 1.29579 1.52152 1.73854 1.93425 2.10111 2.23713 2.34325 2.41966 2.46393 2.4727 2.44538 2.38611 2.3011 2.19353 2.06161 1.90261 1.71821 1.51524 1.30177 1.08424 0.86872 0.663522 0.479135 0.32503 0.206278 0.122215 0.0675776 0.034931 0.0169528 0.0077826 0.00343194 0.00147884 0.000634157 0.000272762 0.000111643 4.66645e-05 0 0 0 0 0 0 0 0 0 0 0 0 0 0 0 0 0 0 0 0 0 0 0 0 0 0 0 0 0 0 0 0 0 0 0 0 0 0 0 0 0 0 0 0 0 0
0 0 0 0 0 0 0 0 0 0 0 0 0 0 0 0 0 0 0 0 0 0 0 0 0 0 0 0 0 0 0 0 0 0 0 0 0 0 0 0 0 0 0 0 0 0 0 0 0 0 0 0.000625456 0.00156576 0.00361879 0.00779437 0.0155285 0.0288973 0.0502694 0.0821953 0.126843 0.185694 0.259489 0.348758 0.455039 0.582003 0.734994 0.918133 1.13021 1.36228 1.59845 1.81955 2.00798 2.15221 2.24907 2.30271 2.32091 2.31124 2.28 2.23364 2.17914 2.12052 2.05429 1.97052 1.8601 1.72075 1.55604 1.37045 1.16755 0.953225 0.738654 0.538934 0.3681 0.234478 0.139002 0.0766111 0.039265 0.0187444 0.00836284 0.0035199 0.00141653 0.000557755 0.000219649 8.62169e-05 3.45456e-05 0 0 0 0 0 0 0 0 0 0 0 0 0 0 0 0 0 0 0 0 0 0 0 0 0 0 0 0 0 0 0 0 0 0 0 0 0 0 0 0 0 0 0 0 0 0
0 0 0 0 0 0 0 0 0 0 0 0 0 0 0 0 0 0 0 0 0 0 0 0 0 0 0 0 0 0 0 0 0 0 0 0 0 0 0 0 0 0 0 0 0 0 0 0 0 0 0 0.000615042 0.0015678 0.00364283 0.00790062 0.0158287 0.0295602 0.0517208 0.0849261 0.131668 0.193606 0.27162 0.366151 0.478374 0.611547 0.770948 0.961145 1.18135 1.42208 1.66546 1.88894 2.07081 2.19575 2.25841 2.26396 2.22545 2.15936 2.08207 2.00813 1.94801 1.904 1.86763 1.82384 1.75984 1.66952 1.55075 1.40122 1.22 1.01267 0.793874 0.583637 0.400463 0.255687 0.151632 0.0834402 0.0425893 0.0201719 0.00887431 0.0036419 0.00140368 0.000515907 0.000184639 6.60639e-05 2.45149e-05 0 0 0 0 0 0 0 0 0 0 0 0 0 0 0 0 0 0 0 0 0 0 0 0 0 0 0 0 0 0 0 0 0 0 0 0 0 0 0 0 0 0 0 0 0 0
0 0 0 0 0 0 0 0 0 0 0 0 0 0 0 0 0 0 0 0 0 0 0 0 0 0 0 0 0 0 0 0 0 0 0 0 0 0 0 0 0 0 0 0 0 0 0 0 0 0 0 0.000536686 0.00154795 0.0036126 0.0078868 0.0159093 0.0298458 0.0525277 0.0867655 0.135322 0.200241 0.282506 0.382405 0.500437 0.638781 0.801869 0.99417 1.21549 1.45672 1.69935 1.91907 2.09166 2.19913 2.23411 2.20159 2.11734 2.00384 1.88526 1.78287 1.71028 1.66916 1.64907 1.63395 1.60979 1.5664 1.49389 1.38202 1.22544 1.03014 0.814056 0.601263 0.413524 0.264237 0.156644 0.0860787 0.0438246 0.0206704 0.00903245 0.00366268 0.00138166 0.000488447 0.000163071 5.26395e-05 1.73474e-05 0 0 0 0 0 0 0 0 0 0 0 0 0 0 0 0 0 0 0 0 0 0 0 0 0 0 0 0 0 0 0 0 0 0 0 0 0 0 0 0 0 0 0 0 0 0
0 0 0 0 0 0 0 0 0 0 0 0 0 0 0 0 0 0 0 0 0 0 0 0 0 0 0 0 0 0 0 0 0 0 0 0 0 0 0 0 0 0 0 0 0 0 0 0 0 0 0 0.000555605 0.00150735 0.0035585 0.00777332 0.0157333 0.0296822 0.0525409 0.0873581 0.137194 0.204397 0.290121 0.394364 0.516628 0.657507 0.819839 1.00744 1.22076 1.45204 1.68371 1.89154 2.05067 2.14194 2.15677 2.0994 1.98617 1.84198 1.69494 1.56996 1.48265 1.43548 1.41954 1.4212 1.42676 1.42158 1.38797 1.30901 1.17665 0.997678 0.792278 0.58657 0.403758 0.257941 0.152776 0.0838323 0.0425971 0.0200376 0.0087232 0.00351705 0.00131401 0.000455879 0.000146867 4.49105e-05 1.23474e-05 0 0 0 0 0 0 0 0 0 0 0 0 0 0 0 0 0 0 0 0 0 0 0 0 0 0 0 0 0 0 0 0 0 0 0 0 0 0 0 0 0 0 0 0 0 0
0 0 0 0 0 0 0 0 0 0 0 0 0 0 0 0 0 0 0 0 0 0 0 0 0 0 0 0 0 0 0 0 0 0 0 0 0 0 0 0 0 0 0 0 0 0 0 0 0 0 0 0.000552797 0.00139622 0.00343161 0.00754108 0.0153141 0.029043 0.0516859 0.0864774 0.136694 0.204891 0.292331 0.398589 0.522085 0.661578 0.817909 0.993769 1.19018 1.40141 1.61232 1.80066 1.9427 2.01967 2.02253 1.95446 1.8305 1.67476 1.51524 1.37722 1.27705 1.21923 1.19899 1.20701 1.23049 1.25075 1.2443 1.19038 1.08013 0.920948 0.733491 0.543769 0.374413 0.239123 0.141526 0.0775787 0.0393667 0.0184821 0.00803053 0.00322757 0.00120009 0.000412213 0.00013089 3.85373e-05 9.38902e-06 0 0 0 0 0 0 0 0 0 0 0 0 0 0 0 0 0 0 0 0 0 0 0 0 0 0 0 0 0 0 0 0 0 0 0 0 0 0 0 0 0 0 0 0 0 0
0 0 0 0 0 0 0 0 0 0 0 0 0 0 0 0 0 0 0 0 0 0 0 0 0 0 0 0 0 0 0 0 0 0 0 0 0 0 0 0 0 0 0 0 0 0 0 0 0 0 0.00012633 0.000534844 0.00135299 0.0032586 0.00721091 0.0146987 0.0279925 0.0500308 0.0840902 0.13354 0.200981 0.287592 0.392544 0.513229 0.646773 0.792023 0.950303 1.12296 1.30659 1.48953 1.65304 1.7762 1.84181 1.84091 1.77508 1.65655 1.50603 1.34844 1.20712 1.09836 1.02946 1.00076 1.00764 1.03825 1.07136 1.08064 1.04439 0.954036 0.816854 0.652311 0.484414 0.33393 0.213431 0.126382 0.0692906 0.0351583 0.0165003 0.00716308 0.00287504 0.00106626 0.000364433 0.000115599 3.33601e-05 7.01206e-06 0 0 0 0 0 0 0 0 0 0 0 0 0 0 0 0 0 0 0 0 0 0 0 0 0 0 0 0 0 0 0 0 0 0 0 0 0 0 0 0 0 0 0 0 0 0
0 0 0 0 0 0 0 0 0 0 0 0 0 0 0 0 0 0 0 0 0 0 0 0 0 0 0 0 0 0 0 0 0 0 0 0 0 0 0 0 0 0 0 0 0 0 0 0 0 0 0.000137609 0.000507826 0.00128682 0.00305344 0.0068076 0.0139362 0.0266081 0.0476468 0.080291 0.12773 0.192451 0.275399 0.375327 0.488919 0.61211 0.74215 0.879068 1.02427 1.17646 1.32789 1.46434 1.56882 1.6265 1.62868 1.57485 1.47317 1.33938 1.19377 1.05675 0.944486 0.867073 0.829526 0.831153 0.861318 0.898115 0.915143 0.891621 0.819484 0.70504 0.565297 0.421295 0.291357 0.186768 0.110881 0.0609289 0.0309665 0.0145565 0.00632412 0.00253894 0.000940885 0.000321625 0.000101308 2.81232e-05 7.63742e-06 0 0 0 0 0 0 0 0 0 0 0 0 0 0 0 0 0 0 0 0 0 0 0 0 0 0 0 0 0 0 0 0 0 0 0 0 0 0 0 0 0 0 0 0 0 0
0 0 0 0 0 0 0 0 0 0 0 0 0 0 0 0 0 0 0 0 0 0 0 0 0 0 0 0 0 0 0 0 0 0 0 0 0 0 0 0 0 0 0 0 0 0 0 0 0 0 0.000142361 0.000474544 0.00120456 0.00283408 0.00634601 0.0130328 0.0249027 0.0446031 0.0751188 0.119371 0.179495 0.256134 0.347694 0.450487 0.559817 0.672031 0.786152 0.90342 1.02419 1.14436 1.25443 1.34178 1.39436 1.40369 1.36685 1.28747 1.17586 1.04751 0.919968 0.809189 0.727483 0.683153 0.678321 0.703918 0.739243 0.759653 0.746063 0.6907 0.598221 0.48266 0.361826 0.251607 0.162104 0.0966795 0.0533382 0.0272044 0.0128243 0.00558453 0.0022447 0.000833382 0.000285182 9.0009e-05 2.5333e-05 6.85824e-06 0 0 0 0 0 0 0 0 0 0 0 0 0 0 0 0 0 0 0 0 0 0 0 0 0 0 0 0 0 0 0 0 0 0 0 0 0 0 0 0 0 0 0 0 0 0
0 0 0 0 0 0 0 0 0 0 0 0 0 0 0 0 0 0 0 0 0 0 0 0 0 0 0 0 0 0 0 0 0 0 0 0 0 0 0 0 0 0 0 0 0 0 0 0 0 0 0.000139792 0.000381204 0.00110463 0.00262381 0.00580265 0.0119223 0.0228093 0.0407915 0.0685235 0.10852 0.16249 0.230699 0.311378 0.4008 0.494238 0.587753 0.679832 0.771448 0.863973 0.956164 1.04271 1.11513 1.16403 1.18121 1.16151 1.1045 1.0157 0.906393 0.791593 0.686776 0.605318 0.557158 0.546171 0.565304 0.596428 0.617675 0.611848 0.571288 0.498843 0.405559 0.306188 0.214291 0.138867 0.0832455 0.0461282 0.0236203 0.01117 0.00487609 0.00196493 0.000730246 0.000249996 7.91512e-05 2.25706e-05 5.69923e-06 0 0 0 0 0 0 0 0 0 0 0 0 0 0 0 0 0 0 0 0 0 0 0 0 0 0 0 0 0 0 0 0 0 0 0 0 0 0 0 0 0 0 0 0 0 0
0 0 0 0 0 0 0 0 0 0 0 0 0 0 0 0 0 0 0 0 0 0 0 0 0 0 0 0 0 0 0 0 0 0 0 0 0 0 0 0 0 0 0 0 0 0 0 0 0 0 0.000129894 0.000355911 0.000982442 0.00234012 0.00517048 0.0106091 0.0202421 0.0361248 0.0604757 0.0953147 0.141963 0.200331 0.268651 0.343492 0.420571 0.496212 0.568761 0.63892 0.708442 0.77792 0.845177 0.905121 0.950682 0.974093 0.968652 0.930951 0.862856 0.77231 0.671988 0.576356 0.498649 0.449041 0.43231 0.443749 0.468618 0.488301 0.487649 0.459178 0.404179 0.33102 0.251553 0.177076 0.115327 0.0694257 0.0386197 0.0198372 0.00940476 0.00411497 0.00166109 0.000618144 0.000212033 6.64547e-05 1.93326e-05 0 0 0 0 0 0 0 0 0 0 0 0 0 0 0 0 0 0 0 0 0 0 0 0 0 0 0 0 0 0 0 0 0 0 0 0 0 0 0 0 0 0 0 0 0 0 0
0 0 0 0 0 0 0 0 0 0 0 0 0 0 0 0 0 0 0 0 0 0 0 0 0 0 0 0 0 0 0 0 0 0 0 0 0 0 0 0 0 0 0 0 0 0 0 0 0 0 0.000113698 0.000312737 0.000795323 0.00200005 0.00441518 0.00904523 0.0172285 0.0306597 0.0511522 0.0802531 0.118863 0.166741 0.222285 0.282622 0.344251 0.404127 0.46075 0.51456 0.567227 0.620194 0.673248 0.723727 0.766435 0.794272 0.799815 0.777732 0.727342 0.653947 0.568052 0.482686 0.410176 0.360013 0.337251 0.339592 0.356133 0.371702 0.373258 0.353778 0.3134 0.258149 0.197156 0.13938 0.0911053 0.0550144 0.0306792 0.015792 0.00750078 0.00328662 0.00132813 0.000494864 0.000169884 5.35564e-05 1.53893e-05 0 0 0 0 0 0 0 0 0 0 0 0 0 0 0 0 0 0 0 0 0 0 0 0 0 0 0 0 0 0 0 0 0 0 0 0 0 0 0 0 0 0 0 0 0 0 0
0 0 0 0 0 0 0 0 0 0 0 0 0 0 0 0 0 0 0 0 0 0 0 0 0 0 0 0 0 0 0 0 0 0 0 0 0 0 0 0 0 0 0 0 0 0 0 0 0 0 9.33209e-05 0.00025748 0.000656607 0.00162108 0.00356159 0.00732172 0.0139261 0.0247258 0.0411303 0.0642637 0.0947259 0.132271 0.175586 0.222544 0.270593 0.317506 0.362104 0.404612 0.446372 0.488996 0.533263 0.578043 0.619548 0.651411 0.665931 0.656577 0.620801 0.561841 0.488385 0.412085 0.344172 0.293061 0.263528 0.25538 0.261673 0.270811 0.271862 0.258416 0.229765 0.189924 0.145501 0.10313 0.0675458 0.0408683 0.0228255 0.0117637 0.00559308 0.00245276 0.000991746 0.000369843 0.000126578 3.9945e-05 1.1631e-05 0 0 0 0 0 0 0 0 0 0 0 0 0 0 0 0 0 0 0 0 0 0 0 0 0 0 0 0 0 0 0 0 0 0 0 0 0 0 0 0 0 0 0 0 0 0 0
0 0 0 0 0 0 0 0 0 0 0 0 0 0 0 0 0 0 0 0 0 0 0 0 0 0 0 0 0 0 0 0 0 0 0 0 0 0 0 0 0 0 0 0 0 0 0 0 0 0 7.154e-05 0.000197898 0.000505845 0.0012131 0.0027193 0.00557196 0.0106125 0.0188146 0.0312086 0.0486585 0.0715057 0.0995696 0.131997 0.167405 0.20421 0.241008 0.277017 0.312334 0.347946 0.385336 0.425669 0.468621 0.511288 0.547791 0.570274 0.57133 0.54705 0.499192 0.435185 0.365691 0.301047 0.248631 0.212428 0.193392 0.188312 0.189426 0.187937 0.178021 0.158241 0.130891 0.100359 0.0712082 0.0466822 0.0282638 0.0157941 0.00814348 0.0038733 0.00169894 0.000687276 0.000256245 8.78074e-05 2.78009e-05 0 0 0 0 0 0 0 0 0 0 0 0 0 0 0 0 0 0 0 0 0 0 0 0 0 0 0 0 0 0 0 0 0 0 0 0 0 0 0 0 0 0 0 0 0 0 0 0
0 0 0 0 0 0 0 0 0 0 0 0 0 0 0 0 0 0 0 0 0 0 0 0 0 0 0 0 0 0 0 0 0 0 0 0 0 0 0 0 0 0 0 0 0 0 0 0 0 0 0 0.000141633 0.000362816 0.000859211 0.00194397 0.00397229 0.00758602 0.013446 0.022284 0.0347028 0.0509639 0.0709839 0.0943294 0.120325 0.148201 0.177269 0.207122 0.237845 0.2702 0.305497 0.344961 0.388563 0.433759 0.474877 0.503914 0.512921 0.497174 0.457543 0.400635 0.336422 0.274582 0.221671 0.180713 0.152693 0.136886 0.129469 0.124204 0.115859 0.102289 0.084335 0.0645791 0.0457687 0.0299877 0.0181446 0.0101354 0.00522406 0.00248396 0.00108943 0.000440637 0.000164142 5.64021e-05 0 0 0 0 0 0 0 0 0 0 0 0 0 0 0 0 0 0 0 0 0 0 0 0 0 0 0 0 0 0 0 0 0 0 0 0 0 0 0 0 0 0 0 0 0 0 0 0 0
0 0 0 0 0 0 0 0 0 0 0 0 0 0 0 0 0 0 0 0 0 0 0 0 0 0 0 0 0 0 0 0 0 0 0 0 0 0 0 0 0 0 0 0 0 0 0 0 0 0 0 9.42442e-05 0.00024196 0.000574236 0.00128841 0.00265599 0.00506577 0.00900107 0.0149309 0.0232727 0.0342503 0.047902 0.0641282 0.0827813 0.103693 0.126706 0.151714 0.178901 0.208966 0.243112 0.282468 0.326958 0.374075 0.418239 0.451501 0.465855 0.45632 0.423299 0.372729 0.313856 0.255637 0.203947 0.161187 0.12795 0.104405 0.0895669 0.0801779 0.0719696 0.0623716 0.0509624 0.0388088 0.0274042 0.0179075 0.0108123 0.00603002 0.00310395 0.00147443 0.000646118 0.000260936 9.72464e-05 3.34283e-05 0 0 0 0 0 0 0 0 0 0 0 0 0 0 0 0 0 0 0 0 0 0 0 0 0 0 0 0 0 0 0 0 0 0 0 0 0 0 0 0 0 0 0 0 0 0 0 0 0
0 0 0 0 0 0 0 0 0 0 0 0 0 0 0 0 0 0 0 0 0 0 0 0 0 0 0 0 0 0 0 0 0 0 0 0 0 0 0 0 0 0 0 0 0 0 0 0 0 0 0 5.82636e-05 0.000149968 0.000356828 0.000803894 0.00164995 0.00316087 0.00563892 0.00938003 0.0146743 0.0217134 0.0306266 0.0415435 0.0546333 0.0700938 0.0880802 0.108747 0.132444 0.159935 0.192379 0.230738 0.274726 0.321761 0.366434 0.401213 0.41853 0.4136 0.386587 0.342728 0.290257 0.23714 0.188565 0.146648 0.111915 0.0846938 0.0652531 0.0524903 0.0437505 0.0363912 0.029099 0.0218851 0.0153405 0.00996957 0.00599304 0.00333153 0.00171041 0.000810722 0.000354505 0.000143054 5.32677e-05 0 0 0 0 0 0 0 0 0 0 0 0 0 0 0 0 0 0 0 0 0 0 0 0 0 0 0 0 0 0 0 0 0 0 0 0 0 0 0 0 0 0 0 0 0 0 0 0 0 0
0 0 0 0 0 0 0 0 0 0 0 0 0 0 0 0 0 0 0 0 0 0 0 0 0 0 0 0 0 0 0 0 0 0 0 0 0 0 0 0 0 0 0 0 0 0 0 0 0 0 0 0 8.64002e-05 0.00020623 0.000466916 0.000961976 0.00184223 0.003297 0.00552657 0.00870191 0.0129933 0.0185778 0.025687 0.0346331 0.0457763 0.0594463 0.075987 0.0959479 0.120226 0.149949 0.185863 0.227428 0.272011 0.314567 0.348301 0.366487 0.364881 0.343538 0.306902 0.261936 0.215332 0.171504 0.132444 0.0989122 0.0714946 0.0506946 0.0363204 0.0270685 0.0208249 0.0159206 0.0116998 0.00808375 0.00520234 0.00310272 0.00171536 0.000876584 0.000413852 0.000180475 7.26463e-05 0 0 0 0 0 0 0 0 0 0 0 0 0 0 0 0 0 0 0 0 0 0 0 0 0 0 0 0 0 0 0 0 0 0 0 0 0 0 0 0 0 0 0 0 0 0 0 0 0 0 0
0 0 0 0 0 0 0 0 0 0 0 0 0 0 0 0 0 0 0 0 0 0 0 0 0 0 0 0 0 0 0 0 0 0 0 0 0 0 0 0 0 0 0 0 0 0 0 0 0 0 0 0 4.62994e-05 0.000110947 0.00024602 0.000523127 0.00100713 0.00180862 0.00304302 0.00485198 0.00735052 0.0107058 0.0151742 0.0210883 0.0288384 0.0388306 0.0515565 0.0677385 0.0883801 0.114526 0.146668 0.184045 0.224072 0.262247 0.29276 0.309995 0.310472 0.294231 0.264878 0.227979 0.188828 0.150999 0.116347 0.0859132 0.0605291 0.0408125 0.0268085 0.0177259 0.0121504 0.0085769 0.00602043 0.00405245 0.0025504 0.00150969 0.000827583 0.000419841 0.000197028 8.54647e-05 0 0 0 0 0 0 0 0 0 0 0 0 0 0 0 0 0 0 0 0 0 0 0 0 0 0 0 0 0 0 0 0 0 0 0 0 0 0 0 0 0 0 0 0 0 0 0 0 0 0 0 0
0 0 0 0 0 0 0 0 0 0 0 0 0 0 0 0 0 0 0 0 0 0 0 0 0 0 0 0 0 0 0 0 0 0 0 0 0 0 0 0 0 0 0 0 0 0 0 0 0 0 0 0 0 5.56174e-05 0.000123946 0.000265624 0.000514771 0.000931499 0.00158233 0.00254213 0.00392975 0.0058658 0.00856214 0.0123207 0.017493 0.024503 0.0339264 0.0465864 0.0634919 0.0855311 0.112937 0.144789 0.178694 0.210839 0.236537 0.25141 0.252801 0.240828 0.218285 0.189358 0.158004 0.126957 0.0978435 0.0718244 0.0499041 0.0327597 0.0204372 0.0123615 0.00749438 0.00471806 0.00305541 0.00196216 0.00119032 0.000695527 0.000376811 0.000189177 0 0 0 0 0 0 0 0 0 0 0 0 0 0 0 0 0 0 0 0 0 0 0 0 0 0 0 0 0 0 0 0 0 0 0 0 0 0 0 0 0 0 0 0 0 0 0 0 0 0 0 0 0 0
0 0 0 0 0 0 0 0 0 0 0 0 0 0 0 0 0 0 0 0 0 0 0 0 0 0 0 0 0 0 0 0 0 0 0 0 0 0 0 0 0 0 0 0 0 0 0 0 0 0 0 0 0 2.60007e-05 5.82917e-05 0.000121149 0.000246167 0.000449558 0.000772512 0.00126052 0.00198248 0.0030529 0.00461555 0.00690505 0.010212 0.0149492 0.0217008 0.0312824 0.0445891 0.0622905 0.0844074 0.109983 0.136943 0.16224 0.18232 0.193997 0.195437 0.186836 0.170253 0.148683 0.124884 0.100812 0.0777932 0.0569599 0.0392884 0.0254219 0.0154225 0.00886207 0.00492072 0.00274432 0.00158299 0.000938201 0.000530711 0.000305478 0 0 0 0 0 0 0 0 0 0 0 0 0 0 0 0 0 0 0 0 0 0 0 0 0 0 0 0 0 0 0 0 0 0 0 0 0 0 0 0 0 0 0 0 0 0 0 0 0 0 0 0 0 0 0 0
0 0 0 0 0 0 0 0 0 0 0 0 0 0 0 0 0 0 0 0 0 0 0 0 0 0 0 0 0 0 0 0 0 0 0 0 0 0 0 0 0 0 0 0 0 0 0 0 0 0 0 0 0 0 2.56143e-05 5.36092e-05 0.000104341 0.000203373 0.000354273 0.000588739 0.00095176 0.00150487 0.0023775 0.00371166 0.0057511 0.00885015 0.0135431 0.0205342 0.0305244 0.0439644 0.0607403 0.0799799 0.100012 0.11854 0.133047 0.141383 0.142415 0.136387 0.124756 0.109522 0.0924905 0.074973 0.0579705 0.0424067 0.0291365 0.0187025 0.011201 0.00627089 0.00330983 0.00169 0.000864617 0.00045711 0 0 0 0 0 0 0 0 0 0 0 0 0 0 0 0 0 0 0 0 0 0 0 0 0 0 0 0 0 0 0 0 0 0 0 0 0 0 0 0 0 0 0 0 0 0 0 0 0 0 0 0 0 0 0 0 0 0
0 0 0 0 0 0 0 0 0 0 0 0 0 0 0 0 0 0 0 0 0 0 0 0 0 0 0 0 0 0 0 0 0 0 0 0 0 0 0 0 0 0 0 0 0 0 0 0 0 0 0 0 0 0 0 2.21844e-05 4.35515e-05 8.6225e-05 0.000152579 0.000259125 0.000428047 0.000711597 0.00117153 0.00192009 0.00313556 0.00511332 0.00826724 0.0131373 0.0202203 0.02979 0.0416853 0.0551873 0.0690472 0.0816494 0.0913186 0.0967271 0.0972504 0.0931505 0.0854077 0.0752745 0.0638493 0.0519399 0.0402324 0.0294205 0.0201709 0.0128914 0.00765235 0.00420984 0.00214016 0.00100886 0.000439886 0 0 0 0 0 0 0 0 0 0 0 0 0 0 0 0 0 0 0 0 0 0 0 0 0 0 0 0 0 0 0 0 0 0 0 0 0 0 0 0 0 0 0 0 0 0 0 0 0 0 0 0 0 0 0 0 0 0 0
0 0 0 0 0 0 0 0 0 0 0 0 0 0 0 0 0 0 0 0 0 0 0 0 0 0 0 0 0 0 0 0 0 0 0 0 0 0 0 0 0 0 0 0 0 0 0 0 0 0 0 0 0 0 0 0 1.69845e-05 3.16217e-05 6.1736e-05 0.000107517 0.000183289 0.000321668 0.000552444 0.000964145 0.00166961 0.00288669 0.00491444 0.00812182 0.0128259 0.0191835 0.0270371 0.0358565 0.0447704 0.0527174 0.0586601 0.0618415 0.0619719 0.0592921 0.0544226 0.0480986 0.0409317 0.0333908 0.0259084 0.0189571 0.0129875 0.00828607 0.00490592 0.00268155 0.00136098 0.000638285 0.000276582 0 0 0 0 0 0 0 0 0 0 0 0 0 0 0 0 0 0 0 0 0 0 0 0 0 0 0 0 0 0 0 0 0 0 0 0 0 0 0 0 0 0 0 0 0 0 0 0 0 0 0 0 0 0 0 0 0 0 0
0 0 0 0 0 0 0 0 0 0 0 0 0 0 0 0 0 0 0 0 0 0 0 0 0 0 0 0 0 0 0 0 0 0 0 0 0 0 0 0 0 0 0 0 0 0 0 0 0 0 0 0 0 0 0 0 0 1.16584e-05 2.10422e-05 4.20313e-05 7.42445e-05 0.000139632 0.000254088 0.000465473 0.000870204 0.00158872 0.00282375 0.0047958 0.00770962 0.0116343 0.0164526 0.0218052 0.0271298 0.0317716 0.0351387 0.0368342 0.0367537 0.0350853 0.0322029 0.0285081 0.024319 0.0198814 0.0154456 0.0113075 0.00774381 0.00493556 0.00291752 0.00159024 0.000805109 0.000376381 0.000162446 0 0 0 0 0 0 0 0 0 0 0 0 0 0 0 0 0 0 0 0 0 0 0 0 0 0 0 0 0 0 0 0 0 0 0 0 0 0 0 0 0 0 0 0 0 0 0 0 0 0 0 0 0 0 0 0 0 0 0
0 0 0 0 0 0 0 0 0 0 0 0 0 0 0 0 0 0 0 0 0 0 0 0 0 0 0 0 0 0 0 0 0 0 0 0 0 0 0 0 0 0 0 0 0 0 0 0 0 0 0 0 0 0 0 0 0 0 0 1.33963e-05 2.36313e-05 5.09818e-05 0.000113807 0.000223388 0.000436485 0.000838035 0.00154744 0.00267775 0.0043537 0.00660203 0.00934455 0.0123588 0.0153105 0.0178256 0.019584 0.0203995 0.0202515 0.0192717 0.0176714 0.0156549 0.0133743 0.010948 0.00851403 0.00623468 0.0042686 0.00271871 0.00160542 0.000873172 0.00044143 0.000205975 0 0 0 0 0 0 0 0 0 0 0 0 0 0 0 0 0 0 0 0 0 0 0 0 0 0 0 0 0 0 0 0 0 0 0 0 0 0 0 0 0 0 0 0 0 0 0 0 0 0 0 0 0 0 0 0 0 0 0 0
0 0 0 0 0 0 0 0 0 0 0 0 0 0 0 0 0 0 0 0 0 0 0 0 0 0 0 0 0 0 0 0 0 0 0 0 0 0 0 0 0 0 0 0 0 0 0 0 0 0 0 0 0 0 0 0 0 0 0 0 0 1.49395e-05 4.99895e-05 0.00010464 0.000215085 0.000424927 0.000797869 0.00140359 0.00229424 0.00348838 0.00493496 0.00650916 0.00802712 0.00929037 0.0101388 0.0104909 0.0103563 0.00981854 0.00898678 0.00795944 0.00680298 0.00557368 0.00433616 0.00317513 0.00217311 0.00138325 0.00080978 0.00044309 0.000223826 0 0 0 0 0 0 0 0 0 0 0 0 0 0 0 0 0 0 0 0 0 0 0 0 0 0 0 0 0 0 0 0 0 0 0 0 0 0 0 0 0 0 0 0 0 0 0 0 0 0 0 0 0 0 0 0 0 0 0 0 0
0 0 0 0 0 0 0 0 0 0 0 0 0 0 0 0 0 0 0 0 0 0 0 0 0 0 0 0 0 0 0 0 0 0 0 0 0 0 0 0 0 0 0 0 0 0 0 0 0 0 0 0 0 0 0 0 0 0 0 0 0 0 0 4.26957e-05 0.000101049 0.000204216 0.000386692 0.000683959 0.00112004 0.00171021 0.00241646 0.00317877 0.00390295 0.00449174 0.00487033 0.00500635 0.00491343 0.00463741 0.00423418 0.00374532 0.00320116 0.00262245 0.00203975 0.00149295 0.00102124 0.000649631 0.000379399 0.000207557 0.000104799 0 0 0 0 0 0 0 0 0 0 0 0 0 0 0 0 0 0 0 0 0 0 0 0 0 0 0 0 0 0 0 0 0 0 0 0 0 0 0 0 0 0 0 0 0 0 0 0 0 0 0 0 0 0 0 0 0 0 0 0 0
0 0 0 0 0 0 0 0 0 0 0 0 0 0 0 0 0 0 0 0 0 0 0 0 0 0 0 0 0 0 0 0 0 0 0 0 0 0 0 0 0 0 0 0 0 0 0 0 0 0 0 0 0 0 0 0 0 0 0 0 0 0 0 1.93048e-05 4.3377e-05 9.02096e-05 0.000173464 0.000308334 0.000507877 0.000775827 0.00109487 0.00143614 0.00175761 0.0020122 0.00216881 0.00221536 0.00216161 0.00203078 0.0018475 0.00163145 0.00139311 0.0011403 0.000886127 0.000648034 0.0004429 0.000276806 0.000163946 8.96889e-05 0 0 0 0 0 0 0 0 0 0 0 0 0 0 0 0 0 0 0 0 0 0 0 0 0 0 0 0 0 0 0 0 0 0 0 0 0 0 0 0 0 0 0 0 0 0 0 0 0 0 0 0 0 0 0 0 0 0 0 0 0 0
0 0 0 0 0 0 0 0 0 0 0 0 0 0 0 0 0 0 0 0 0 0 0 0 0 0 0 0 0 0 0 0 0 0 0 0 0 0 0 0 0 0 0 0 0 0 0 0 0 0 0 0 0 0 0 0 0 0 0 0 0 0 0 0 1.82235e-05 3.79668e-05 7.30757e-05 0.000129926 0.000213447 0.000324187 0.000458572 0.000600906 0.000732266 0.000834535 0.000894538 0.00090841 0.000880882 0.000823836 0.000747169 0.000658182 0.000560774 0.00045819 0.000355488 0.000259679 0.000172094 0.000110264 6.53261e-05 0 0 0 0 0 0 0 0 0 0 0 0 0 0 0 0 0 0 0 0 0 0 0 0 0 0 0 0 0 0 0 0 0 0 0 0 0 0 0 0 0 0 0 0 0 0 0 0 0 0 0 0 0 0 0 0 0 0 0 0 0 0 0
0 0 0 0 0 0 0 0 0 0 0 0 0 0 0 0 0 0 0 0 0 0 0 0 0 0 0 0 0 0 0 0 0 0 0 0 0 0 0 0 0 0 0 0 0 0 0 0 0 0 0 0 0 0 0 0 0 0 0 0 0 0 0 0 0 1.47602e-05 2.84151e-05 5.05336e-05 8.29863e-05 0.000125918 0.000176689 0.000232216 0.00028207 0.000320153 0.0003412 0.000345062 0.000333114 0.000310045 0.000280066 0.000245899 0.000208913 0.000170232 0.000131782 9.12605e-05 6.31489e-05 0 0 0 0 0 0 0 0 0 0 0 0 0 0 0 0 0 0 0 0 0 0 0 0 0 0 0 0 0 0 0 0 0 0 0 0 0 0 0 0 0 0 0 0 0 0 0 0 0 0 0 0 0 0 0 0 0 0 0 0 0 0 0 0 0
0 0 0 0 0 0 0 0 0 0 0 0 0 0 0 0 0 0 0 0 0 0 0 0 0 0 0 0 0 0 0 0 0 0 0 0 0 0 0 0 0 0 0 0 0 0 0 0 0 0 0 0 0 0 0 0 0 0 0 0 0 0 0 0 0 0 1.02022e-05 1.81413e-05 2.97765e-05 4.5137e-05 6.32367e-05 8.18345e-05 0.000100413 0.000113615 0.000120728 0.00012142 0.000116664 0.000108101 9.72527e-05 8.50699e-05 7.20192e-05 5.84989e-05 4.51449e-05 3.08543e-05 0 0 0 0 0 0 0 0 0 0 0 0 0 0 0 0 0 0 0 0 0 0 0 0 0 0 0 0 0 0 0 0 0 0 0 0 0 0 0 0 0 0 0 0 0 0 0 0 0 0 0 0 0 0 0 0 0 0 0 0 0 0 0 0 0 0
0 0 0 0 0 0 0 0 0 0 0 0 0 0 0 0 0 0 0 0 0 0 0 0 0 0 0 0 0 0 0 0 0 0 0 0 0 0 0 0 0 0 0 0 0 0 0 0 0 0 0 0 0 0 0 0 0 0 0 0 0 0 0 0 0 0 0 5.94162e-06 9.83267e-06 1.48999e-05 2.0855e-05 2.69865e-05 3.23242e-05 3.7309e-05 3.95087e-05 3.95814e-05 3.78751e-05 3.49498e-05 3.13123e-05 2.72741e-05 2.29902e-05 1.60851e-05 0 0 0 0 0 0 0 0 0 0 0 0 0 0 0 0 0 0 0 0 0 0 0 0 0 0 0 0 0 0 0 0 0 0 0 0 0 0 0 0 0 0 0 0 0 0 0 0 0 0 0 0 0 0 0 0 0 0 0 0 0 0 0 0 0 0 0 0
0 0 0 0 0 0 0 0 0 0 0 0 0 0 0 0 0 0 0 0 0 0 0 0 0 0 0 0 0 0 0 0 0 0 0 0 0 0 0 0 0 0 0 0 0 0 0 0 0 0 0 0 0 0 0 0 0 0 0 0 0 0 0 0 0 0 0 0 0 4.48563e-06 6.23229e-06 7.98028e-06 9.81154e-06 1.08588e-05 1.19537e-05 1.19393e-05 1.13869e-05 1.04699e-05 6.96775e-06 5.51506e-06 0 0 0 0 0 0 0 0 0 0 0 0 0 0 0 0 0 0 0 0 0 0 0 0 0 0 0 0 0 0 0 0 0 0 0 0 0 0 0 0 0 0 0 0 0 0 0 0 0 0 0 0 0 0 0 0 0 0 0 0 0 0 0 0 0 0 0 0 0 0
0 0 0 0 0 0 0 0 0 0 0 0 0 0 0 0 0 0 0 0 0 0 0 0 0 0 0 0 0 0 0 0 0 0 0 0 0 0 0 0 0 0 0 0 0 0 0 0 0 0 0 0 0 0 0 0 0 0 0 0 0 0 0 0 0 0 0 0 0 0 0 2.25154e-06 2.65706e-06 2.8898e-06 2.89653e-06 2.67568e-06 2.76794e-06 2.41191e-06 0 0 0 0 0 0 0 0 0 0 0 0 0 0 0 0 0 0 0 0 0 0 0 0 0 0 0 0 0 0 0 0 0 0 0 0 0 0 0 0 0 0 0 0 0 0 0 0 0 0 0 0 0 0 0 0 0 0 0 0 0 0 0 0 0 0 0 0 0 0 0 0
0 0 0 0 0 0 0 0 0 0 0 0 0 0 0 0 0 0 0 0 0 0 0 0 0 0 0 0 0 0 0 0 0 0 0 0 0 0 0 0 0 0 0 0 0 0 0 0 0 0 0 0 0 0 0 0 0 0 0 0 0 0 0 0 0 0 0 0 0 0 0 0 0 0 7.53171e-07 6.95747e-07 0 0 0 0 0 0 0 0 0 0 0 0 0 0 0 0 0 0 0 0 0 0 0 0 0 0 0 0 0 0 0 0 0 0 0 0 0 0 0 0 0 0 0 0 0 0 0 0 0 0 0 0 0 0 0 0 0 0 0 0 0 0 0 0 0 0 0 0 0 0 0 0 0 0
0 0 0 0 0 0 0 0 0 0 0 0 0 0 0 0 0 0 0 0 0 0 0 0 0 0 0 0 0 0 0 0 0 0 0 0 0 0 0 0 0 0 0 0 0 0 0 0 0 0 0 0 0 0 0 0 0 0 0 0 0 0 0 0 0 0 0 0 0 0 0 0 0 0 0 0 0 0 0 0 0 0 0 0 0 0 0 0 0 0 0 0 0 0 0 0 0 0 0 0 0 0 0 0 0 0 0 0 0 0 0 0 0 0 0 0 0 0 0 0 0 0 0 0 0 0 0 0 0 0 0 0 0 0 0 0 0 0 0 0 0 0 0 0 0 0 0 0 0 0
0 0 0 0 0 0 0 0 0 0 0 0 0 0 0 0 0 0 0 0 0 0 0 0 0 0 0 0 0 0 0 0 0 0 0 0 0 0 0 0 0 0 0 0 0 0 0 0 0 0 0 0 0 0 0 0 0 0 0 0 0 0 0 0 0 0 0 0 0 0 0 0 0 0 0 0 0 0 0 0 0 0 0 0 0 0 0 0 0 0 0 0 0 0 0 0 0 0 0 0 0 0 0 0 0 0 0 0 0 0 0 0 0 0 0 0 0 0 0 0 0 0 0 0 0 0 0 0 0 0 0 0 0 0 0 0 0 0 0 0 0 0 0 0 0 0 0 0 0 0
0 0 0 0 0 0 0 0 0 0 0 0 0 0 0 0 0 0 0 0 0 0 0 0 0 0 0 0 0 0 0 0 0 0 0 0 0 0 0 0 0 0 0 0 0 0 0 0 0 0 0 0 0 0 0 0 0 0 0 0 0 0 0 0 0 0 0 0 0 0 0 0 0 0 0 0 0 0 0 0 0 0 0 0 0 0 0 0 0 0 0 0 0 0 0 0 0 0 0 0 0 0 0 0 0 0 0 0 0 0 0 0 0 0 0 0 0 0 0 0 0 0 0 0 0 0 0 0 0 0 0 0 0 0 0 0 0 0 0 0 0 0 0 0 0 0 0 0 0 0
0 0 0 0 0 0 0 0 0 0 0 0 0 0 0 0 0 0 0 0 0 0 0 0 0 0 0 0 0 0 0 0 0 0 0 0 0 0 0 0 0 0 0 0 0 0 0 0 0 0 0 0 0 0 0 0 0 0 0 0 0 0 0 0 0 0 0 0 0 0 0 0 0 0 0 0 0 0 0 0 0 0 0 0 0 0 0 0 0 0 0 0 0 0 0 0 0 0 0 0 0 0 0 0 0 0 0 0 0 0 0 0 0 0 0 0 0 0 0 0 0 0 0 0 0 0 0 0 0 0 0 0 0 0 0 0 0 0 0 0 0 0 0 0 0 0 0 0 0 0
0 0 0 0 0 0 0 0 0 0 0 0 0 0 0 0 0 0 0 0 0 0 0 0 0 0 0 0 0 0 0 0 0 0 0 0 0 0 0 0 0 0 0 0 0 0 0 0 0 0 0 0 0 0 0 0 0 0 0 0 0 0 0 0 0 0 0 0 0 0 0 0 0 0 0 0 0 0 0 0 0 0 0 0 0 0 0 0 0 0 0 0 0 0 0 0 0 0 0 0 0 0 0 0 0 0 0 0 0 0 0 0 0 0 0 0 0 0 0 0 0 0 0 0 0 0 0 0 0 0 0 0 0 0 0 0 0 0 0 0 0 0 0 0 0 0 0 0 0 0
0 0 0 0 0 0 0 0 0 0 0 0 0 0 0 0 0 0 0 0 0 0 0 0 0 0 0 0 0 0 0 0 0 0 0 0 0 0 0 0 0 0 0 0 0 0 0 0 0 0 0 0 0 0 0 0 0 0 0 0 0 0 0 0 0 0 0 0 0 0 0 0 0 0 0 0 0 0 0 0 0 0 0 0 0 0 0 0 0 0 0 0 0 0 0 0 0 0 0 0 0 0 0 0 0 0 0 0 0 0 0 0 0 0 0 0 0 0 0 0 0 0 0 0 0 0 0 0 0 0 0 0 0 0 0 0 0 0 0 0 0 0 0 0 0 0 0 0 0 0
0 0 0 0 0 0 0 0 0 0 0 0 0 0 0 0 0 0 0 0 0 0 0 0 0 0 0 0 0 0 0 0 0 0 0 0 0 0 0 0 0 0 0 0 0 0 0 0 0 0 0 0 0 0 0 0 0 0 0 0 0 0 0 0 0 0 0 0 0 0 0 0 0 0 0 0 0 0 0 0 0 0 0 0 0 0 0 0 0 0 0 0 0 0 0 0 0 0 0 0 0 0 0 0 0 0 0 0 0 0 0 0 0 0 0 0 0 0 0 0 0 0 0 0 0 0 0 0 0 0 0 0 0 0 0 0 0 0 0 0 0 0 0 0 0 0 0 0 0 0
0 0 0 0 0 0 0 0 0 0 0 0 0 0 0 0 0 0 0 0 0 0 0 0 0 0 0 0 0 0 0 0 0 0 0 0 0 0 0 0 0 0 0 0 0 0 0 0 0 0 0 0 0 0 0 0 0 0 0 0 0 0 0 0 0 0 0 0 0 0 0 0 0 0 0 0 0 0 0 0 0 0 0 0 0 0 0 0 0 0 0 0 0 0 0 0 0 0 0 0 0 0 0 0 0 0 0 0 0 0 0 0 0 0 0 0 0 0 0 0 0 0 0 0 0 0 0 0 0 0 0 0 0 0 0 0 0 0 0 0 0 0 0 0 0 0 0 0 0 0
0 0 0 0 0 0 0 0 0 0 0 0 0 0 0 0 0 0 0 0 0 0 0 0 0 0 0 0 0 0 0 0 0 0 0 0 0 0 0 0 0 0 0 0 0 0 0 0 0 0 0 0 0 0 0 0 0 0 0 0 0 0 0 0 0 0 0 0 0 0 0 0 0 0 0 0 0 0 0 0 0 0 0 0 0 0 0 0 0 0 0 0 0 0 0 0 0 0 0 0 0 0 0 0 0 0 0 0 0 0 0 0 0 0 0 0 0 0 0 0 0 0 0 0 0 0 0 0 0 0 0 0 0 0 0 0 0 0 0 0 0 0 0 0 0 0 0 0 0 0
0 0 0 0 0 0 0 0 0 0 0 0 0 0 0 0 0 0 0 0 0 0 0 0 0 0 0 0 0 0 0 0 0 0 0 0 0 0 0 0 0 0 0 0 0 0 0 0 0 0 0 0 0 0 0 0 0 0 0 0 0 0 0 0 0 0 0 0 0 0 0 0 0 0 0 0 0 0 0 0 0 0 0 0 0 0 0 0 0 0 0 0 0 0 0 0 0 0 0 0 0 0 0 0 0 0 0 0 0 0 0 0 0 0 0 0 0 0 0 0 0 0 0 0 0 0 0 0 0 0 0 0 0 0 0 0 0 0 0 0 0 0 0 0 0 0 0 0 0 0
0 0 0 0 0 0 0 0 0 0 0 0 0 0 0 0 0 0 0 0 0 0 0 0 0 0 0 0 0 0 0 0 0 0 0 0 0 0 0 0 0 0 0 0 0 0 0 0 0 0 0 0 0 0 0 0 0 0 0 0 0 0 0 0 0 0 0 0 0 0 0 0 0 0 0 0 0 0 0 0 0 0 0 0 0 0 0 0 0 0 0 0 0 0 0 0 0 0 0 0 0 0 0 0 0 0 0 0 0 0 0 0 0 0 0 0 0 0 0 0 0 0 0 0 0 0 0 0 0 0 0 0 0 0 0 0 0 0 0 0 0 0 0 0 0 0 0 0 0 0
0 0 0 0 0 0 0 0 0 0 0 0 0 0 0 0 0 0 0 0 0 0 0 0 0 0 0 0 0 0 0 0 0 0 0 0 0 0 0 0 0 0 0 0 0 0 0 0 0 0 0 0 0 0 0 0 0 0 0 0 0 0 0 0 0 0 0 0 0 0 0 0 0 0 0 0 0 0 0 0 0 0 0 0 0 0 0 0 0 0 0 0 0 0 0 0 0 0 0 0 0 0 0 0 0 0 0 0 0 0 0 0 0 0 0 0 0 0 0 0 0 0 0 0 0 0 0 0 0 0 0 0 0 0 0 0 0 0 0 0 0 0 0 0 0 0 0 0 0 0
0 0 0 0 0 0 0 0 0 0 0 0 0 0 0 0 0 0 0 0 0 0 0 0 0 0 0 0 0 0 0 0 0 0 0 0 0 0 0 0 0 0 0 0 0 0 0 0 0 0 0 0 0 0 0 0 0 0 0 0 0 0 0 0 0 0 0 0 0 0 0 0 0 0 0 0 0 0 0 0 0 0 0 0 0 0 0 0 0 0 0 0 0 0 0 0 0 0 0 0 0 0 0 0 0 0 0 0 0 0 0 0 0 0 0 0 0 0 0 0 0 0 0 0 0 0 0 0 0 0 0 0 0 0 0 0 0 0 0 0 0 0 0 0 0 0 0 0 0 0
0 0 0 0 0 0 0 0 0 0 0 0 0 0 0 0 0 0 0 0 0 0 0 0 0 0 0 0 0 0 0 0 0 0 0 0 0 0 0 0 0 0 0 0 0 0 0 0 0 0 0 0 0 0 0 0 0 0 0 0 0 0 0 0 0 0 0 0 0 0 0 0 0 0 0 0 0 0 0 0 0 0 0 0 0 0 0 0 0 0 0 0 0 0 0 0 0 0 0 0 0 0 0 0 0 0 0 0 0 0 0 0 0 0 0 0 0 0 0 0 0 0 0 0 0 0 0 0 0 0 0 0 0 0 0 0 0 0 0 0 0 0 0 0 0 0 0 0 0 0
0 0 0 0 0 0 0 0 0 0 0 0 0 0 0 0 0 0 0 0 0 0 0 0 0 0 0 0 0 0 0 0 0 0 0 0 0 0 0 0 0 0 0 0 0 0 0 0 0 0 0 0 0 0 0 0 0 0 0 0 0 0 0 0 0 0 0 0 0 0 0 0 0 0 0 0 0 0 0 0 0 0 0 0 0 0 0 0 0 0 0 0 0 0 0 0 0 0 0 0 0 0 0 0 0 0 0 0 0 0 0 0 0 0 0 0 0 0 0 0 0 0 0 0 0 0 0 0 0 0 0 0 0 0 0 0 0 0 0 0 0 0 0 0 0 0 0 0 0 0
0 0 0 0 0 0 0 0 0 0 0 0 0 0 0 0 0 0 0 0 0 0 0 0 0 0 0 0 0 0 0 0 0 0 0 0 0 0 0 0 0 0 0 0 0 0 0 0 0 0 0 0 0 0 0 0 0 0 0 0 0 0 0 0 0 0 0 0 0 0 0 0 0 0 0 0 0 0 0 0 0 0 0 0 0 0 0 0 0 0 0 0 0 0 0 0 0 0 0 0 0 0 0 0 0 0 0 0 0 0 0 0 0 0 0 0 0 0 0 0 0 0 0 0 0 0 0 0 0 0 0 0 0 0 0 0 0 0 0 0 0 0 0 0 0 0 0 0 0 0
0 0 0 0 0 0 0 0 0 0 0 0 0 0 0 0 0 0 0 0 0 0 0 0 0 0 0 0 0 0 0 0 0 0 0 0 0 0 0 0 0 0 0 0 0 0 0 0 0 0 0 0 0 0 0 0 0 0 0 0 0 0 0 0 0 0 0 0 0 0 0 0 0 0 0 0 0 0 0 0 0 0 0 0 0 0 0 0 0 0 0 0 0 0 0 0 0 0 0 0 0 0 0 0 0 0 0 0 0 0 0 0 0 0 0 0 0 0 0 0 0 0 0 0 0 0 0 0 0 0 0 0 0 0 0 0 0 0 0 0 0 0 0 0 0 0 0 0 0 0
0 0 0 0 0 0 0 0 0 0 0 0 0 0 0 0 0 0 0 0 0 0 0 0 0 0 0 0 0 0 0 0 0 0 0 0 0 0 0 0 0 0 0 0 0 0 0 0 0 0 0 0 0 0 0 0 0 0 0 0 0 0 0 0 0 0 0 0 0 0 0 0 0 0 0 0 0 0 0 0 0 0 0 0 0 0 0 0 0 0 0 0 0 0 0 0 0 0 0 0 0 0 0 0 0 0 0 0 0 0 0 0 0 0 0 0 0 0 0 0 0 0 0 0 0 0 0 0 0 0 0 0 0 0 0 0 0 0 0 0 0 0 0 0 0 0 0 0 0 0
0 0 0 0 0 0 0 0 0 0 0 0 0 0 0 0 0 0 0 0 0 0 0 0 0 0 0 0 0 0 0 0 0 0 0 0 0 0 0 0 0 0 0 0 0 0 0 0 0 0 0 0 0 0 0 0 0 0 0 0 0 0 0 0 0 0 0 0 0 0 0 0 0 0 0 0 0 0 0 0 0 0 0 0 0 0 0 0 0 0 0 0 0 0 0 0 0 0 0 0 0 0 0 0 0 0 0 0 0 0 0 0 0 0 0 0 0 0 0 0 0 0 0 0 0 0 0 0 0 0 0 0 0 0 0 0 0 0 0 0 0 0 0 0 0 0 0 0 0 0
0 0 0 0 0 0 0 0 0 0 0 0 0 0 0 0 0 0 0 0 0 0 0 0 0 0 0 0 0 0 0 0 0 0 0 0 0 0 0 0 0 0 0 0 0 0 0 0 0 0 0 0 0 0 0 0 0 0 0 0 0 0 0 0 0 0 0 0 0 0 0 0 0 0 0 0 0 0 0 0 0 0 0 0 0 0 0 0 0 0 0 0 0 0 0 0 0 0 0 0 0 0 0 0 0 0 0 0 0 0 0 0 0 0 0 0 0 0 0 0 0 0 0 0 0 0 0 0 0 0 0 0 0 0 0 0 0 0 0 0 0 0 0 0 0 0 0 0 0 0
0 0 0 0 0 0 0 0 0 0 0 0 0 0 0 0 0 0 0 0 0 0 0 0 0 0 0 0 0 0 0 0 0 0 0 0 0 0 0 0 0 0 0 0 0 0 0 0 0 0 0 0 0 0 0 0 0 0 0 0 0 0 0 0 0 0 0 0 0 0 0 0 0 0 0 0 0 0 0 0 0 0 0 0 0 0 0 0 0 0 0 0 0 0 0 0 0 0 0 0 0 0 0 0 0 0 0 0 0 0 0 0 0 0 0 0 0 0 0 0 0 0 0 0 0 0 0 0 0 0 0 0 0 0 0 0 0 0 0 0 0 0 0 0 0 0 0 0 0 0
0 0 0 0 0 0 0 0 0 0 0 0 0 0 0 0 0 0 0 0 0 0 0 0 0 0 0 0 0 0 0 0 0 0 0 0 0 0 0 0 0 0 0 0 0 0 0 0 0 0 0 0 0 0 0 0 0 0 0 0 0 0 0 0 0 0 0 0 0 0 0 0 0 0 0 0 0 0 0 0 0 0 0 0 0 0 0 0 0 0 0 0 0 0 0 0 0 0 0 0 0 0 0 0 0 0 0 0 0 0 0 0 0 0 0 0 0 0 0 0 0 0 0 0 0 0 0 0 0 0 0 0 0 0 0 0 0 0 0 0 0 0 0 0 0 0 0 0 0 0
0 0 0 0 0 0 0 0 0 0 0 0 0 0 0 0 0 0 0 0 0 0 0 0 0 0 0 0 0 0 0 0 0 0 0 0 0 0 0 0 0 0 0 0 0 0 0 0 0 0 0 0 0 0 0 0 0 0 0 0 0 0 0 0 0 0 0 0 0 0 0 0 0 0 0 0 0 0 0 0 0 0 0 0 0 0 0 0 0 0 0 0 0 0 0 0 0 0 0 0 0 0 0 0 0 0 0 0 0 0 0 0 0 0 0 0 0 0 0 0 0 0 0 0 0 0 0 0 0 0 0 0 0 0 0 0 0 0 0 0 0 0 0 0 0 0 0 0 0 0
0 0 0 0 0 0 0 0 0 0 0 0 0 0 0 0 0 0 0 0 0 0 0 0 0 0 0 0 0 0 0 0 0 0 0 0 0 0 0 0 0 0 0 0 0 0 0 0 0 0 0 0 0 0 0 0 0 0 0 0 0 0 0 0 0 0 0 0 0 0 0 0 0 0 0 0 0 0 0 0 0 0 0 0 0 0 0 0 0 0 0 0 0 0 0 0 0 0 0 0 0 0 0 0 0 0 0 0 0 0 0 0 0 0 0 0 0 0 0 0 0 0 0 0 0 0 0 0 0 0 0 0 0 0 0 0 0 0 0 0 0 0 0 0 0 0 0 0 0 0
0 0 0 0 0 0 0 0 0 0 0 0 0 0 0 0 0 0 0 0 0 0 0 0 0 0 0 0 0 0 0 0 0 0 0 0 0 0 0 0 0 0 0 0 0 0 0 0 0 0 0 0 0 0 0 0 0 0 0 0 0 0 0 0 0 0 0 0 0 0 0 0 0 0 0 0 0 0 0 0 0 0 0 0 0 0 0 0 0 0 0 0 0 0 0 0 0 0 0 0 0 0 0 0 0 0 0 0 0 0 0 0 0 0 0 0 0 0 0 0 0 0 0 0 0 0 0 0 0 0 0 0 0 0 0 0 0 0 0 0 0 0 0 0 0 0 0 0 0 0
0 0 0 0 0 0 0 0 0 0 0 0 0 0 0 0 0 0 0 0 0 0 0 0 0 0 0 0 0 0 0 0 0 0 0 0 0 0 0 0 0 0 0 0 0 0 0 0 0 0 0 0 0 0 0 0 0 0 0 0 0 0 0 0 0 0 0 0 0 0 0 0 0 0 0 0 0 0 0 0 0 0 0 0 0 0 0 0 0 0 0 0 0 0 0 0 0 0 0 0 0 0 0 0 0 0 0 0 0 0 0 0 0 0 0 0 0 0 0 0 0 0 0 0 0 0 0 0 0 0 0 0 0 0 0 0 0 0 0 0 0 0 0 0 0 0 0 0 0 0
0 0 0 0 0 0 0 0 0 0 0 0 0 0 0 0 0 0 0 0 0 0 0 0 0 0 0 0 0 0 0 0 0 0 0 0 0 0 0 0 0 0 0 0 0 0 0 0 0 0 0 0 0 0 0 0 0 0 0 0 0 0 0 0 0 0 0 0 0 0 0 0 0 0 0 0 0 0 0 0 0 0 0 0 0 0 0 0 0 0 0 0 0 0 0 0 0 0 0 0 0 0 0 0 0 0 0 0 0 0 0 0 0 0 0 0 0 0 0 0 0 0 0 0 0 0 0 0 0 0 0 0 0 0 0 0 0 0 0 0 0 0 0 0 0 0 0 0 0 0
0 0 0 0 0 0 0 0 0 0 0 0 0 0 0 0 0 0 0 0 0 0 0 0 0 0 0 0 0 0 0 0 0 0 0 0 0 0 0 0 0 0 0 0 0 0 0 0 0 0 0 0 0 0 0 0 0 0 0 0 0 0 0 0 0 0 0 0 0 0 0 0 0 0 0 0 0 0 0 0 0 0 0 0 0 0 0 0 0 0 0 0 0 0 0 0 0 0 0 0 0 0 0 0 0 0 0 0 0 0 0 0 0 0 0 0 0 0 0 0 0 0 0 0 0 0 0 0 0 0 0 0 0 0 0 0 0 0 0 0 0 0 0 0 0 0 0 0 0 0
0 0 0 0 0 0 0 0 0 0 0 0 0 0 0 0 0 0 0 0 0 0 0 0 0 0 0 0 0 0 0 0 0 0 0 0 0 0 0 0 0 0 0 0 0 0 0 0 0 0 0 0 0 0 0 0 0 0 0 0 0 0 0 0 0 0 0 0 0 0 0 0 0 0 0 0 0 0 0 0 0 0 0 0 0 0 0 0 0 0 0 0 0 0 0 0 0 0 0 0 0 0 0 0 0 0 0 0 0 0 0 0 0 0 0 0 0 0 0 0 0 0 0 0 0 0 0 0 0 0 0 0 0 0 0 0 0 0 0 0 0 0 0 0 0 0 0 0 0 0
0 0 0 0 0 0 0 0 0 0 0 0 0 0 0 0 0 0 0 0 0 0 0 0 0 0 0 0 0 0 0 0 0 0 0 0 0 0 0 0 0 0 0 0 0 0 0 0 0 0 0 0 0 0 0 0 0 0 0 0 0 0 0 0 0 0 0 0 0 0 0 0 0 0 0 0 0 0 0 0 0 0 0 0 0 0 0 0 0 0 0 0 0 0 0 0 0 0 0 0 0 0 0 0 0 0 0 0 0 0 0 0 0 0 0 0 0 0 0 0 0 0 0 0 0 0 0 0 0 0 0 0 0 0 0 0 0 0 0 0 0 0 0 0 0 0 0 0 0 0
0 0 0 0 0 0 0 0 0 0 0 0 0 0 0 0 0 0 0 0 0 0 0 0 0 0 0 0 0 0 0 0 0 0 0 0 0 0 0 0 0 0 0 0 0 0 0 0 0 0 0 0 0 0 0 0 0 0 0 0 0 0 0 0 0 0 0 0 0 0 0 0 0 0 0 0 0 0 0 0 0 0 0 0 0 0 0 0 0 0 0 0 0 0 0 0 0 0 0 0 0 0 0 0 0 0 0 0 0 0 0 0 0 0 0 0 0 0 0 0 0 0 0 0 0 0 0 0 0 0 0 0 0 0 0 0 0 0 0 0 0 0 0 0 0 0 0 0 0 0
