0 0 0 0 0 0 0 0 0 0 0 0 0 0 0 0 0 0 0 0 0 0 0 0 0 0 0 0 0 0 0 0 0 0 0 0 0 0 0 0 0 0 0 0 0 0 0 0 0 0 0 0 0 0 0 0 0 0 0 0 0 0 0 0 0 0 0 0 0 0 0 0 0 0 0 0 0 0 0 0 0 0 0 0 0 0 0 0 0 0 0 0 0 0 0 0 0 0 0 0 0 0 0 0 0 0 0 0 0 0 0 0 0 0 0 0 0 0 0 0 0 0 0 0 0 0 0 0 0 0 0 0 0 0 0 0 0 0 0 0 0 0 0 0 0 0 0 0 0 0
0 0 0 0 0 0 0 0 0 0 0 0 0 0 0 0 0 0 0 0 0 0 0 0 0 0 0 0 0 0 0 0 0 0 0 0 0 0 0 0 0 0 0 0 0 0 0 0 0 0 0 0 0 0 0 0 0 0 0 0 0 0 0 0 0 0 0 0 0 0 0 0 0 0 0 0 0 0 0 0 0 0 0 0 0 0 0 0 0 0 0 0 0 0 0 0 0 0 0 0 0 0 0 0 0 0 0 0 0 0 0 0 0 0 0 0 0 0 0 0 0 0 0 0 0 0 0 0 0 0 0 0 0 0 0 0 0 0 0 0 0 0 0 0 0 0 0 0 0 0
0 0 0 0 0 0 0 0 0 0 0 0 0 0 0 0 0 0 0 0 0 0 0 0 0 0 0 0 0 0 0 0 0 0 0 0 0 0 0 0 0 0 0 0 0 0 0 0 0 0 0 0 0 0 0 0 0 0 0 0 0 0 0 0 0 0 0 0 0 0 0 0 0 0 0 0 0 0 0 0 0 0 0 0 0 0 0 0 0 0 0 0 0 0 0 0 0 0 0 0 0 0 0 0 0 0 0 0 0 0 0 0 0 0 0 0 0 0 0 0 0 0 0 0 0 0 0 0 0 0 0 0 0 0 0 0 0 0 0 0 0 0 0 0 0 0 0 0 0 0
0 0 0 0 0 0 0 0 0 0 0 0 0 0 0 0 0 0 0 0 0 0 0 0 0 0 0 0 0 0 0 0 0 0 0 0 0 0 0 0 0 0 0 0 0 0 0 0 0 0 0 0 0 0 0 0 0 0 0 0 0 0 0 0 0 0 0 0 0 0 0 0 0 0 0 0 0 0 0 0 0 0 0 0 0 0 0 0 0 0 0 0 0 0 0 0 0 0 0 0 0 0 0 0 0 0 0 0 0 0 0 0 0 0 0 0 0 0 0 0 0 0 0 0 0 0 0 0 0 0 0 0 0 0 0 0 0 0 0 0 0 0 0 0 0 0 0 0 0 0
0 0 0 0 0 0 0 0 0 0 0 0 0 0 0 0 0 0 0 0 0 0 0 0 0 0 0 0 0 0 0 0 0 0 0 0 0 0 0 0 0 0 0 0 0 0 0 0 0 0 0 0 0 0 0 0 0 0 0 0 0 0 0 0 0 0 0 0 0 0 0 0 0 0 0 0 0 0 0 0 0 0 0 0 0 0 0 0 0 0 0 0 0 0 0 0 0 0 0 0 0 0 0 0 0 0 0 0 0 0 0 0 0 0 0 0 0 0 0 0 0 0 0 0 0 0 0 0 0 0 0 0 0 0 0 0 0 0 0 0 0 0 0 0 0 0 0 0 0 0
0 0 0 0 0 0 0 0 0 0 0 0 0 0 0 0 0 0 0 0 0 0 0 0 0 0 0 0 0 0 0 0 0 0 0 0 0 0 0 0 0 0 0 0 0 0 0 0 0 0 0 0 0 0 0 0 0 0 0 0 0 0 0 0 0 0 0 0 0 0 0 0 0 0 0 0 0 0 0 0 0 0 0 0 0 0 0 0 0 0 0 0 0 0 0 0 0 0 0 0 0 0 0 0 0 0 0 0 0 0 0 0 0 0 0 0 0 0 0 0 0 0 0 0 0 0 0 0 0 0 0 0 0 0 0 0 0 0 0 0 0 0 0 0 0 0 0 0 0 0
0 0 0 0 0 0 0 0 0 0 0 0 0 0 0 0 0 0 0 0 0 0 0 0 0 0 0 0 0 0 0 0 0 0 0 0 0 0 0 0 0 0 0 0 0 0 0 0 0 0 0 0 0 0 0 0 0 0 0 0 0 0 0 0 0 0 0 0 0 0 0 0 0 0 0 0 0 0 0 0 0 0 0 0 0 0 0 0 0 0 0 0 0 0 0 0 0 0 0 0 0 0 0 0 0 0 0 0 0 0 0 0 0 0 0 0 0 0 0 0 0 0 0 0 0 0 0 0 0 0 0 0 0 0 0 0 0 0 0 0 0 0 0 0 0 0 0 0 0 0
0 0 0 0 0 0 0 0 0 0 0 0 0 0 0 0 0 0 0 0 0 0 0 0 0 0 0 0 0 0 0 0 0 0 0 0 0 0 0 0 0 0 0 0 0 0 0 0 0 0 0 0 0 0 0 0 0 0 0 0 0 0 0 0 0 0 0 0 0 0 0 0 0 0 0 0 0 0 0 0 0 0 0 0 0 0 0 0 0 0 0 0 0 0 0 0 0 0 0 0 0 0 0 0 0 0 0 0 0 0 0 0 0 0 0 0 0 0 0 0 0 0 0 0 0 0 0 0 0 0 0 0 0 0 0 0 0 0 0 0 0 0 0 0 0 0 0 0 0 0
0 0 0 0 0 0 0 0 0 0 0 0 0 0 0 0 0 0 0 0 0 0 0 0 0 0 0 0 0 0 0 0 0 0 0 0 0 0 0 0 0 0 0 0 0 0 0 0 0 0 0 0 0 0 0 0 0 0 0 0 0 0 0 0 0 0 0 0 0 0 0 0 0 0 0 0 0 0 0 0 0 0 0 0 0 0 0 0 0 0 0 0 0 0 0 0 0 0 0 0 0 0 0 0 0 0 0 0 0 0 0 0 0 0 0 0 0 0 0 0 0 0 0 0 0 0 0 0 0 0 0 0 0 0 0 0 0 0 0 0 0 0 0 0 0 0 0 0 0 0
0 0 0 0 0 0 0 0 0 0 0 0 0 0 0 0 0 0 0 0 0 0 0 0 0 0 0 0 0 0 0 0 0 0 0 0 0 0 0 0 0 0 0 0 0 0 0 0 0 0 0 0 0 0 0 0 0 0 0 0 0 0 0 0 0 0 0 0 0 0 0 0 0 0 0 0 0 0 0 0 0 0 0 0 0 0 0 0 0 0 0 0 0 0 0 0 0 0 0 0 0 0 0 0 0 0 0 0 0 0 0 0 0 0 0 0 0 0 0 0 0 0 0 0 0 0 0 0 0 0 0 0 0 0 0 0 0 0 0 0 0 0 0 0 0 0 0 0 0 0
0 0 0 0 0 0 0 0 0 0 0 0 0 0 0 0 0 0 0 0 0 0 0 0 0 0 0 0 0 0 0 0 0 0 0 0 0 0 0 0 0 0 0 0 0 0 0 0 0 0 0 0 0 0 0 0 0 0 0 0 0 0 0 0 0 0 0 0 0 0 0 0 0 0 0 0 0 0 0 0 0 0 0 0 0 0 0 0 0 0 0 0 0 0 0 0 0 0 0 0 0 0 0 0 0 0 0 0 0 0 0 0 0 0 0 0 0 0 0 0 0 0 0 0 0 0 0 0 0 0 0 0 0 0 0 0 0 0 0 0 0 0 0 0 0 0 0 0 0 0
0 0 0 0 0 0 0 0 0 0 0 0 0 0 0 0 0 0 0 0 0 0 0 0 0 0 0 0 0 0 0 0 0 0 0 0 0 0 0 0 0 0 0 0 0 0 0 0 0 0 0 0 0 0 0 0 0 0 0 0 0 0 0 0 0 0 0 0 0 0 0 0 0 0 0 0 0 0 0 0 0 0 0 0 0 0 0 0 0 0 0 0 0 0 0 0 0 0 0 0 0 0 0 0 0 0 0 0 0 0 0 0 0 0 0 0 0 0 0 0 0 0 0 0 0 0 0 0 0 0 0 0 0 0 0 0 0 0 0 0 0 0 0 0 0 0 0 0 0 0
0 0 0 0 0 0 0 0 0 0 0 0 0 0 0 0 0 0 0 0 0 0 0 0 0 0 0 0 0 0 0 0 0 0 0 0 0 0 0 0 0 0 0 0 0 0 0 0 0 0 0 0 0 0 0 0 0 0 0 0 0 0 0 0 0 0 0 0 0 0 0 0 0 0 0 0 0 0 0 0 0 0 0 0 0 0 0 0 0 0 0 0 0 0 0 0 0 0 0 0 0 0 0 0 0 0 0 0 0 0 0 0 0 0 0 0 0 0 0 0 0 0 0 0 0 0 0 0 0 0 0 0 0 0 0 0 0 0 0 0 0 0 0 0 0 0 0 0 0 0
0 0 0 0 0 0 0 0 0 0 0 0 0 0 0 0 0 0 0 0 0 0 0 0 0 0 0 0 0 0 0 0 0 0 0 0 0 0 0 0 0 0 0 0 0 0 0 0 0 0 0 0 0 0 0 0 0 0 0 0 0 0 0 0 0 0 0 0 0 0 0 0 0 0 0 0 0 0 0 0 0 0 0 0 0 0 0 0 0 0 0 0 0 0 0 0 0 0 0 0 0 0 0 0 0 0 0 0 0 0 0 0 0 0 0 0 0 0 0 0 0 0 0 0 0 0 0 0 0 0 0 0 0 0 0 0 0 0 0 0 0 0 0 0 0 0 0 0 0 0
0 0 0 0 0 0 0 0 0 0 0 0 0 0 0 0 0 0 0 0 0 0 0 0 0 0 0 0 0 0 0 0 0 0 0 0 0 0 0 0 0 0 0 0 0 0 0 0 0 0 0 0 0 0 0 0 0 0 0 0 0 0 0 0 0 0 0 0 0 0 0 0 0 0 0 0 0 0 0 0 0 0 0 0 0 0 0 0 0 0 0 0 0 0 0 0 0 0 0 0 0 0 0 0 0 0 0 0 0 0 0 0 0 0 0 0 0 0 0 0 0 0 0 0 0 0 0 0 0 0 0 0 0 0 0 0 0 0 0 0 0 0 0 0 0 0 0 0 0 0
0 0 0 0 0 0 0 0 0 0 0 0 0 0 0 0 0 0 0 0 0 0 0 0 0 0 0 0 0 0 0 0 0 0 0 0 0 0 0 0 0 0 0 0 0 0 0 0 0 0 0 0 0 0 0 0 0 0 0 0 0 0 0 0 0 0 0 0 0 0 0 0 0 0 0 0 0 0 0 0 0 0 0 0 0 0 0 0 0 0 0 0 0 0 0 0 0 0 0 0 0 0 0 0 0 0 0 0 0 0 0 0 0 0 0 0 0 0 0 0 0 0 0 0 0 0 0 0 0 0 0 0 0 0 0 0 0 0 0 0 0 0 0 0 0 0 0 0 0 0
0 0 0 0 0 0 0 0 0 0 0 0 0 0 0 0 0 0 0 0 0 0 0 0 0 0 0 0 0 0 0 0 0 0 0 0 0 0 0 0 0 0 0 0 0 0 0 0 0 0 0 0 0 0 0 0 0 0 0 0 0 0 0 0 0 0 0 0 0 0 0 0 0 0 0 0 0 0 0 0 0 0 0 0 0 0 0 0 0 0 0 0 0 0 0 0 0 0 0 0 0 0 0 0 0 0 0 0 0 0 0 0 0 0 0 0 0 0 0 0 0 0 0 0 0 0 0 0 0 0 0 0 0 0 0 0 0 0 0 0 0 0 0 0 0 0 0 0 0 0
0 0 0 0 0 0 0 0 0 0 0 0 0 0 0 0 0 0 0 0 0 0 0 0 0 0 0 0 0 0 0 0 0 0 0 0 0 0 0 0 0 0 0 0 0 0 0 0 0 0 0 0 0 0 0 0 0 0 0 0 0 0 0 0 0 0 0 0 0 0 0 0 0 0 0 0 0 0 0 0 0 0 0 0 0 0 0 0 0 0 0 0 0 0 0 0 0 0 0 0 0 0 0 0 0 0 0 0 0 0 0 0 0 0 0 0 0 0 0 0 0 0 0 0 0 0 0 0 0 0 0 0 0 0 0 0 0 0 0 0 0 0 0 0 0 0 0 0 0 0
0 0 0 0 0 0 0 0 0 0 0 0 0 0 0 0 0 0 0 0 0 0 0 0 0 0 0 0 0 0 0 0 0 0 0 0 0 0 0 0 0 0 0 0 0 0 0 0 0 0 0 0 0 0 0 0 0 0 0 0 0 0 0 0 0 0 0 0 0 0 0 0 0 0 0 0 0 0 0 0 0 0 0 0 0 0 0 0 0 0 0 0 0 0 0 0 0 0 0 0 0 0 0 0 0 0 0 0 0 0 0 0 0 0 0 0 0 0 0 0 0 0 0 0 0 0 0 0 0 0 0 0 0 0 0 0 0 0 0 0 0 0 0 0 0 0 0 0 0 0
0 0 0 0 0 0 0 0 0 0 0 0 0 0 0 0 0 0 0 0 0 0 0 0 0 0 0 0 0 0 0 0 0 0 0 0 0 0 0 0 0 0 0 0 0 0 0 0 0 0 0 0 0 0 0 0 0 0 0 0 0 0 0 0 0 0 0 0 0 0 0 0 0 0 0 0 0 0 0 0 0 0 0 0 0 0 0 0 0 0 0 0 0 0 0 0 0 0 0 0 0 0 0 0 0 0 0 0 0 0 0 0 0 0 0 0 0 0 0 0 0 0 0 0 0 0 0 0 0 0 0 0 0 0 0 0 0 0 0 0 0 0 0 0 0 0 0 0 0 0
0 0 0 0 0 0 0 0 0 0 0 0 0 0 0 0 0 0 0 0 0 0 0 0 0 0 0 0 0 0 0 0 0 0 0 0 0 0 0 0 0 0 0 0 0 0 0 0 0 0 0 0 0 0 0 0 0 0 0 0 0 0 0 0 0 0 0 0 0 0 0 0 0 0 0 0 0 0 0 0 0 0 0 0 0 0 0 0 0 0 0 0 0 0 0 0 0 0 0 0 0 0 0 0 0 0 0 0 0 0 0 0 0 0 0 0 0 0 0 0 0 0 0 0 0 0 0 0 0 0 0 0 0 0 0 0 0 0 0 0 0 0 0 0 0 0 0 0 0 0
0 0 0 0 0 0 0 0 0 0 0 0 0 0 0 0 0 0 0 0 0 0 0 0 0 0 0 0 0 0 0 0 0 0 0 0 0 0 0 0 0 0 0 0 0 0 0 0 0 0 0 0 0 0 0 0 0 0 0 0 0 0 0 0 0 0 0 0 0 0 0 0 0 0 0 0 0 0 0 0 0 0 0 0 0 0 0 0 0 0 0 0 0 0 0 0 0 0 0 0 0 0 0 0 0 0 0 0 0 0 0 0 0 0 0 0 0 0 0 0 0 0 0 0 0 0 0 0 0 0 0 0 0 0 0 0 0 0 0 0 0 0 0 0 0 0 0 0 0 0
0 0 0 0 0 0 0 0 0 0 0 0 0 0 0 0 0 0 0 0 0 0 0 0 0 0 0 0 0 0 0 0 0 0 0 0 0 0 0 0 0 0 0 0 0 0 0 0 0 0 0 0 0 0 0 0 0 0 0 0 0 0 0 0 0 0 0 0 0 0 0 0 0 0 0 0 0 0 0 0 0 0 0 0 0 0 0 0 0 0 0 0 0 0 0 0 0 0 0 0 0 0 0 0 0 0 0 0 0 0 0 0 0 0 0 0 0 0 0 0 0 0 0 0 0 0 0 0 0 0 0 0 0 0 0 0 0 0 0 0 0 0 0 0 0 0 0 0 0 0
0 0 0 0 0 0 0 0 0 0 0 0 0 0 0 0 0 0 0 0 0 0 0 0 0 0 0 0 0 0 0 0 0 0 0 0 0 0 0 0 0 0 0 0 0 0 0 0 0 0 0 0 0 0 0 0 0 0 0 0 0 0 0 0 0 0 0 0 0 0 0 0 0 0 0 0 0 0 0 0 0 0 0 0 0 0 0 0 0 0 0 0 0 0 0 0 0 0 0 0 0 0 0 0 0 0 0 0 0 0 0 0 0 0 0 0 0 0 0 0 0 0 0 0 0 0 0 0 0 0 0 0 0 0 0 0 0 0 0 0 0 0 0 0 0 0 0 0 0 0
0 0 0 0 0 0 0 0 0 0 0 0 0 0 0 0 0 0 0 0 0 0 0 0 0 0 0 0 0 0 0 0 0 0 0 0 0 0 0 0 0 0 0 0 0 0 0 0 0 0 0 0 0 0 0 0 0 0 0 0 0 0 0 0 0 0 0 0 0 0 0 0 0 0 0 0 0 0 0 0 0 0 0 0 0 0 0 0 0 0 0 0 0 0 0 0 0 0 0 0 0 0 0 0 0 0 0 0 0 0 0 0 0 0 0 0 0 0 0 0 0 0 0 0 0 0 0 0 0 0 0 0 0 0 0 0 0 0 0 0 0 0 0 0 0 0 0 0 0 0
0 0 0 0 0 0 0 0 0 0 0 0 0 0 0 0 0 0 0 0 0 0 0 0 0 0 0 0 0 0 0 0 0 0 0 0 0 0 0 0 0 0 0 0 0 0 0 0 0 0 0 0 0 0 0 0 0 0 0 0 0 0 0 0 0 0 0 0 0 0 0 0 0 0 0 0 0 0 0 0 0 0 0 0 0 0 0 0 0 0 0 0 0 0 0 0 0 0 0 0 0 0 0 0 0 0 0 0 0 0 0 0 0 0 0 0 0 0 0 0 0 0 0 0 0 0 0 0 0 0 0 0 0 0 0 0 0 0 0 0 0 0 0 0 0 0 0 0 0 0
0 0 0 0 0 0 0 0 0 0 0 0 0 0 0 0 0 0 0 0 0 0 0 0 0 0 0 0 0 0 0 0 0 0 0 0 0 0 0 0 0 0 0 0 0 0 0 0 0 0 0 0 0 0 0 0 0 0 0 0 0 0 0 0 0 0 0 0 0 0 0 0 0 0 0 0 0 0 0 0 0 0 0 0 0 0 0 0 0 0 0 0 0 0 0 0 0 0 0 0 0 0 0 0 0 0 0 0 0 0 0 0 0 0 0 0 0 0 0 0 0 0 0 0 0 0 0 0 0 0 0 0 0 0 0 0 0 0 0 0 0 0 0 0 0 0 0 0 0 0
0 0 0 0 0 0 0 0 0 0 0 0 0 0 0 0 0 0 0 0 0 0 0 0 0 0 0 0 0 0 0 0 0 0 0 0 0 0 0 0 0 0 0 0 0 0 0 0 0 0 0 0 0 0 0 0 0 0 0 0 0 0 0 0 0 0 0 0 0 0 0 0 0 0 0 0 0 0 0 0 0 0 0 0 0 0 0 0 0 0 0 0 0 0 0 0 0 0 0 0 0 0 0 0 0 0 0 0 0 0 0 0 0 0 0 0 0 0 0 0 0 0 0 0 0 0 0 0 0 0 0 0 0 0 0 0 0 0 0 0 0 0 0 0 0 0 0 0 0 0
0 0 0 0 0 0 0 0 0 0 0 0 0 0 0 0 0 0 0 0 0 0 0 0 0 0 0 0 0 0 0 0 0 0 0 0 0 0 0 0 0 0 0 0 0 0 0 0 0 0 0 0 0 0 0 0 0 0 0 0 0 0 0 0 0 0 0 0 0 0 0 0 0 0 0 0 0 0 0 0 0 0 0 0 0 0 0 0 0 0 0 0 0 0 0 0 0 0 0 0 0 0 0 0 0 0 0 0 0 0 0 0 0 0 0 0 0 0 0 0 0 0 0 0 0 0 0 0 0 0 0 0 0 0 0 0 0 0 0 0 0 0 0 0 0 0 0 0 0 0
0 0 0 0 0 0 0 0 0 0 0 0 0 0 0 0 0 0 0 0 0 0 0 0 0 0 0 0 0 0 0 0 0 0 0 0 0 0 0 0 0 0 0 0 0 0 0 0 0 0 0 0 0 0 0 0 0 0 0 0 0 0 0 0 0 0 0 0 0 0 0 0 0 0 0 0 0 0 0 0 0 0 0 0 0 0 0 0 0 0 0 0 0 0 0 0 0 0 0 0 0 0 0 0 0 0 0 0 0 0 0 0 0 0 0 0 0 0 0 0 0 0 0 0 0 0 0 0 0 0 0 0 0 0 0 0 0 0 0 0 0 0 0 0 0 0 0 0 0 0
0 0 0 0 0 0 0 0 0 0 0 0 0 0 0 0 0 0 0 0 0 0 0 0 0 0 0 0 0 0 0 0 0 0 0 0 0 0 0 0 0 0 0 0 0 0 0 0 0 0 0 0 0 0 0 0 0 0 0 0 0 0 0 0 0 0 0 0 0 0 0 0 0 0 0 0 0 0 0 0 0 0 0 0 0 0 0 0 0 0 0 0 0 0 0 0 0 0 0 0 0 0 0 0 0 0 0 0 0 0 0 0 0 0 0 0 0 0 0 0 0 0 0 0 0 0 0 0 0 0 0 0 0 0 0 0 0 0 0 0 0 0 0 0 0 0 0 0 0 0
0 0 0 0 0 0 0 0 0 0 0 0 0 0 0 0 0 0 0 0 0 0 0 0 0 0 0 0 0 0 0 0 0 0 0 0 0 0 0 0 0 0 0 0 0 0 0 0 0 0 0 0 0 0 0 0 0 0 0 0 0 0 0 0 0 0 0 0 1.63732e-06 1.51401e-06 1.29024e-06 1.01336e-06 7.33496e-07 4.8931e-07 3.00829e-07 0 0 0 0 0 0 0 0 0 0 0 0 0 0 0 0 0 0 0 0 0 0 0 0 0 0 0 0 0 0 0 0 0 0 0 0 0 0 0 0 0 0 0 0 0 0 0 0 0 0 0 0 0 0 0 0 0 0 0 0 0 0 0 0 0 0 0 0 0 0 0 0 0 0 0
0 0 0 0 0 0 0 0 0 0 0 0 0 0 0 0 0 0 0 0 0 0 0 0 0 0 0 0 0 0 0 0 0 0 0 0 0 0 0 0 0 0 0 0 0 0 0 0 0 0 0 0 0 0 0 0 0 0 0 0 0 0 0 0 0 0 4.81468e-06 5.24168e-06 5.90041e-06 4.86309e-06 4.14431e-06 3.25497e-06 2.35607e-06 1.5717e-06 9.66284e-07 5.47499e-07 0 0 0 0 0 0 0 0 0 0 0 0 0 0 0 0 0 0 0 0 0 0 0 0 0 0 0 0 0 0 0 0 0 0 0 0 0 0 0 0 0 0 0 0 0 0 0 0 0 0 0 0 0 0 0 0 0 0 0 0 0 0 0 0 0 0 0 0 0 0 0 0 0 0
0 0 0 0 0 0 0 0 0 0 0 0 0 0 0 0 0 0 0 0 0 0 0 0 0 0 0 0 0 0 0 0 0 0 0 0 0 0 0 0 0 0 0 0 0 0 0 0 0 0 0 0 0 0 0 0 0 0 0 0 0 0 7.99398e-06 9.90248e-06 1.47109e-05 1.69427e-05 1.83348e-05 1.8628e-05 1.77325e-05 1.57723e-05 1.30702e-05 1.00643e-05 7.18506e-06 4.74776e-06 2.86048e-06 1.62074e-06 8.46341e-07 0 0 0 0 0 0 0 0 0 0 0 0 0 0 0 0 0 0 0 0 0 0 0 0 0 0 0 0 0 0 0 0 0 0 0 0 0 0 0 0 0 0 0 0 0 0 0 0 0 0 0 0 0 0 0 0 0 0 0 0 0 0 0 0 0 0 0 0 0 0 0 0 0
0 0 0 0 0 0 0 0 0 0 0 0 0 0 0 0 0 0 0 0 0 0 0 0 0 0 0 0 0 0 0 0 0 0 0 0 0 0 0 0 0 0 0 0 0 0 0 0 0 0 0 0 0 0 0 0 0 0 0 0 1.19267e-05 1.7394e-05 2.63879e-05 3.43463e-05 4.18645e-05 4.7892e-05 5.14759e-05 5.19684e-05 4.91981e-05 4.35623e-05 3.59729e-05 2.94113e-05 2.11766e-05 1.41319e-05 8.72962e-06 4.98703e-06 2.61851e-06 0 0 0 0 0 0 0 0 0 0 0 0 0 0 0 0 0 0 0 0 0 0 0 0 0 0 0 0 0 0 0 0 0 0 0 0 0 0 0 0 0 0 0 0 0 0 0 0 0 0 0 0 0 0 0 0 0 0 0 0 0 0 0 0 0 0 0 0 0 0 0 0 0
0 0 0 0 0 0 0 0 0 0 0 0 0 0 0 0 0 0 0 0 0 0 0 0 0 0 0 0 0 0 0 0 0 0 0 0 0 0 0 0 0 0 0 0 0 0 0 0 0 0 0 0 0 0 0 0 0 1.25752e-05 2.22672e-05 3.30585e-05 4.62351e-05 6.38261e-05 8.18586e-05 0.000100115 0.000116661 0.000131704 0.000140164 0.000138841 0.000135078 0.000119309 9.89233e-05 7.62411e-05 5.48502e-05 3.66123e-05 2.25726e-05 1.29278e-05 6.8461e-06 3.35069e-06 0 0 0 0 0 0 0 0 0 0 0 0 0 0 0 0 0 0 0 0 0 0 0 0 0 0 0 0 0 0 0 0 0 0 0 0 0 0 0 0 0 0 0 0 0 0 0 0 0 0 0 0 0 0 0 0 0 0 0 0 0 0 0 0 0 0 0 0 0 0 0 0
0 0 0 0 0 0 0 0 0 0 0 0 0 0 0 0 0 0 0 0 0 0 0 0 0 0 0 0 0 0 0 0 0 0 0 0 0 0 0 0 0 0 0 0 0 0 0 0 0 0 0 0 0 0 0 1.18399e-05 2.09113e-05 3.7515e-05 5.89144e-05 8.67742e-05 0.000122751 0.00016314 0.000210707 0.000259726 0.000299592 0.000328167 0.000350253 0.000347457 0.0003255 0.00028692 0.000237083 0.0001829 0.00013151 8.78371e-05 5.44032e-05 3.11801e-05 1.65548e-05 8.19154e-06 3.76275e-06 0 0 0 0 0 0 0 3.04603e-06 3.57185e-06 3.86006e-06 3.84455e-06 3.52893e-06 0 0 0 0 0 0 0 0 0 0 0 0 0 0 0 0 0 0 0 0 0 0 0 0 0 0 0 0 0 0 0 0 0 0 0 0 0 0 0 0 0 0 0 0 0 0 0 0 0 0 0 0 0 0 0 0 0 0 0
0 0 0 0 0 0 0 0 0 0 0 0 0 0 0 0 0 0 0 0 0 0 0 0 0 0 0 0 0 0 0 0 0 0 0 0 0 0 0 0 0 0 0 0 0 0 0 0 0 8.69501e-07 1.78464e-06 3.37583e-06 5.88522e-06 1.20142e-05 2.0822e-05 3.51768e-05 6.0147e-05 9.63822e-05 0.000147092 0.000214365 0.000299021 0.000400088 0.000503884 0.000604245 0.000698919 0.00076352 0.000792858 0.000780889 0.000727396 0.000638631 0.000526484 0.000406043 0.000292017 0.000195292 0.000121241 6.99167e-05 3.73498e-05 1.85174e-05 8.56218e-06 0 0 0 0 0 6.48962e-06 8.42945e-06 1.06552e-05 1.24346e-05 1.34379e-05 1.3384e-05 1.22852e-05 1.03928e-05 8.10258e-06 0 0 0 0 0 0 0 0 0 0 0 0 0 0 0 0 0 0 0 0 0 0 0 0 0 0 0 0 0 0 0 0 0 0 0 0 0 0 0 0 0 0 0 0 0 0 0 0 0 0 0 0 0 0 0 0 0
0 0 0 0 0 0 0 0 0 0 0 0 0 0 0 0 0 0 0 0 0 0 0 0 0 0 0 0 0 0 0 0 0 0 0 0 0 0 0 0 0 0 0 0 0 0 0 4.02668e-07 9.73065e-07 2.16709e-06 4.44789e-06 1.23561e-05 2.39441e-05 4.22655e-05 7.0489e-05 0.000113125 0.000185027 0.000274238 0.000393036 0.000544578 0.000721625 0.00091939 0.00112524 0.00132757 0.00150165 0.00162133 0.00166535 0.00162861 0.00150901 0.0013201 0.00108663 0.000838777 0.000605567 0.000408683 0.000258038 0.000153368 7.7978e-05 3.88961e-05 1.81178e-05 0 0 0 0 1.46518e-05 2.0598e-05 2.75379e-05 3.41372e-05 3.99516e-05 4.31142e-05 4.39784e-05 4.02171e-05 3.39138e-05 2.63697e-05 1.89045e-05 0 0 0 0 0 0 0 0 0 0 0 0 0 0 0 0 0 0 0 0 0 0 0 0 0 0 0 0 0 0 0 0 0 0 0 0 0 0 0 0 0 0 0 0 0 0 0 0 0 0 0 0 0 0 0 0
0 0 0 0 0 0 0 0 0 0 0 0 0 0 0 0 0 0 0 0 0 0 0 0 0 0 0 0 0 0 0 0 0 0 0 0 0 0 0 0 0 0 0 0 0 0 3.52749e-07 9.24927e-07 2.23507e-06 6.78752e-06 1.45921e-05 2.97693e-05 5.58532e-05 0.000102313 0.00017199 0.000274228 0.000417518 0.000611436 0.000862337 0.00116732 0.00152804 0.00191374 0.00231528 0.00268822 0.00299703 0.00319627 0.0032552 0.00315882 0.00290848 0.00253577 0.00208501 0.00161216 0.00117069 0.000798997 0.000515511 0.000318242 0.000191474 0.000114319 6.8305e-05 1.58366e-05 0 0 2.90064e-05 4.25898e-05 6.03898e-05 8.63373e-05 0.000107365 0.000123507 0.00013242 0.000131111 0.000119746 0.000100872 7.8361e-05 5.61338e-05 3.70765e-05 0 0 0 0 0 0 0 0 0 0 0 0 0 0 0 0 0 0 0 0 0 0 0 0 0 0 0 0 0 0 0 0 0 0 0 0 0 0 0 0 0 0 0 0 0 0 0 0 0 0 0 0 0 0 0
0 0 0 0 0 0 0 0 0 0 0 0 0 0 0 0 0 0 0 0 0 0 0 0 0 0 0 0 0 0 0 0 0 0 0 0 0 0 0 0 0 0 0 0 0 0 7.46735e-07 2.50627e-06 6.29942e-06 1.46575e-05 3.19378e-05 6.57544e-05 0.000124352 0.000220312 0.000368133 0.000581841 0.000876883 0.00127244 0.00176262 0.002346 0.00300224 0.0037064 0.00440315 0.00503923 0.00554599 0.0058551 0.00591184 0.0056929 0.00521633 0.00453449 0.00372921 0.00289856 0.00213012 0.00148861 0.00100147 0.000659886 0.000431932 0.000281322 0.000180725 0.000113745 6.92558e-05 5.08932e-05 7.70715e-05 0.000128302 0.000181118 0.000240171 0.00029796 0.0003435 0.000365938 0.000361411 0.000329476 0.000277115 0.000214999 0.000153833 0.000101518 6.17761e-05 0 0 0 0 0 0 0 0 0 0 0 0 0 0 0 0 0 0 0 0 0 0 0 0 0 0 0 0 0 0 0 0 0 0 0 0 0 0 0 0 0 0 0 0 0 0 0 0 0 0 0 0 0 0
0 0 0 0 0 0 0 0 0 0 0 0 0 0 0 0 0 0 0 0 0 0 0 0 0 0 0 0 0 0 0 0 0 0 0 0 0 0 0 0 0 0 0 0 0 0 1.82776e-06 4.97267e-06 1.2523e-05 2.93507e-05 6.47011e-05 0.000131168 0.000247974 0.000438804 0.000729311 0.00114965 0.00171696 0.00244717 0.00333877 0.00437059 0.00550358 0.00666925 0.00779344 0.00878588 0.00954471 0.00996748 0.00997624 0.00954433 0.00870823 0.00756449 0.00624994 0.0049181 0.0037082 0.00271263 0.00195581 0.0014038 0.000998723 0.000694431 0.000466667 0.000303084 0.000206966 0.000176095 0.000241444 0.000333946 0.000467588 0.000618742 0.000765505 0.00087995 0.000936795 0.000921124 0.00083787 0.000703367 0.000544817 0.000389324 0.000256615 0.000155987 8.74462e-05 0 0 0 0 0 0 0 0 0 0 0 0 0 0 0 0 0 0 0 0 0 0 0 0 0 0 0 0 0 0 0 0 0 0 0 0 0 0 0 0 0 0 0 0 0 0 0 0 0 0 0 0 0
0 0 0 0 0 0 0 0 0 0 0 0 0 0 0 0 0 0 0 0 0 0 0 0 0 0 0 0 0 0 0 0 0 0 0 0 0 0 0 0 0 0 0 0 0 0 3.33861e-06 9.10058e-06 2.30193e-05 5.45426e-05 0.000119018 0.00024151 0.000456697 0.000808398 0.00134105 0.00209699 0.00310483 0.00437447 0.00588698 0.00758726 0.00939309 0.0111877 0.0128542 0.0142666 0.0152903 0.0157927 0.0156736 0.0149116 0.0135802 0.0118403 0.00990992 0.00801788 0.00635237 0.00499781 0.00392596 0.00304935 0.00230066 0.0016624 0.00114586 0.000769575 0.000548929 0.000485911 0.000586713 0.000813462 0.00112368 0.00148182 0.00182593 0.00209067 0.00221749 0.00217562 0.00197155 0.00165101 0.00127616 0.000910273 0.000599064 0.000363692 0.000203654 0.000105168 0 0 0 0 0 0 0 0 0 0 0 0 0 0 0 0 0 0 0 0 0 0 0 0 0 0 0 0 0 0 0 0 0 0 0 0 0 0 0 0 0 0 0 0 0 0 0 0 0 0 0 0
0 0 0 0 0 0 0 0 0 0 0 0 0 0 0 0 0 0 0 0 0 0 0 0 0 0 0 0 0 0 0 0 0 0 0 0 0 0 0 0 0 0 0 0 0 1.90642e-06 5.62503e-06 1.5363e-05 3.9263e-05 9.24295e-05 0.00020201 0.000410384 0.000777383 0.00137374 0.00227399 0.00354008 0.00520615 0.00726527 0.0096586 0.0122749 0.0149514 0.0175091 0.0197772 0.0216008 0.0228301 0.0233198 0.0229696 0.021783 0.0199013 0.0175889 0.0151716 0.0129461 0.0110626 0.00947219 0.00800901 0.00655535 0.00511106 0.00377007 0.00264102 0.00181106 0.00128883 0.00112582 0.00133452 0.00183343 0.00252334 0.00330272 0.00404849 0.0046125 0.0048706 0.00475876 0.00429729 0.00358735 0.00276538 0.00196794 0.00129253 0.000783345 0.000437997 0.000225905 0.000107465 0 0 0 0 0 0 0 0 0 0 0 0 0 0 0 0 0 0 0 0 0 0 0 0 0 0 0 0 0 0 0 0 0 0 0 0 0 0 0 0 0 0 0 0 0 0 0 0 0 0 0
0 0 0 0 0 0 0 0 0 0 0 0 0 0 0 0 0 0 0 0 0 0 0 0 0 0 0 0 0 0 0 0 0 0 0 0 0 0 0 0 0 0 0 0 0 2.95709e-06 8.74176e-06 2.40935e-05 6.12682e-05 0.000144504 0.000316346 0.00064423 0.00122109 0.00215711 0.00356503 0.00553139 0.00809013 0.0112015 0.0147394 0.0184964 0.0222025 0.0255852 0.0284182 0.0305403 0.0318286 0.0321754 0.0315291 0.0299729 0.0277784 0.0253653 0.0231519 0.0213451 0.0198031 0.0181525 0.0160802 0.0135389 0.0107415 0.00802506 0.00569199 0.00394689 0.00282873 0.00245109 0.00285057 0.00386298 0.00527809 0.00686512 0.00835716 0.00946427 0.0099389 0.00966365 0.00869118 0.00722384 0.00554967 0.0039376 0.00257953 0.00155985 0.000870498 0.000448242 0.000212931 0 0 0 0 0 0 0 0 0 0 0 0 0 0 0 0 0 0 0 0 0 0 0 0 0 0 0 0 0 0 0 0 0 0 0 0 0 0 0 0 0 0 0 0 0 0 0 0 0 0 0
0 0 0 0 0 0 0 0 0 0 0 0 0 0 0 0 0 0 0 0 0 0 0 0 0 0 0 0 0 0 0 0 0 0 0 0 0 0 0 0 0 0 0 0 0 4.2308e-06 1.25868e-05 3.46431e-05 8.82576e-05 0.000208706 0.000460187 0.000936199 0.00177282 0.00313052 0.00516723 0.00799723 0.0116484 0.0160274 0.0209121 0.0259575 0.0307586 0.0349268 0.0381864 0.0404081 0.0415689 0.0416984 0.0409025 0.0394643 0.03788 0.0367059 0.0362134 0.0361038 0.0356224 0.0339896 0.0308297 0.0263194 0.0210845 0.0158802 0.0113949 0.00798121 0.00580319 0.00501071 0.00571859 0.00763135 0.0103231 0.0133148 0.0160838 0.0180869 0.0188709 0.0182406 0.0163184 0.0135007 0.0103268 0.00729998 0.00476668 0.00287427 0.00160008 0.000822153 0.000389835 0.000170547 0 0 0 0 0 0 0 0 0 0 0 0 0 0 0 0 0 0 0 0 0 0 0 0 0 0 0 0 0 0 0 0 0 0 0 0 0 0 0 0 0 0 0 0 0 0 0 0 0 0
0 0 0 0 0 0 0 0 0 0 0 0 0 0 0 0 0 0 0 0 0 0 0 0 0 0 0 0 0 0 0 0 0 0 0 0 0 0 0 0 0 0 0 0 0 0 1.67293e-05 4.60465e-05 0.000122323 0.000285988 0.000622761 0.00126305 0.00238694 0.00420815 0.00693376 0.0107079 0.0155412 0.0212781 0.0275733 0.0339275 0.0397723 0.044598 0.0480994 0.0502395 0.0512096 0.0513461 0.0511152 0.0511685 0.052221 0.0546321 0.0579675 0.0610078 0.0622565 0.0605584 0.0555361 0.0477551 0.0384734 0.0291898 0.0211258 0.0149836 0.0110332 0.00954093 0.0107315 0.0141314 0.0188832 0.0241245 0.028895 0.0322342 0.0333857 0.0320535 0.0284979 0.0234483 0.0178447 0.0125554 0.00816541 0.00490622 0.00272273 0.00139521 0.000659991 0.000288145 0 0 0 0 0 0 0 0 0 0 0 0 0 0 0 0 0 0 0 0 0 0 0 0 0 0 0 0 0 0 0 0 0 0 0 0 0 0 0 0 0 0 0 0 0 0 0 0 0 0
0 0 0 0 0 0 0 0 0 0 0 0 0 0 0 0 0 0 0 0 0 0 0 0 0 0 0 0 0 0 0 0 0 0 0 0 0 0 0 0 0 0 0 0 0 0 2.04877e-05 6.85461e-05 0.000166018 0.000377945 0.000807164 0.00161448 0.00302122 0.00528903 0.00867344 0.0133335 0.0192695 0.0262607 0.0338377 0.0413517 0.0480826 0.0534243 0.0570868 0.0592197 0.0603988 0.0615006 0.063587 0.0676789 0.074297 0.0829757 0.0921713 0.0996729 0.103209 0.101184 0.0932533 0.0805206 0.0651819 0.0497883 0.036399 0.0261889 0.019601 0.0170438 0.0189109 0.0244853 0.032305 0.0408436 0.0484757 0.0536171 0.0550892 0.052498 0.0463524 0.037893 0.0286678 0.020065 0.0129838 0.00776763 0.00429408 0.0021929 0.00103423 0.000450351 0 0 0 0 0 0 0 0 0 0 0 0 0 0 0 0 0 0 0 0 0 0 0 0 0 0 0 0 0 0 0 0 0 0 0 0 0 0 0 0 0 0 0 0 0 0 0 0 0 0
0 0 0 0 0 0 0 0 0 0 0 0 0 0 0 0 0 0 0 0 0 0 0 0 0 0 0 0 0 0 0 0 0 0 0 0 0 0 0 0 0 0 0 0 0 0 4.44649e-05 0.000107565 0.000245399 0.000528596 0.00107586 0.00206824 0.00375152 0.00642146 0.0103447 0.0157001 0.0224787 0.0303997 0.0389237 0.047301 0.054729 0.0605846 0.0646975 0.0675467 0.0702677 0.0744414 0.0816358 0.092775 0.107615 0.124614 0.141181 0.154116 0.160285 0.157529 0.145508 0.12602 0.102506 0.0788937 0.0583791 0.0427498 0.0326496 0.0286539 0.031358 0.0397987 0.0517199 0.0646368 0.0759642 0.0832699 0.0848431 0.0802108 0.0702916 0.0570584 0.0428789 0.0298277 0.0191948 0.0114217 0.00628477 0.00319612 0.00150177 0.000651803 0.000261238 0 0 0 0 0 0 0 0 0 0 0 0 0 0 0 0 0 0 0 0 0 0 0 0 0 0 0 0 0 0 0 0 0 0 0 0 0 0 0 0 0 0 0 0 0 0 0 0 0
0 0 0 0 0 0 0 0 0 0 0 0 0 0 0 0 0 0 0 0 0 0 0 0 0 0 0 0 0 0 0 0 0 0 0 0 0 0 0 0 0 0 0 0 0 3.18046e-05 8.1892e-05 0.000190474 0.000414137 0.00084409 0.00161791 0.00292557 0.00501393 0.00814004 0.0125508 0.0183935 0.0256517 0.0340385 0.0430343 0.0519282 0.0599916 0.0667554 0.0723313 0.0776313 0.084322 0.094358 0.109239 0.12936 0.153716 0.179938 0.204529 0.22327 0.232038 0.228008 0.210835 0.183144 0.149827 0.116444 0.0875146 0.0655299 0.0513411 0.0456101 0.0491319 0.0608094 0.0775468 0.0956268 0.111197 0.120761 0.121981 0.11438 0.0994503 0.0801256 0.0597845 0.0412997 0.026409 0.0156191 0.00854779 0.00432548 0.0020233 0.0008746 0.000349277 0 0 0 0 0 0 0 0 0 0 0 0 0 0 0 0 0 0 0 0 0 0 0 0 0 0 0 0 0 0 0 0 0 0 0 0 0 0 0 0 0 0 0 0 0 0 0 0 0
0 0 0 0 0 0 0 0 0 0 0 0 0 0 0 0 0 0 0 0 0 0 0 0 0 0 0 0 0 0 0 0 0 0 0 0 0 0 0 0 0 0 0 0 2.31459e-05 6.12028e-05 0.00015011 0.000347862 0.00074032 0.00146758 0.00271476 0.00470475 0.00764923 0.0117264 0.0170337 0.0235747 0.0312269 0.0397626 0.0488376 0.0580374 0.067002 0.0756563 0.0844668 0.0945859 0.107659 0.125337 0.148715 0.177819 0.211281 0.246177 0.278187 0.302095 0.312811 0.306885 0.284011 0.247655 0.204195 0.160849 0.123438 0.0951197 0.0768623 0.069244 0.0731646 0.0876833 0.1091 0.132347 0.152065 0.16352 0.163718 0.15224 0.131315 0.104985 0.0777514 0.0533251 0.0338557 0.0198977 0.0108177 0.00544286 0.00253256 0.00108948 0.000433195 0 0 0 0 0 0 0 0 0 0 0 0 0 0 0 0 0 0 0 0 0 0 0 0 0 0 0 0 0 0 0 0 0 0 0 0 0 0 0 0 0 0 0 0 0 0 0 0 0
0 0 0 0 0 0 0 0 0 0 0 0 0 0 0 0 0 0 0 0 0 0 0 0 0 0 0 0 0 0 0 0 0 0 0 0 0 0 0 0 0 0 0 1.48322e-05 4.2103e-05 0.00011074 0.000270318 0.000615264 0.00129684 0.00254126 0.00463274 0.00787878 0.0125018 0.0185794 0.02597 0.0343548 0.0433217 0.0525643 0.0619903 0.0717614 0.0822477 0.0939606 0.107569 0.123931 0.144075 0.169068 0.199702 0.235963 0.276387 0.317701 0.354927 0.382081 0.393388 0.385006 0.356773 0.312906 0.260995 0.209578 0.165452 0.132184 0.110649 0.101084 0.104335 0.120043 0.144552 0.171654 0.194408 0.206775 0.205109 0.189122 0.161821 0.128369 0.0943509 0.0642344 0.0404869 0.0236224 0.0127528 0.00637591 0.00294902 0.00126158 0.000499055 0 0 0 0 0 0 0 0 0 0 0 0 0 0 0 0 0 0 0 0 0 0 0 0 0 0 0 0 0 0 0 0 0 0 0 0 0 0 0 0 0 0 0 0 0 0 0 0 0
0 0 0 0 0 0 0 0 0 0 0 0 0 0 0 0 0 0 0 0 0 0 0 0 0 0 0 0 0 0 0 0 0 0 0 0 0 0 0 0 0 0 0 2.59801e-05 7.29733e-05 0.00019023 0.000460402 0.00103635 0.0021657 0.00420771 0.0076102 0.0128128 0.0201165 0.0295153 0.0406007 0.0526316 0.0647385 0.0763262 0.0874043 0.0987354 0.111525 0.126954 0.145703 0.168023 0.194117 0.224472 0.259695 0.299862 0.343591 0.38748 0.426249 0.453599 0.463609 0.452521 0.420482 0.372235 0.315983 0.260791 0.213709 0.178217 0.154775 0.143056 0.143747 0.157471 0.181578 0.209466 0.232841 0.244419 0.239954 0.219284 0.186098 0.146475 0.106845 0.0721982 0.0451789 0.026154 0.0140298 0.00695986 0.00319823 0.00135972 0.000534739 0 0 0 0 0 0 0 0 0 0 0 0 0 0 0 0 0 0 0 0 0 0 0 0 0 0 0 0 0 0 0 0 0 0 0 0 0 0 0 0 0 0 0 0 0 0 0 0 0
0 0 0 0 0 0 0 0 0 0 0 0 0 0 0 0 0 0 0 0 0 0 0 0 0 0 0 0 0 0 0 0 0 0 0 0 0 0 0 0 0 0 1.463e-05 4.38217e-05 0.000121649 0.000313291 0.000749631 0.00166575 0.00344317 0.00661953 0.0118548 0.0197787 0.0307894 0.0448054 0.0611214 0.0785119 0.0955523 0.11126 0.125544 0.139582 0.155352 0.174636 0.198073 0.225205 0.255351 0.288396 0.324807 0.364849 0.407409 0.449262 0.485252 0.509378 0.516269 0.502892 0.469957 0.422373 0.368072 0.315468 0.27076 0.236553 0.212552 0.197843 0.193108 0.200223 0.218549 0.2423 0.262499 0.270852 0.262572 0.237527 0.199808 0.156001 0.112916 0.0757325 0.0470418 0.0270555 0.0143873 0.00708349 0.00323302 0.00136544 0.000533562 0 0 0 0 0 0 0 0 0 0 0 0 0 0 0 0 0 0 0 0 0 0 0 0 0 0 0 0 0 0 0 0 0 0 0 0 0 0 0 0 0 0 0 0 0 0 0 0 0
0 0 0 0 0 0 0 0 0 0 0 0 0 0 0 0 0 0 0 0 0 0 0 0 0 0 0 0 0 0 0 0 0 0 0 0 0 0 0 0 0 0 2.41027e-05 7.14092e-05 0.000195958 0.000498111 0.00117524 0.0025753 0.00524712 0.00995109 0.0175889 0.0289915 0.0446376 0.0643258 0.0870026 0.110923 0.134056 0.154943 0.173392 0.190853 0.209914 0.232874 0.260313 0.290997 0.323246 0.356279 0.390493 0.426514 0.463754 0.499499 0.529144 0.547531 0.550543 0.53647 0.506852 0.466405 0.421745 0.379228 0.342814 0.313283 0.289265 0.269572 0.255364 0.250095 0.255833 0.269006 0.281057 0.283106 0.269863 0.241018 0.200636 0.155234 0.111434 0.0741626 0.0457229 0.0261041 0.0137619 0.00672637 0.00304756 0.0012784 0.000496202 0 0 0 0 0 0 0 0 0 0 0 0 0 0 0 0 0 0 0 0 0 0 0 0 0 0 0 0 0 0 0 0 0 0 0 0 0 0 0 0 0 0 0 0 0 0 0 0 0
0 0 0 0 0 0 0 0 0 0 0 0 0 0 0 0 0 0 0 0 0 0 0 0 0 0 0 0 0 0 0 0 0 0 0 0 0 0 0 0 0 0 3.80688e-05 0.000111875 0.000303601 0.000762926 0.00177697 0.00383998 0.00770855 0.014398 0.0250482 0.040661 0.0617064 0.0877665 0.117336 0.148094 0.177489 0.20367 0.226349 0.247197 0.269312 0.295445 0.326077 0.35917 0.391925 0.422819 0.452234 0.481405 0.510615 0.53802 0.55993 0.572369 0.572846 0.561389 0.540528 0.514433 0.48746 0.462487 0.43982 0.417419 0.392569 0.364315 0.335186 0.310844 0.296497 0.291861 0.290066 0.282262 0.262659 0.230478 0.189237 0.144768 0.102924 0.0678941 0.041523 0.023525 0.0123418 0.00595397 0.00267861 0.00111619 0.00043034 0 0 0 0 0 0 0 0 0 0 0 0 0 0 0 0 0 0 0 0 0 0 0 0 0 0 0 0 0 0 0 0 0 0 0 0 0 0 0 0 0 0 0 0 0 0 0 0 0
0 0 0 0 0 0 0 0 0 0 0 0 0 0 0 0 0 0 0 0 0 0 0 0 0 0 0 0 0 0 0 0 0 0 0 0 0 0 0 0 0 1.80513e-05 5.69902e-05 0.000166489 0.000448534 0.00111739 0.00257661 0.00550429 0.010907 0.0200812 0.0344007 0.0549478 0.0820482 0.114841 0.151256 0.188364 0.223177 0.253668 0.279624 0.303019 0.327382 0.355822 0.388711 0.423232 0.45543 0.482985 0.506283 0.527392 0.547845 0.567114 0.582713 0.591992 0.594045 0.590541 0.584911 0.580445 0.578482 0.577367 0.572587 0.558423 0.530586 0.488867 0.438245 0.387571 0.34567 0.316069 0.294629 0.273231 0.245586 0.210062 0.169132 0.127381 0.0894049 0.0583247 0.0353273 0.0198412 0.0103247 0.00493374 0.00219446 0.000908749 0.000348098 0 0 0 0 0 0 0 0 0 0 0 0 0 0 0 0 0 0 0 0 0 0 0 0 0 0 0 0 0 0 0 0 0 0 0 0 0 0 0 0 0 0 0 0 0 0 0 0 0
0 0 0 0 0 0 0 0 0 0 0 0 0 0 0 0 0 0 0 0 0 0 0 0 0 0 0 0 0 0 0 0 0 0 0 0 0 0 0 0 0 2.54433e-05 8.02809e-05 0.000233186 0.000625317 0.00154934 0.00354881 0.00752112 0.0147644 0.0268879 0.0454902 0.071672 0.105412 0.145228 0.188233 0.230797 0.269576 0.302604 0.33008 0.354464 0.379748 0.409304 0.443383 0.478446 0.5095 0.53339 0.550518 0.563892 0.576641 0.589967 0.602943 0.61421 0.624105 0.635402 0.651868 0.675516 0.704262 0.731328 0.746754 0.740595 0.70688 0.646588 0.568036 0.484288 0.408321 0.347643 0.301384 0.262815 0.225246 0.185795 0.145428 0.107089 0.0737985 0.0474274 0.0283496 0.0157519 0.00812182 0.00380515 0.00168179 0.000689819 0.00026265 0 0 0 0 0 0 0 0 0 0 0 0 0 0 0 0 0 0 0 0 0 0 0 0 0 0 0 0 0 0 0 0 0 0 0 0 0 0 0 0 0 0 0 0 0 0 0 0 0
0 0 0 0 0 0 0 0 0 0 0 0 0 0 0 0 0 0 0 0 0 0 0 0 0 0 0 0 0 0 0 0 0 0 0 0 0 0 0 0 0 3.34778e-05 0.000105209 0.000305022 0.000816065 0.00201577 0.00460014 0.0097051 0.0189469 0.034275 0.0575255 0.0897988 0.130649 0.177803 0.227367 0.274817 0.316363 0.350247 0.377322 0.400899 0.425569 0.454943 0.489086 0.523836 0.553315 0.57368 0.585345 0.592288 0.599386 0.609888 0.624669 0.643654 0.667942 0.700597 0.744961 0.801262 0.863815 0.920718 0.956518 0.95706 0.914816 0.832227 0.721436 0.600261 0.486151 0.390498 0.315734 0.257057 0.207688 0.163316 0.122999 0.087763 0.0589265 0.0370648 0.0217588 0.011917 0.00608124 0.00284598 0.00123781 0.00048855 0 0 0 0 0 0 0 0 0 0 0 0 0 0 0 0 0 0 0 0 0 0 0 0 0 0 0 0 0 0 0 0 0 0 0 0 0 0 0 0 0 0 0 0 0 0 0 0 0 0
0 0 0 0 0 0 0 0 0 0 0 0 0 0 0 0 0 0 0 0 0 0 0 0 0 0 0 0 0 0 0 0 0 0 0 0 0 0 0 0 0 4.07607e-05 0.000128048 0.000370883 0.000991371 0.00244612 0.00557442 0.01174 0.0228682 0.0412513 0.0690201 0.107256 0.155214 0.209849 0.26621 0.31872 0.362948 0.397157 0.422945 0.444682 0.467809 0.496175 0.529559 0.563237 0.590679 0.607638 0.614657 0.616669 0.620286 0.630813 0.650983 0.681894 0.724973 0.782873 0.857775 0.947688 1.0434 1.12837 1.18233 1.18754 1.13529 1.0296 0.886305 0.727716 0.575469 0.444438 0.340006 0.259542 0.196803 0.146295 0.105048 0.0720097 0.0467467 0.0285981 0.0164257 0.00886589 0.00450072 0.00215787 0.00093246 0.000409379 0.000123754 0 0 0 0 0 0 0 0 0 0 0 0 0 0 0 0 0 0 0 0 0 0 0 0 0 0 0 0 0 0 0 0 0 0 0 0 0 0 0 0 0 0 0 0 0 0 0 0 0
0 0 0 0 0 0 0 0 0 0 0 0 0 0 0 0 0 0 0 0 0 0 0 0 0 0 0 0 0 0 0 0 0 0 0 0 0 0 0 0 0 4.59518e-05 0.000144329 0.000418145 0.001118 0.00275949 0.00629077 0.0132536 0.0258269 0.0466289 0.0780272 0.121278 0.175492 0.237111 0.300343 0.35861 0.40667 0.44255 0.468324 0.489362 0.511892 0.539931 0.572788 0.605168 0.630202 0.643627 0.646414 0.644501 0.646045 0.658154 0.685139 0.728995 0.79117 0.873472 0.976467 1.09584 1.21932 1.32672 1.39428 1.40186 1.34012 1.21449 1.04359 0.853087 0.667758 0.50517 0.373162 0.271252 0.194337 0.136484 0.0930578 0.0610047 0.0381728 0.0227203 0.0128709 0.00696495 0.0036233 0.00184087 0.000868511 0.000372169 0.000183268 8.3394e-05 0 0 0 0 0 0 0 0 0 0 0 0 0 0 0 0 0 0 0 0 0 0 0 0 0 0 0 0 0 0 0 0 0 0 0 0 0 0 0 0 0 0 0 0 0 0 0 0
0 0 0 0 0 0 0 0 0 0 0 0 0 0 0 0 0 0 0 0 0 0 0 0 0 0 0 0 0 0 0 0 0 0 0 0 0 0 0 0 0 4.79131e-05 0.000150622 0.000436844 0.0011695 0.002891 0.00660271 0.0139413 0.0272362 0.0493402 0.0828602 0.129307 0.187924 0.255067 0.324555 0.389172 0.443037 0.483782 0.513622 0.538292 0.564252 0.595086 0.629364 0.661273 0.683955 0.693597 0.691946 0.686037 0.685344 0.698346 0.730453 0.784189 0.860786 0.961082 1.08402 1.22329 1.36444 1.48523 1.56022 1.56831 1.50013 1.36184 1.17325 0.961452 0.752665 0.56612 0.411674 0.290952 0.200417 0.134483 0.0876212 0.0552113 0.033587 0.0197889 0.0113943 0.00647558 0.00365325 0.00201746 0.00106695 0.00053937 0.000264857 0.000120226 5.04453e-05 0 0 0 0 0 0 0 0 0 0 0 0 0 0 0 0 0 0 0 0 0 0 0 0 0 0 0 0 0 0 0 0 0 0 0 0 0 0 0 0 0 0 0 0 0 0 0
0 0 0 0 0 0 0 0 0 0 0 0 0 0 0 0 0 0 0 0 0 0 0 0 0 0 0 0 0 0 0 0 0 0 0 0 0 0 0 0 0 4.62642e-05 0.000145677 0.000423316 0.00113583 0.00281556 0.00645126 0.0136737 0.0268657 0.0489049 0.0826493 0.129906 0.19032 0.26064 0.33496 0.406133 0.468193 0.518597 0.559182 0.594998 0.63125 0.670136 0.709267 0.742624 0.763742 0.769547 0.76275 0.751478 0.746326 0.756754 0.788848 0.845386 0.927298 1.03452 1.16471 1.31032 1.45607 1.57954 1.65562 1.66371 1.59465 1.45417 1.26118 1.04174 0.821666 0.620869 0.450938 0.315753 0.213659 0.139985 0.0889928 0.0551335 0.0335811 0.020391 0.0124908 0.00769872 0.00470024 0.00276546 0.00151947 0.000804166 0.000394858 0.000179419 7.53925e-05 2.92875e-05 0 0 0 0 0 0 0 0 0 0 0 0 0 0 0 0 0 0 0 0 0 0 0 0 0 0 0 0 0 0 0 0 0 0 0 0 0 0 0 0 0 0 0 0 0 0
0 0 0 0 0 0 0 0 0 0 0 0 0 0 0 0 0 0 0 0 0 0 0 0 0 0 0 0 0 0 0 0 0 0 0 0 0 0 0 0 0 4.14744e-05 0.000130931 0.000381574 0.00102733 0.00255679 0.00588593 0.0125433 0.0248266 0.0455405 0.0776374 0.12325 0.182632 0.253425 0.330756 0.408557 0.48165 0.547577 0.607075 0.662711 0.716687 0.769023 0.81668 0.854091 0.87546 0.878283 0.865895 0.847242 0.83382 0.835881 0.86007 0.9094 0.984643 1.08517 1.20796 1.34519 1.4823 1.59855 1.67098 1.6805 1.6179 1.48699 1.30343 1.09003 0.870651 0.665222 0.487065 0.34249 0.231989 0.152119 0.0973906 0.061744 0.0394708 0.0257573 0.0170604 0.0112118 0.00713685 0.00428911 0.00243149 0.00129167 0.000636722 0.000290607 0.000122784 4.79565e-05 1.73111e-05 0 0 0 0 0 0 0 0 0 0 0 0 0 0 0 0 0 0 0 0 0 0 0 0 0 0 0 0 0 0 0 0 0 0 0 0 0 0 0 0 0 0 0 0 0
0 0 0 0 0 0 0 0 0 0 0 0 0 0 0 0 0 0 0 0 0 0 0 0 0 0 0 0 0 0 0 0 0 0 0 0 0 0 0 0 0 3.4713e-05 0.000109948 0.000321705 0.000870162 0.00217721 0.00504265 0.0108194 0.0216258 0.040047 0.0690299 0.110976 0.166906 0.235797 0.314657 0.399514 0.486728 0.5738 0.659039 0.740775 0.817195 0.886332 0.945505 0.990271 1.01539 1.01807 1.0013 0.974127 0.948646 0.935891 0.943171 0.974061 1.02969 1.10958 1.21091 1.32674 1.44455 1.54678 1.61364 1.62787 1.57946 1.46866 1.30602 1.1096 0.900507 0.698503 0.518665 0.36982 0.254725 0.171264 0.114288 0.0772423 0.0535394 0.0377937 0.0265549 0.0181076 0.0117688 0.00719119 0.00411589 0.00219435 0.00108707 0.000498769 0.000211855 8.31925e-05 3.01871e-05 0 0 0 0 0 0 0 0 0 0 0 0 0 0 0 0 0 0 0 0 0 0 0 0 0 0 0 0 0 0 0 0 0 0 0 0 0 0 0 0 0 0 0 0 0
0 0 0 0 0 0 0 0 0 0 0 0 0 0 0 0 0 0 0 0 0 0 0 0 0 0 0 0 0 0 0 0 0 0 0 0 0 0 0 0 0 2.73678e-05 8.70604e-05 0.000256062 0.000696568 0.00175396 0.00409057 0.00889268 0.0178965 0.0335121 0.0585179 0.095549 0.146501 0.212075 0.291796 0.384408 0.487855 0.598759 0.711805 0.820535 0.919592 1.00634 1.07951 1.13616 1.17084 1.17906 1.16194 1.12765 1.08847 1.05614 1.03883 1.04107 1.06511 1.11179 1.17985 1.26448 1.35627 1.44145 1.50359 1.5267 1.49884 1.41548 1.28114 1.1087 0.916495 0.724085 0.548237 0.400188 0.284736 0.200923 0.143551 0.105236 0.0786956 0.0587478 0.0427381 0.0297426 0.0195616 0.0120647 0.00694601 0.00371998 0.00185006 0.000852224 0.000363194 0.000143106 5.20937e-05 1.75042e-05 0 0 0 0 0 0 0 0 0 0 0 0 0 0 0 0 0 0 0 0 0 0 0 0 0 0 0 0 0 0 0 0 0 0 0 0 0 0 0 0 0 0 0 0
0 0 0 0 0 0 0 0 0 0 0 0 0 0 0 0 0 0 0 0 0 0 0 0 0 0 0 0 0 0 0 0 0 0 0 0 0 0 0 0 0 0 6.59516e-05 0.000195025 0.000533774 0.00135252 0.00317524 0.00698755 0.0142074 0.0269351 0.0477551 0.0795132 0.125051 0.186963 0.267442 0.367644 0.486349 0.61848 0.755083 0.885981 1.00404 1.10745 1.19717 1.27147 1.32349 1.34538 1.33498 1.29847 1.24771 1.19494 1.1492 1.11619 1.09991 1.10372 1.12961 1.17649 1.23892 1.30685 1.36648 1.4019 1.39824 1.34574 1.24304 1.09829 0.927263 0.749259 0.582404 0.439936 0.328272 0.246924 0.189972 0.149155 0.117389 0.0905246 0.0671264 0.0472724 0.0313321 0.0194312 0.0112326 0.0060338 0.00300823 0.00138885 0.000593023 0.000234066 8.53218e-05 2.87407e-05 0 0 0 0 0 0 0 0 0 0 0 0 0 0 0 0 0 0 0 0 0 0 0 0 0 0 0 0 0 0 0 0 0 0 0 0 0 0 0 0 0 0 0 0
0 0 0 0 0 0 0 0 0 0 0 0 0 0 0 0 0 0 0 0 0 0 0 0 0 0 0 0 0 0 0 0 0 0 0 0 0 0 0 0 0 0 4.85989e-05 0.000144386 0.000396958 0.00101055 0.00238313 0.00532238 0.0109364 0.0210255 0.0379801 0.0648744 0.105414 0.163894 0.244547 0.34995 0.478822 0.624434 0.775456 0.920109 1.05144 1.16973 1.27839 1.37606 1.45324 1.4977 1.50297 1.47241 1.41655 1.34741 1.27461 1.20507 1.14495 1.10097 1.0797 1.08529 1.11708 1.16856 1.22733 1.27641 1.2975 1.27598 1.20544 1.08996 0.942916 0.783029 0.629261 0.496239 0.391235 0.313381 0.25584 0.210211 0.170402 0.133763 0.100286 0.0711051 0.047344 0.0294576 0.0170733 0.00919091 0.0045863 0.00211961 0.000905959 0.000357836 0.000130602 4.39598e-05 1.36821e-05 0 0 0 0 0 0 0 0 0 0 0 0 0 0 0 0 0 0 0 0 0 0 0 0 0 0 0 0 0 0 0 0 0 0 0 0 0 0 0 0 0 0 0
0 0 0 0 0 0 0 0 0 0 0 0 0 0 0 0 0 0 0 0 0 0 0 0 0 0 0 0 0 0 0 0 0 0 0 0 0 0 0 0 0 0 0 0.000104951 0.000289091 0.000737012 0.00173982 0.00396658 0.00824899 0.0161405 0.0298824 0.0527156 0.0889854 0.144004 0.222982 0.32885 0.459947 0.608733 0.763346 0.912464 1.05101 1.18193 1.31053 1.43485 1.54229 1.61628 1.64617 1.63173 1.58079 1.50376 1.41 1.30766 1.20559 1.11454 1.04632 1.01087 1.01274 1.04863 1.10676 1.16846 1.2122 1.21932 1.17938 1.09293 0.970921 0.831126 0.692808 0.571275 0.473814 0.398769 0.338756 0.285959 0.23568 0.186867 0.140944 0.100322 0.0669691 0.0417393 0.024215 0.0130435 0.0065109 0.00300974 0.00128681 0.000508442 0.000185546 6.25921e-05 1.9504e-05 0 0 0 0 0 0 0 0 0 0 0 0 0 0 0 0 0 0 0 0 0 0 0 0 0 0 0 0 0 0 0 0 0 0 0 0 0 0 0 0 0 0 0
0 0 0 0 0 0 0 0 0 0 0 0 0 0 0 0 0 0 0 0 0 0 0 0 0 0 0 0 0 0 0 0 0 0 0 0 0 0 0 0 0 0 0 7.48185e-05 0.000205859 0.000523896 0.00123379 0.00291142 0.00615744 0.0123448 0.0235887 0.0431635 0.0756186 0.126481 0.200897 0.30163 0.426806 0.569119 0.717847 0.863762 1.00444 1.14517 1.29192 1.44153 1.5791 1.68542 1.74655 1.75824 1.72384 1.65002 1.54448 1.41635 1.27792 1.14497 1.035 0.963422 0.939166 0.961386 1.01848 1.09024 1.1526 1.18393 1.17061 1.11023 1.01156 0.891278 0.768535 0.658668 0.568366 0.495054 0.431198 0.36984 0.307708 0.245314 0.185625 0.132341 0.0884229 0.055127 0.031977 0.0172182 0.00859079 0.00396958 0.0016968 0.000670371 0.000244863 8.26332e-05 2.57879e-05 0 0 0 0 0 0 0 0 0 0 0 0 0 0 0 0 0 0 0 0 0 0 0 0 0 0 0 0 0 0 0 0 0 0 0 0 0 0 0 0 0 0 0
0 0 0 0 0 0 0 0 0 0 0 0 0 0 0 0 0 0 0 0 0 0 0 0 0 0 0 0 0 0 0 0 0 0 0 0 0 0 0 0 0 0 0 0 0.000141852 0.000359685 0.000843439 0.0021161 0.00459058 0.0094986 0.0188194 0.0356477 0.0642679 0.109817 0.176874 0.267809 0.38094 0.510161 0.647041 0.785247 0.924783 1.07176 1.23143 1.39958 1.56125 1.69722 1.792 1.83704 1.82951 1.77018 1.66332 1.51833 1.35131 1.18409 1.04058 0.941281 0.898078 0.910966 0.967813 1.0471 1.12311 1.17225 1.17876 1.13826 1.05803 0.953925 0.844789 0.745437 0.661493 0.589384 0.521444 0.451553 0.377733 0.301981 0.228782 0.163136 0.108941 0.0678606 0.0393187 0.0211473 0.0105418 0.00486632 0.00207938 0.000821828 0.000300444 0.000101629 3.17757e-05 9.18956e-06 0 0 0 0 0 0 0 0 0 0 0 0 0 0 0 0 0 0 0 0 0 0 0 0 0 0 0 0 0 0 0 0 0 0 0 0 0 0 0 0 0 0
0 0 0 0 0 0 0 0 0 0 0 0 0 0 0 0 0 0 0 0 0 0 0 0 0 0 0 0 0 0 0 0 0 0 0 0 0 0 0 0 0 0 0 0 9.34136e-05 0.000235895 0.000550555 0.00153264 0.00343993 0.00737766 0.0151042 0.0293715 0.0539265 0.0931652 0.150977 0.229429 0.327465 0.440841 0.563986 0.693325 0.830046 0.979153 1.14392 1.32014 1.4954 1.65348 1.779 1.85937 1.88474 1.84852 1.75018 1.5984 1.41263 1.22081 1.05351 0.936329 0.883187 0.893409 0.953085 1.03903 1.12421 1.18392 1.2016 1.17222 1.1027 1.00877 0.909009 0.81744 0.738384 0.667191 0.595916 0.518978 0.435413 0.348476 0.263961 0.188052 0.125382 0.0779686 0.0450955 0.0242141 0.0120557 0.0055622 0.00237686 0.000940551 0.000344795 0.00011715 3.69138e-05 1.07497e-05 0 0 0 0 0 0 0 0 0 0 0 0 0 0 0 0 0 0 0 0 0 0 0 0 0 0 0 0 0 0 0 0 0 0 0 0 0 0 0 0 0 0
0 0 0 0 0 0 0 0 0 0 0 0 0 0 0 0 0 0 0 0 0 0 0 0 0 0 0 0 0 0 0 0 0 0 0 0 0 0 0 0 0 0 0 0 0 0.000146631 0.000340746 0.00111181 0.00258875 0.00573324 0.0120541 0.0238166 0.0441155 0.0766 0.124512 0.189854 0.272523 0.370449 0.480828 0.602067 0.734961 0.881863 1.0437 1.21727 1.39464 1.56437 1.71266 1.82384 1.88154 1.87202 1.78953 1.64119 1.44859 1.24446 1.06508 0.940662 0.887082 0.902535 0.970325 1.06458 1.15651 1.22074 1.24092 1.21282 1.14428 1.05179 0.954169 0.864982 0.787594 0.716351 0.6428 0.561354 0.47152 0.377356 0.285552 0.203095 0.135146 0.0838562 0.048411 0.0259608 0.0129192 0.00596404 0.00255403 0.00101464 0.00037453 0.000128526 4.09872e-05 1.21264e-05 0 0 0 0 0 0 0 0 0 0 0 0 0 0 0 0 0 0 0 0 0 0 0 0 0 0 0 0 0 0 0 0 0 0 0 0 0 0 0 0 0 0
0 0 0 0 0 0 0 0 0 0 0 0 0 0 0 0 0 0 0 0 0 0 0 0 0 0 0 0 0 0 0 0 0 0 0 0 0 0 0 0 0 0 0 0 0 0 0.000199641 0.000427014 0.00194065 0.00447226 0.00946841 0.0188394 0.0350062 0.0609347 0.0993568 0.152415 0.221091 0.305341 0.404561 0.51814 0.645635 0.786512 0.939763 1.10347 1.2741 1.44504 1.60485 1.7364 1.819 1.83366 1.77044 1.63457 1.44816 1.24644 1.06908 0.94947 0.905343 0.934279 1.01665 1.123 1.2219 1.28712 1.30301 1.26706 1.18908 1.08728 0.981654 0.886408 0.804971 0.731225 0.655933 0.572803 0.480996 0.384616 0.29064 0.206345 0.137053 0.0849014 0.0489709 0.0262673 0.013097 0.00607252 0.00261775 0.00105129 0.000393398 0.000137602 4.49411e-05 1.37378e-05 0 0 0 0 0 0 0 0 0 0 0 0 0 0 0 0 0 0 0 0 0 0 0 0 0 0 0 0 0 0 0 0 0 0 0 0 0 0 0 0 0 0
0 0 0 0 0 0 0 0 0 0 0 0 0 0 0 0 0 0 0 0 0 0 0 0 0 0 0 0 0 0 0 0 0 0 0 0 0 0 0 0 0 0 0 0 0 0 0 0.000420779 0.00160126 0.00356133 0.00746146 0.0147273 0.0272172 0.0473152 0.0773769 0.11968 0.176124 0.248178 0.336664 0.441418 0.561006 0.693126 0.835621 0.987275 1.14701 1.31132 1.47093 1.60929 1.70465 1.73608 1.69157 1.57472 1.40685 1.22302 1.06317 0.961392 0.93647 0.986152 1.08868 1.21094 1.31835 1.38332 1.39083 1.34036 1.24428 1.12315 0.999015 0.888027 0.795204 0.714996 0.637435 0.554802 0.465006 0.371309 0.280225 0.198731 0.131917 0.0817573 0.0472418 0.0254471 0.0127802 0.00599118 0.00262374 0.00107373 0.000411928 0.000147954 4.98509e-05 1.57237e-05 0 0 0 0 0 0 0 0 0 0 0 0 0 0 0 0 0 0 0 0 0 0 0 0 0 0 0 0 0 0 0 0 0 0 0 0 0 0 0 0 0 0
0 0 0 0 0 0 0 0 0 0 0 0 0 0 0 0 0 0 0 0 0 0 0 0 0 0 0 0 0 0 0 0 0 0 0 0 0 0 0 0 0 0 0 0 0 0 0.000253666 0.000556315 0.00152105 0.00322519 0.00640869 0.0121217 0.0217471 0.0371351 0.0603037 0.0935121 0.139167 0.199581 0.276421 0.369996 0.478906 0.600636 0.732769 0.873822 1.02266 1.17619 1.32645 1.45898 1.55431 1.59319 1.56417 1.4702 1.33088 1.17864 1.05033 0.977665 0.979088 1.05329 1.17798 1.31733 1.43374 1.49799 1.49542 1.42751 1.3092 1.16345 1.01444 0.880748 0.770194 0.679161 0.59763 0.516299 0.431067 0.343582 0.259155 0.183899 0.122331 0.0761392 0.044307 0.024126 0.0123015 0.00588216 0.00263928 0.00111231 0.000437902 0.000162176 5.61139e-05 1.81433e-05 0 0 0 0 0 0 0 0 0 0 0 0 0 0 0 0 0 0 0 0 0 0 0 0 0 0 0 0 0 0 0 0 0 0 0 0 0 0 0 0 0 0
0 0 0 0 0 0 0 0 0 0 0 0 0 0 0 0 0 0 0 0 0 0 0 0 0 0 0 0 0 0 0 0 0 0 0 0 0 0 0 0 0 0 0 0 0 0.00016881 0.000399913 0.000874982 0.00176938 0.00375065 0.006897 0.0120713 0.0201496 0.0324562 0.0504872 0.0762823 0.112289 0.161142 0.225056 0.305151 0.401104 0.511427 0.634071 0.766701 0.906276 1.04803 1.18416 1.30286 1.38901 1.42779 1.41067 1.34118 1.23677 1.12516 1.03706 0.999093 1.02842 1.12561 1.26958 1.42325 1.54673 1.60943 1.59708 1.51295 1.37428 1.2058 1.03293 0.875824 0.745025 0.639977 0.552045 0.47104 0.390782 0.31075 0.234525 0.16695 0.111726 0.0701916 0.0413862 0.0229343 0.0119515 0.00585944 0.00270178 0.00116948 0.000474628 0.000177636 6.27172e-05 2.05484e-05 0 0 0 0 0 0 0 0 0 0 0 0 0 0 0 0 0 0 0 0 0 0 0 0 0 0 0 0 0 0 0 0 0 0 0 0 0 0 0 0 0 0
0 0 0 0 0 0 0 0 0 0 0 0 0 0 0 0 0 0 0 0 0 0 0 0 0 0 0 0 0 0 0 0 0 0 0 0 0 0 0 0 0 0 0 0 0 0.000264526 0.000625544 0.00136613 0.00275743 0.00530889 0.00934217 0.0154053 0.0240569 0.0358438 0.0515677 0.0725274 0.100723 0.13864 0.188968 0.253987 0.335117 0.432627 0.545221 0.669645 0.800569 0.93094 1.0524 1.15536 1.2293 1.26481 1.25761 1.21257 1.14462 1.07539 1.0277 1.02239 1.0756 1.19032 1.34747 1.50996 1.63683 1.69695 1.67682 1.58143 1.42959 1.24664 1.0576 0.882504 0.733489 0.613305 0.516313 0.433037 0.355853 0.28204 0.213153 0.152548 0.103017 0.0655596 0.0392935 0.0222105 0.0118301 0.00593183 0.00279456 0.00123338 0.000508973 0.000195683 6.74371e-05 0 0 0 0 0 0 0 0 0 0 0 0 0 0 0 0 0 0 0 0 0 0 0 0 0 0 0 0 0 0 0 0 0 0 0 0 0 0 0 0 0 0 0
0 0 0 0 0 0 0 0 0 0 0 0 0 0 0 0 0 0 0 0 0 0 0 0 0 0 0 0 0 0 0 0 0 0 0 0 0 0 0 0 0 0 0 0 0.000159624 0.000408577 0.000965251 0.00210576 0.00424503 0.00791632 0.0138269 0.0223606 0.0338378 0.048326 0.065806 0.0865182 0.111262 0.141628 0.180011 0.229631 0.294014 0.375768 0.47496 0.588081 0.708347 0.827088 0.935416 1.02512 1.08914 1.12265 1.12521 1.10279 1.06744 1.03452 1.01996 1.04055 1.11214 1.23923 1.40406 1.57004 1.69661 1.75345 1.7286 1.62871 1.47329 1.28672 1.0918 0.90673 0.744021 0.609425 0.50126 0.412374 0.334863 0.264176 0.199885 0.143874 0.0980807 0.0632041 0.0384668 0.0220856 0.0119588 0.00609006 0.00290917 0.00129882 0.000541201 0.000209747 6.84641e-05 0 0 0 0 0 0 0 0 0 0 0 0 0 0 0 0 0 0 0 0 0 0 0 0 0 0 0 0 0 0 0 0 0 0 0 0 0 0 0 0 0 0 0
0 0 0 0 0 0 0 0 0 0 0 0 0 0 0 0 0 0 0 0 0 0 0 0 0 0 0 0 0 0 0 0 0 0 0 0 0 0 0 0 0 0 0 0 0.000238764 0.000611102 0.00144348 0.00314808 0.00634272 0.0118169 0.0204368 0.0328246 0.0491338 0.0690326 0.0918553 0.116864 0.143801 0.172927 0.205299 0.243364 0.291408 0.354356 0.434816 0.5307 0.635461 0.740183 0.835953 0.915367 0.973279 1.00749 1.01968 1.01578 1.00503 0.99819 1.00754 1.04839 1.1362 1.27458 1.44512 1.6118 1.73561 1.78861 1.76129 1.66207 1.51051 1.32877 1.13614 0.947985 0.776529 0.63006 0.51077 0.414356 0.333425 0.262233 0.1988 0.1439 0.098907 0.064373 0.039607 0.0229927 0.0125833 0.00647005 0.00311648 0.00140144 0.000587491 0.000228911 8.2721e-05 0 0 0 0 0 0 0 0 0 0 0 0 0 0 0 0 0 0 0 0 0 0 0 0 0 0 0 0 0 0 0 0 0 0 0 0 0 0 0 0 0 0 0
0 0 0 0 0 0 0 0 0 0 0 0 0 0 0 0 0 0 0 0 0 0 0 0 0 0 0 0 0 0 0 0 0 0 0 0 0 0 0 0 0 0 0 0.000122287 0.000339402 0.00086919 0.00205397 0.00448074 0.00902788 0.016813 0.0290073 0.0464376 0.069178 0.0964719 0.126909 0.158981 0.191657 0.224433 0.257272 0.291116 0.328869 0.375417 0.43523 0.509013 0.592601 0.678713 0.759493 0.828359 0.881034 0.916158 0.93565 0.944426 0.949616 0.960117 0.987707 1.04776 1.1539 1.30601 1.48311 1.64959 1.76897 1.8166 1.7862 1.68834 1.54262 1.36884 1.1826 0.996396 0.821936 0.669287 0.54326 0.441305 0.35625 0.281676 0.215001 0.15682 0.108658 0.0712984 0.0442142 0.0258562 0.0142463 0.00736933 0.00356892 0.00161294 0.000679382 0.000265903 9.65529e-05 0 0 0 0 0 0 0 0 0 0 0 0 0 0 0 0 0 0 0 0 0 0 0 0 0 0 0 0 0 0 0 0 0 0 0 0 0 0 0 0 0 0 0
0 0 0 0 0 0 0 0 0 0 0 0 0 0 0 0 0 0 0 0 0 0 0 0 0 0 0 0 0 0 0 0 0 0 0 0 0 0 0 0 0 0 0 0.00016309 0.000453052 0.00116102 0.00274575 0.00599348 0.0120807 0.0225004 0.038807 0.0620039 0.0921435 0.127937 0.167163 0.207531 0.247368 0.285912 0.32284 0.358267 0.393591 0.431991 0.477222 0.531118 0.592086 0.655824 0.717047 0.77102 0.814515 0.846435 0.868106 0.883295 0.89809 0.921438 0.965945 1.04644 1.17256 1.33876 1.52124 1.68519 1.79721 1.83636 1.79972 1.70027 1.55823 1.39196 1.21433 1.03555 0.866519 0.717708 0.594233 0.492907 0.405665 0.325952 0.252 0.185684 0.129721 0.0856952 0.0534431 0.0314042 0.0173722 0.00901793 0.00438206 0.00198755 0.000840259 0.000330301 0.000110115 0 0 0 0 0 0 0 0 0 0 0 0 0 0 0 0 0 0 0 0 0 0 0 0 0 0 0 0 0 0 0 0 0 0 0 0 0 0 0 0 0 0 0
0 0 0 0 0 0 0 0 0 0 0 0 0 0 0 0 0 0 0 0 0 0 0 0 0 0 0 0 0 0 0 0 0 0 0 0 0 0 0 0 0 0 6.72918e-05 0.000202777 0.000563871 0.00144639 0.00342355 0.00747892 0.0150851 0.0281279 0.0484886 0.0774464 0.114939 0.159233 0.207305 0.256044 0.303326 0.348388 0.391143 0.431663 0.470569 0.509505 0.550373 0.593819 0.638495 0.681897 0.721543 0.755698 0.783543 0.805286 0.822419 0.83823 0.858513 0.892444 0.9524 1.05049 1.1911 1.36402 1.54428 1.69917 1.79878 1.82569 1.77998 1.67665 1.53694 1.37885 1.21386 1.05054 0.898494 0.76665 0.65736 0.56424 0.477601 0.391747 0.307289 0.228745 0.160996 0.106944 0.0669738 0.0394816 0.0218952 0.0113926 0.00554793 0.00252515 0.00107163 0.000423362 0.000150357 5.13499e-05 0 0 0 0 0 0 0 0 0 0 0 0 0 0 0 0 0 0 0 0 0 0 0 0 0 0 0 0 0 0 0 0 0 0 0 0 0 0 0 0 0 0
0 0 0 0 0 0 0 0 0 0 0 0 0 0 0 0 0 0 0 0 0 0 0 0 0 0 0 0 0 0 0 0 0 0 0 0 0 0 0 0 0 0 7.76748e-05 0.000234315 0.000652163 0.00167454 0.00396729 0.0086746 0.017511 0.0326773 0.0563674 0.0900699 0.1337 0.18518 0.240942 0.297315 0.3519 0.404058 0.454073 0.502267 0.549011 0.594973 0.640378 0.683886 0.722664 0.753868 0.776232 0.790555 0.799165 0.805097 0.811663 0.822849 0.844324 0.884298 0.952681 1.05732 1.19811 1.36276 1.52761 1.66352 1.7446 1.7568 1.70226 1.59709 1.46297 1.31786 1.1727 1.035 0.912346 0.80986 0.724447 0.645182 0.561304 0.469173 0.372798 0.280056 0.198446 0.132507 0.0833241 0.049291 0.0274175 0.01431 0.00699469 0.00319777 0.00136486 0.000536603 0.000198937 6.86632e-05 0 0 0 0 0 0 0 0 0 0 0 0 0 0 0 0 0 0 0 0 0 0 0 0 0 0 0 0 0 0 0 0 0 0 0 0 0 0 0 0 0 0
0 0 0 0 0 0 0 0 0 0 0 0 0 0 0 0 0 0 0 0 0 0 0 0 0 0 0 0 0 0 0 0 0 0 0 0 0 0 0 0 0 0 8.3188e-05 0.000251215 0.00069985 0.00179878 0.00426563 0.00933605 0.0188649 0.0352433 0.0608648 0.0973929 0.144813 0.201023 0.262356 0.325043 0.386761 0.446951 0.506015 0.564265 0.621893 0.67894 0.734374 0.785059 0.826339 0.854163 0.867136 0.867232 0.859097 0.848666 0.841868 0.844162 0.860974 0.898374 0.962552 1.0573 1.18007 1.31918 1.45441 1.56152 1.61931 1.61693 1.55768 1.45723 1.33634 1.21233 1.09571 0.992952 0.908796 0.842851 0.785611 0.722399 0.642668 0.545431 0.438156 0.33195 0.236867 0.159122 0.100578 0.0598294 0.0334437 0.0175496 0.00863166 0.00397476 0.00170381 0.000685152 0.000257065 8.99144e-05 0 0 0 0 0 0 0 0 0 0 0 0 0 0 0 0 0 0 0 0 0 0 0 0 0 0 0 0 0 0 0 0 0 0 0 0 0 0 0 0 0 0
0 0 0 0 0 0 0 0 0 0 0 0 0 0 0 0 0 0 0 0 0 0 0 0 0 0 0 0 0 0 0 0 0 0 0 0 0 0 0 0 0 0 8.25857e-05 0.000249755 0.000696441 0.00179164 0.00425291 0.00931814 0.0188616 0.0352718 0.0610301 0.097914 0.146132 0.203941 0.268182 0.335636 0.404316 0.473624 0.543472 0.613616 0.683808 0.753591 0.821003 0.881561 0.929242 0.95904 0.969245 0.962176 0.943528 0.920853 0.901892 0.893244 0.899846 0.925338 0.972451 1.04216 1.13148 1.23131 1.3264 1.39844 1.43144 1.41749 1.36009 1.27301 1.1744 1.07968 0.998285 0.935205 0.891612 0.861496 0.830494 0.782324 0.707602 0.607754 0.492882 0.37652 0.270754 0.183244 0.116692 0.0699257 0.0393844 0.0208347 0.0103409 0.00480204 0.00209067 0.000851061 0.000323591 0.000114782 0 0 0 0 0 0 0 0 0 0 0 0 0 0 0 0 0 0 0 0 0 0 0 0 0 0 0 0 0 0 0 0 0 0 0 0 0 0 0 0 0 0
0 0 0 0 0 0 0 0 0 0 0 0 0 0 0 0 0 0 0 0 0 0 0 0 0 0 0 0 0 0 0 0 0 0 0 0 0 0 0 0 0 0 7.60939e-05 0.000230166 0.000642463 0.00165453 0.00393164 0.00862509 0.0174875 0.0327727 0.0568788 0.0916597 0.137697 0.194005 0.258503 0.329041 0.40416 0.482885 0.564074 0.64643 0.729051 0.810934 0.889371 0.958946 1.01297 1.04631 1.05745 1.04894 1.02653 0.997853 0.970908 0.952349 0.946267 0.954177 0.976182 1.01177 1.05892 1.1124 1.16292 1.19869 1.20901 1.1885 1.13993 1.07383 1.00432 0.943597 0.898935 0.873067 0.863793 0.861509 0.85007 0.813652 0.74439 0.645248 0.527658 0.406409 0.294702 0.201189 0.129283 0.0781942 0.044478 0.0237698 0.0119206 0.00560899 0.00247184 0.00101897 0.000392385 0.000140946 0 0 0 0 0 0 0 0 0 0 0 0 0 0 0 0 0 0 0 0 0 0 0 0 0 0 0 0 0 0 0 0 0 0 0 0 0 0 0 0 0 0
0 0 0 0 0 0 0 0 0 0 0 0 0 0 0 0 0 0 0 0 0 0 0 0 0 0 0 0 0 0 0 0 0 0 0 0 0 0 0 0 0 0 6.49929e-05 0.000196748 0.000549606 0.00141692 0.00337187 0.00740932 0.015058 0.0283135 0.0493791 0.0801509 0.121687 0.174025 0.236499 0.308232 0.388221 0.474844 0.5657 0.658396 0.751335 0.842947 0.929733 1.00563 1.06391 1.10016 1.11388 1.10811 1.08809 1.06023 1.0312 1.00659 0.989278 0.979059 0.974275 0.973831 0.977501 0.984519 0.991968 0.994652 0.986832 0.965017 0.930401 0.889374 0.851085 0.823456 0.810627 0.812793 0.825738 0.839234 0.838342 0.809203 0.745383 0.650382 0.535631 0.415779 0.304096 0.209544 0.136004 0.0831237 0.0478005 0.0258328 0.0131149 0.00624465 0.00278484 0.00116136 0.000452204 0.000164117 0 0 0 0 0 0 0 0 0 0 0 0 0 0 0 0 0 0 0 0 0 0 0 0 0 0 0 0 0 0 0 0 0 0 0 0 0 0 0 0 0 0
0 0 0 0 0 0 0 0 0 0 0 0 0 0 0 0 0 0 0 0 0 0 0 0 0 0 0 0 0 0 0 0 0 0 0 0 0 0 0 0 0 0 5.14913e-05 0.000156027 0.000436377 0.00112642 0.0026859 0.00591728 0.0120703 0.0228165 0.0401029 0.065835 0.101564 0.148378 0.206976 0.277584 0.359434 0.450293 0.546841 0.64601 0.74574 0.84383 0.935931 1.01538 1.07575 1.11392 1.13105 1.13104 1.11843 1.09755 1.07257 1.04709 1.0226 0.997664 0.969539 0.937086 0.902081 0.868132 0.838356 0.81369 0.792732 0.773162 0.754013 0.737217 0.72679 0.726095 0.735782 0.753826 0.775615 0.792772 0.793612 0.76717 0.708379 0.620523 0.513863 0.401684 0.296229 0.206023 0.135106 0.0834736 0.0485423 0.0265402 0.0136304 0.00656383 0.00295905 0.00124662 0.000489922 0.000179275 0 0 0 0 0 0 0 0 0 0 0 0 0 0 0 0 0 0 0 0 0 0 0 0 0 0 0 0 0 0 0 0 0 0 0 0 0 0 0 0 0 0
0 0 0 0 0 0 0 0 0 0 0 0 0 0 0 0 0 0 0 0 0 0 0 0 0 0 0 0 0 0 0 0 0 0 0 0 0 0 0 0 0 0 3.78815e-05 0.000114942 0.000322064 0.000833405 0.00199313 0.0044096 0.00904926 0.0172534 0.030698 0.0512567 0.0808614 0.121419 0.174608 0.241337 0.320982 0.41106 0.508058 0.60887 0.711293 0.812591 0.907532 0.988859 1.05036 1.09022 1.11132 1.1187 1.11635 1.10625 1.08959 1.06755 1.04025 1.00554 0.960278 0.903534 0.838762 0.773095 0.714566 0.669148 0.638893 0.622134 0.615741 0.617774 0.627904 0.645417 0.667729 0.691048 0.711256 0.722999 0.718896 0.691527 0.637292 0.558834 0.464467 0.365184 0.271356 0.190424 0.126119 0.0787511 0.046306 0.0255967 0.0132893 0.00646621 0.00294321 0.00125081 0.000495379 0.000182496 0 0 0 0 0 0 0 0 0 0 0 0 0 0 0 0 0 0 0 0 0 0 0 0 0 0 0 0 0 0 0 0 0 0 0 0 0 0 0 0 0 0
0 0 0 0 0 0 0 0 0 0 0 0 0 0 0 0 0 0 0 0 0 0 0 0 0 0 0 0 0 0 0 0 0 0 0 0 0 0 0 0 0 0 2.59428e-05 7.89045e-05 0.000221796 0.000576369 0.00138569 0.00308871 0.00640212 0.0123727 0.0224153 0.0383067 0.0621487 0.0962528 0.142755 0.202886 0.276215 0.360563 0.452908 0.550699 0.651965 0.75362 0.849757 0.932498 0.995549 1.03767 1.06296 1.07746 1.08505 1.08594 1.07859 1.06183 1.03461 0.99463 0.938924 0.866941 0.783145 0.696795 0.619104 0.559431 0.522251 0.506355 0.507206 0.520392 0.542599 0.569968 0.597191 0.619034 0.632037 0.63386 0.621535 0.591423 0.541551 0.473883 0.394443 0.311475 0.232951 0.16484 0.110205 0.069514 0.0413021 0.0230656 0.0120957 0.00594066 0.00272701 0.00116766 0.000465461 0.000172423 0 0 0 0 0 0 0 0 0 0 0 0 0 0 0 0 0 0 0 0 0 0 0 0 0 0 0 0 0 0 0 0 0 0 0 0 0 0 0 0 0 0
0 0 0 0 0 0 0 0 0 0 0 0 0 0 0 0 0 0 0 0 0 0 0 0 0 0 0 0 0 0 0 0 0 0 0 0 0 0 0 0 0 0 1.66305e-05 5.08093e-05 0.000143665 0.000376295 0.000913284 0.00206006 0.00433762 0.00854905 0.0158633 0.0278751 0.0466044 0.074363 0.113316 0.164803 0.228733 0.303606 0.38737 0.478383 0.57519 0.674738 0.77079 0.855012 0.920594 0.965919 0.995123 1.01485 1.02934 1.03817 1.03808 1.02599 0.999952 0.957903 0.89763 0.819019 0.726769 0.630744 0.54333 0.475483 0.433059 0.415416 0.417725 0.434625 0.461207 0.491528 0.518402 0.535625 0.540177 0.532012 0.511741 0.479154 0.43399 0.377649 0.314039 0.248613 0.186964 0.133272 0.089879 0.0572313 0.0343369 0.0193575 0.0102446 0.00507393 0.00234662 0.00101131 0.00040536 0 0 0 0 0 0 0 0 0 0 0 0 0 0 0 0 0 0 0 0 0 0 0 0 0 0 0 0 0 0 0 0 0 0 0 0 0 0 0 0 0 0 0
0 0 0 0 0 0 0 0 0 0 0 0 0 0 0 0 0 0 0 0 0 0 0 0 0 0 0 0 0 0 0 0 0 0 0 0 0 0 0 0 0 0 1.00356e-05 3.10873e-05 8.86805e-05 0.000235805 0.000581011 0.00133463 0.0028699 0.00579525 0.0110432 0.0199482 0.0342575 0.0560094 0.0871645 0.129069 0.182021 0.245347 0.318087 0.399644 0.489292 0.58437 0.678826 0.76417 0.832906 0.882162 0.914935 0.937581 0.955029 0.967416 0.971044 0.961717 0.936832 0.894866 0.834664 0.756656 0.665123 0.569064 0.480291 0.409796 0.363952 0.342827 0.342158 0.356741 0.381231 0.408866 0.431753 0.443373 0.440998 0.425752 0.400466 0.367394 0.327693 0.282518 0.234017 0.185422 0.14 0.100435 0.0682719 0.0438557 0.0265507 0.015097 0.0080571 0.0040207 0.00187185 0.000811277 0.000326721 0 0 0 0 0 0 0 0 0 0 0 0 0 0 0 0 0 0 0 0 0 0 0 0 0 0 0 0 0 0 0 0 0 0 0 0 0 0 0 0 0 0 0
0 0 0 0 0 0 0 0 0 0 0 0 0 0 0 0 0 0 0 0 0 0 0 0 0 0 0 0 0 0 0 0 0 0 0 0 0 0 0 0 0 0 0 1.84444e-05 5.36001e-05 0.000145046 0.000364674 0.000856243 0.00188252 0.00389658 0.0076019 0.0140386 0.0245953 0.0409246 0.0646819 0.0971516 0.138958 0.190163 0.250791 0.321218 0.40154 0.489832 0.580704 0.666016 0.737711 0.791282 0.827632 0.851861 0.869263 0.881337 0.885217 0.876564 0.852547 0.812282 0.755793 0.684003 0.600288 0.511736 0.428291 0.35981 0.312611 0.287496 0.281116 0.288967 0.30622 0.326636 0.342882 0.348854 0.341989 0.323625 0.297297 0.266434 0.23308 0.19828 0.163144 0.129059 0.0976845 0.0704498 0.0482307 0.0312324 0.0190664 0.010926 0.00587578 0.00295211 0.00138243 0.000602113 0.000243483 0 0 0 0 0 0 0 0 0 0 0 0 0 0 0 0 0 0 0 0 0 0 0 0 0 0 0 0 0 0 0 0 0 0 0 0 0 0 0 0 0 0 0
0 0 0 0 0 0 0 0 0 0 0 0 0 0 0 0 0 0 0 0 0 0 0 0 0 0 0 0 0 0 0 0 0 0 0 0 0 0 0 0 0 0 0 1.08485e-05 3.22148e-05 8.90272e-05 0.000228474 0.000547653 0.00122758 0.00258801 0.00513233 0.00962103 0.0170834 0.0287798 0.0460354 0.0700068 0.10151 0.14113 0.189637 0.248205 0.317746 0.39727 0.482489 0.566076 0.639814 0.697614 0.737838 0.763417 0.779286 0.788416 0.789832 0.780203 0.757059 0.720141 0.670396 0.608985 0.538039 0.462165 0.388672 0.32563 0.278908 0.250034 0.236709 0.235268 0.241928 0.252025 0.259853 0.260331 0.251057 0.23291 0.208982 0.182654 0.156191 0.130643 0.106379 0.0837975 0.0634657 0.0459569 0.0316577 0.0206503 0.0127028 0.00732963 0.00396932 0.00200648 0.000944486 0.000413152 0 0 0 0 0 0 0 0 0 0 0 0 0 0 0 0 0 0 0 0 0 0 0 0 0 0 0 0 0 0 0 0 0 0 0 0 0 0 0 0 0 0 0 0
0 0 0 0 0 0 0 0 0 0 0 0 0 0 0 0 0 0 0 0 0 0 0 0 0 0 0 0 0 0 0 0 0 0 0 0 0 0 0 0 0 0 0 6.23531e-06 1.93373e-05 5.42319e-05 0.000141768 0.000344869 0.000782894 0.00167007 0.00334635 0.00633195 0.0113543 0.0193198 0.0312377 0.0480853 0.0707272 0.100048 0.137295 0.184224 0.242465 0.312039 0.389961 0.470059 0.544357 0.605512 0.649351 0.67619 0.689854 0.694505 0.691662 0.680088 0.658351 0.626673 0.586382 0.538379 0.483285 0.423106 0.362271 0.306743 0.261694 0.229387 0.208845 0.197439 0.192468 0.191105 0.189821 0.185009 0.174505 0.158462 0.138876 0.11831 0.0986988 0.0808655 0.0649155 0.0507644 0.0383868 0.0278674 0.0192948 0.0126675 0.00784576 0.0045542 0.00248205 0.00126155 0.00059657 0.000261956 0 0 0 0 0 0 0 0 0 0 0 0 0 0 0 0 0 0 0 0 0 0 0 0 0 0 0 0 0 0 0 0 0 0 0 0 0 0 0 0 0 0 0 0
0 0 0 0 0 0 0 0 0 0 0 0 0 0 0 0 0 0 0 0 0 0 0 0 0 0 0 0 0 0 0 0 0 0 0 0 0 0 0 0 0 0 0 0 1.13529e-05 3.2171e-05 8.52686e-05 0.000209289 0.000478744 0.00102605 0.00207576 0.00395712 0.00715545 0.0122952 0.0201034 0.0313557 0.0468592 0.0676142 0.0951196 0.131497 0.178925 0.238315 0.307932 0.382833 0.455543 0.517932 0.563791 0.590986 0.601922 0.601497 0.593782 0.580247 0.56097 0.536538 0.507999 0.475473 0.43795 0.394953 0.348168 0.301345 0.258689 0.223098 0.195272 0.174225 0.158433 0.146464 0.136651 0.126941 0.11561 0.102108 0.0872376 0.0724149 0.0588349 0.0470754 0.037115 0.0287151 0.0216221 0.0157071 0.0109167 0.00720609 0.00446456 0.0026192 0.00143577 0.000733343 0.000348209 0 0 0 0 0 0 0 0 0 0 0 0 0 0 0 0 0 0 0 0 0 0 0 0 0 0 0 0 0 0 0 0 0 0 0 0 0 0 0 0 0 0 0 0 0
0 0 0 0 0 0 0 0 0 0 0 0 0 0 0 0 0 0 0 0 0 0 0 0 0 0 0 0 0 0 0 0 0 0 0 0 0 0 0 0 0 0 0 0 0 1.8213e-05 4.8556e-05 0.000120136 0.000276288 0.000595328 0.00121222 0.00232832 0.00424806 0.00738244 0.012225 0.0193573 0.0294759 0.0435735 0.0632288 0.090723 0.128534 0.178182 0.238889 0.306781 0.375058 0.435398 0.480407 0.506247 0.514085 0.509096 0.497377 0.483005 0.467706 0.452255 0.437028 0.421043 0.4017 0.376364 0.344233 0.306869 0.267329 0.228843 0.193817 0.163445 0.137967 0.117107 0.100263 0.0864124 0.0742888 0.062908 0.052012 0.0419309 0.0331199 0.0258143 0.0199112 0.0151861 0.0113512 0.00823222 0.00573365 0.00380072 0.00236092 0.00139355 0.000767924 0.000393967 0 0 0 0 0 0 0 0 0 0 0 0 0 0 0 0 0 0 0 0 0 0 0 0 0 0 0 0 0 0 0 0 0 0 0 0 0 0 0 0 0 0 0 0 0 0
0 0 0 0 0 0 0 0 0 0 0 0 0 0 0 0 0 0 0 0 0 0 0 0 0 0 0 0 0 0 0 0 0 0 0 0 0 0 0 0 0 0 0 0 0 9.75909e-06 2.59499e-05 6.44757e-05 0.000149069 0.000322958 0.00065901 0.00128385 0.00236562 0.00417104 0.00701183 0.0113068 0.0176262 0.0268869 0.040619 0.0610505 0.0906717 0.131228 0.182518 0.241534 0.302304 0.35696 0.397936 0.420669 0.425518 0.417567 0.404048 0.390934 0.38125 0.375867 0.374358 0.374648 0.372814 0.364464 0.346685 0.319063 0.283474 0.243194 0.201924 0.162967 0.128689 0.100277 0.0778703 0.0608016 0.047906 0.037893 0.0297921 0.0231067 0.0176596 0.0133648 0.0100591 0.00752117 0.00556136 0.00401511 0.00279646 0.00185865 0.00115499 0.000685601 0.000379614 0.000195519 0 0 0 0 0 0 0 0 0 0 0 0 0 0 0 0 0 0 0 0 0 0 0 0 0 0 0 0 0 0 0 0 0 0 0 0 0 0 0 0 0 0 0 0 0 0
0 0 0 0 0 0 0 0 0 0 0 0 0 0 0 0 0 0 0 0 0 0 0 0 0 0 0 0 0 0 0 0 0 0 0 0 0 0 0 0 0 0 0 0 0 0 1.28912e-05 3.22178e-05 7.4816e-05 0.000163195 0.000336003 0.000655679 0.00123586 0.00220964 0.0037952 0.00626288 0.010073 0.0160281 0.0255044 0.0404864 0.0631838 0.0952628 0.136789 0.185454 0.236278 0.282389 0.316909 0.335415 0.337929 0.329163 0.31658 0.306987 0.304117 0.308747 0.319782 0.334356 0.347671 0.354117 0.349221 0.330985 0.300182 0.259859 0.214488 0.168939 0.127427 0.0927061 0.0657815 0.0461823 0.0325578 0.0232701 0.0168746 0.0123225 0.00899789 0.00656544 0.00479456 0.00349526 0.00254725 0.00182456 0.00126742 0.000819032 0.000522536 0.000311783 0.000173377 0 0 0 0 0 0 0 0 0 0 0 0 0 0 0 0 0 0 0 0 0 0 0 0 0 0 0 0 0 0 0 0 0 0 0 0 0 0 0 0 0 0 0 0 0 0 0
0 0 0 0 0 0 0 0 0 0 0 0 0 0 0 0 0 0 0 0 0 0 0 0 0 0 0 0 0 0 0 0 0 0 0 0 0 0 0 0 0 0 0 0 0 0 0 1.49317e-05 3.486e-05 7.6783e-05 0.000159779 0.000315949 0.000594208 0.0011053 0.0019444 0.00330959 0.00555721 0.00935219 0.015831 0.0265958 0.0434231 0.0676909 0.099584 0.137365 0.177118 0.213297 0.240245 0.254263 0.255344 0.247684 0.238221 0.233629 0.237617 0.250676 0.271355 0.296495 0.321015 0.338779 0.344387 0.334678 0.309405 0.271118 0.224539 0.175461 0.129403 0.0903546 0.0601618 0.0386662 0.0244034 0.0154366 0.00995975 0.00660237 0.00448169 0.00309951 0.00217355 0.00152728 0.00109295 0.000773781 0.000498322 0.000340632 0.000218534 0 0 0 0 0 0 0 0 0 0 0 0 0 0 0 0 0 0 0 0 0 0 0 0 0 0 0 0 0 0 0 0 0 0 0 0 0 0 0 0 0 0 0 0 0 0 0 0 0
0 0 0 0 0 0 0 0 0 0 0 0 0 0 0 0 0 0 0 0 0 0 0 0 0 0 0 0 0 0 0 0 0 0 0 0 0 0 0 0 0 0 0 0 0 0 0 0 1.50989e-05 3.3588e-05 7.09476e-05 0.000142574 0.000272707 0.000506027 0.000941082 0.00168644 0.00300221 0.00540802 0.00975786 0.0172328 0.0291453 0.0465404 0.0695983 0.0970876 0.126102 0.152507 0.17205 0.181981 0.182443 0.177003 0.171617 0.172089 0.1815 0.200031 0.226257 0.257292 0.288373 0.313467 0.326829 0.324528 0.305358 0.271136 0.226371 0.17719 0.129821 0.0890462 0.0573464 0.0349005 0.0203144 0.0115212 0.00652471 0.00378658 0.00228997 0.00145005 0.000954166 0.000629116 0.000440333 0.000306893 0.000190479 0.000130974 0 0 0 0 0 0 0 0 0 0 0 0 0 0 0 0 0 0 0 0 0 0 0 0 0 0 0 0 0 0 0 0 0 0 0 0 0 0 0 0 0 0 0 0 0 0 0 0 0 0
0 0 0 0 0 0 0 0 0 0 0 0 0 0 0 0 0 0 0 0 0 0 0 0 0 0 0 0 0 0 0 0 0 0 0 0 0 0 0 0 0 0 0 0 0 0 0 0 0 0 2.94698e-05 6.03914e-05 0.0001177 0.000217232 0.000420103 0.000828364 0.00160978 0.00311219 0.00593444 0.0108812 0.0188547 0.0305859 0.0462132 0.0648971 0.0846399 0.102566 0.115758 0.122377 0.122733 0.119716 0.118081 0.122344 0.13471 0.155195 0.182779 0.215243 0.248549 0.277235 0.295684 0.299504 0.286636 0.258048 0.217663 0.171459 0.125838 0.0859477 0.0546524 0.0324312 0.0180692 0.0095515 0.0048783 0.00247522 0.00129071 0.000713754 0.000422394 0.000245495 0.000167082 9.18906e-05 0 0 0 0 0 0 0 0 0 0 0 0 0 0 0 0 0 0 0 0 0 0 0 0 0 0 0 0 0 0 0 0 0 0 0 0 0 0 0 0 0 0 0 0 0 0 0 0 0 0 0 0
0 0 0 0 0 0 0 0 0 0 0 0 0 0 0 0 0 0 0 0 0 0 0 0 0 0 0 0 0 0 0 0 0 0 0 0 0 0 0 0 0 0 0 0 0 0 0 0 0 0 0 0 4.78266e-05 8.98354e-05 0.0001937 0.000389703 0.000846668 0.00176825 0.00351094 0.00660011 0.0116132 0.0190221 0.0289179 0.0407601 0.0532647 0.0645896 0.0728876 0.077063 0.0775137 0.0764621 0.0774239 0.0835684 0.0962998 0.115714 0.141384 0.171878 0.204077 0.233355 0.254513 0.26298 0.256046 0.233821 0.199474 0.158466 0.116943 0.0800491 0.0507921 0.0298979 0.0163585 0.00835882 0.00402565 0.00185696 0.000847365 0.000398908 0.000202112 7.72648e-05 0 0 0 0 0 0 0 0 0 0 0 0 0 0 0 0 0 0 0 0 0 0 0 0 0 0 0 0 0 0 0 0 0 0 0 0 0 0 0 0 0 0 0 0 0 0 0 0 0 0 0 0 0 0
0 0 0 0 0 0 0 0 0 0 0 0 0 0 0 0 0 0 0 0 0 0 0 0 0 0 0 0 0 0 0 0 0 0 0 0 0 0 0 0 0 0 0 0 0 0 0 0 0 0 0 0 0 0 0 0.000196183 0.00043597 0.000943739 0.00197905 0.00379875 0.00674595 0.0111098 0.0169527 0.0239406 0.0313052 0.0379618 0.042831 0.045334 0.0458747 0.0460537 0.0482699 0.0545394 0.0657451 0.0822109 0.104068 0.130601 0.159593 0.187322 0.209166 0.220626 0.218598 0.202516 0.174775 0.140104 0.104106 0.0716037 0.0455519 0.0268002 0.0145901 0.00736195 0.00345546 0.00151871 0.000635686 0.000260764 0.000109927 0 0 0 0 0 0 0 0 0 0 0 0 0 0 0 0 0 0 0 0 0 0 0 0 0 0 0 0 0 0 0 0 0 0 0 0 0 0 0 0 0 0 0 0 0 0 0 0 0 0 0 0 0 0 0
0 0 0 0 0 0 0 0 0 0 0 0 0 0 0 0 0 0 0 0 0 0 0 0 0 0 0 0 0 0 0 0 0 0 0 0 0 0 0 0 0 0 0 0 0 0 0 0 0 0 0 0 0 0 0 8.95692e-05 0.000219504 0.000498009 0.00104507 0.00203286 0.00364311 0.00606244 0.0092704 0.0131036 0.0171373 0.020773 0.0234401 0.0248752 0.0254145 0.0261358 0.0285449 0.0338323 0.0426287 0.0554873 0.0729175 0.0947422 0.119495 0.144275 0.165099 0.177773 0.179134 0.168213 0.146733 0.118627 0.0887374 0.0613578 0.0391884 0.0231121 0.0125873 0.00633381 0.00294638 0.00127248 0.00051298 0.000195894 6.86416e-05 0 0 0 0 0 0 0 0 0 0 0 0 0 0 0 0 0 0 0 0 0 0 0 0 0 0 0 0 0 0 0 0 0 0 0 0 0 0 0 0 0 0 0 0 0 0 0 0 0 0 0 0 0 0 0
0 0 0 0 0 0 0 0 0 0 0 0 0 0 0 0 0 0 0 0 0 0 0 0 0 0 0 0 0 0 0 0 0 0 0 0 0 0 0 0 0 0 0 0 0 0 0 0 0 0 0 0 0 0 0 0 0.000110837 0.000252353 0.000530932 0.00103183 0.00185182 0.00307335 0.00470298 0.00666237 0.0087132 0.0105605 0.0119257 0.0127133 0.0131718 0.0139687 0.0159789 0.0198899 0.0262325 0.035686 0.0489403 0.0661254 0.086304 0.107251 0.125662 0.137877 0.140992 0.133916 0.11786 0.0959537 0.0721864 0.0501423 0.0321447 0.0190128 0.0103751 0.00522379 0.00242664 0.00104211 0.000410365 0.00015099 5.22712e-05 0 0 0 0 0 0 0 0 0 0 0 0 0 0 0 0 0 0 0 0 0 0 0 0 0 0 0 0 0 0 0 0 0 0 0 0 0 0 0 0 0 0 0 0 0 0 0 0 0 0 0 0 0 0 0
0 0 0 0 0 0 0 0 0 0 0 0 0 0 0 0 0 0 0 0 0 0 0 0 0 0 0 0 0 0 0 0 0 0 0 0 0 0 0 0 0 0 0 0 0 0 0 0 0 0 0 0 0 0 0 0 0 0.000118835 0.000250468 0.000487353 0.000875263 0.001451 0.00222031 0.00314442 0.00411089 0.00498234 0.00563619 0.00604971 0.00638606 0.00702995 0.00845956 0.0110909 0.0154013 0.0220689 0.031771 0.0447488 0.0603975 0.0770487 0.0921019 0.102595 0.106114 0.101657 0.0900634 0.073708 0.0556841 0.0388136 0.024955 0.0147962 0.00808981 0.00407727 0.00189322 0.0008114 0.000320843 0.000117212 3.97679e-05 0 0 0 0 0 0 0 0 0 0 0 0 0 0 0 0 0 0 0 0 0 0 0 0 0 0 0 0 0 0 0 0 0 0 0 0 0 0 0 0 0 0 0 0 0 0 0 0 0 0 0 0 0 0 0
0 0 0 0 0 0 0 0 0 0 0 0 0 0 0 0 0 0 0 0 0 0 0 0 0 0 0 0 0 0 0 0 0 0 0 0 0 0 0 0 0 0 0 0 0 0 0 0 0 0 0 0 0 0 0 0 0 5.19002e-05 0.000109523 0.000213266 0.000383166 0.000635239 0.0009718 0.0013723 0.00179694 0.00217866 0.00247198 0.00267776 0.00289893 0.00333585 0.00424478 0.00590414 0.00872137 0.0132672 0.0200916 0.0294204 0.0408556 0.0532048 0.0645519 0.0726839 0.0757712 0.0730185 0.0649811 0.053368 0.0404327 0.0282486 0.0181983 0.0108087 0.00591642 0.0029863 0.00138946 0.000595928 0.000235589 8.59188e-05 0 0 0 0 0 0 0 0 0 0 0 0 0 0 0 0 0 0 0 0 0 0 0 0 0 0 0 0 0 0 0 0 0 0 0 0 0 0 0 0 0 0 0 0 0 0 0 0 0 0 0 0 0 0 0 0
0 0 0 0 0 0 0 0 0 0 0 0 0 0 0 0 0 0 0 0 0 0 0 0 0 0 0 0 0 0 0 0 0 0 0 0 0 0 0 0 0 0 0 0 0 0 0 0 0 0 0 0 0 0 0 0 0 0 4.4328e-05 8.63574e-05 0.000155183 0.000257215 0.000393423 0.000555309 0.000724265 0.000882527 0.00100616 0.00110461 0.00123447 0.0014975 0.00203414 0.00303944 0.00482559 0.0078062 0.0123663 0.0186738 0.0264773 0.034973 0.0428508 0.0485857 0.0509034 0.0492357 0.0439394 0.0361673 0.0274509 0.0192089 0.0123914 0.00736671 0.00403799 0.00204013 0.000950031 0.000407738 0.000161302 5.88117e-05 0 0 0 0 0 0 0 0 0 0 0 0 0 0 0 0 0 0 0 0 0 0 0 0 0 0 0 0 0 0 0 0 0 0 0 0 0 0 0 0 0 0 0 0 0 0 0 0 0 0 0 0 0 0 0 0
0 0 0 0 0 0 0 0 0 0 0 0 0 0 0 0 0 0 0 0 0 0 0 0 0 0 0 0 0 0 0 0 0 0 0 0 0 0 0 0 0 0 0 0 0 0 0 0 0 0 0 0 0 0 0 0 0 0 0 0 5.808e-05 9.62551e-05 0.000147186 0.000207675 0.000270859 0.000327777 0.000378606 0.000425098 0.000493628 0.000640882 0.000943203 0.00153473 0.00262482 0.00447701 0.00733588 0.011313 0.0162569 0.0216629 0.0267017 0.0304015 0.0319469 0.0309682 0.0276841 0.0228179 0.017338 0.012144 0.00783894 0.004665 0.00255876 0.00129353 0.000602709 0.00025882 0.00010244 0 0 0 0 0 0 0 0 0 0 0 0 0 0 0 0 0 0 0 0 0 0 0 0 0 0 0 0 0 0 0 0 0 0 0 0 0 0 0 0 0 0 0 0 0 0 0 0 0 0 0 0 0 0 0 0 0
0 0 0 0 0 0 0 0 0 0 0 0 0 0 0 0 0 0 0 0 0 0 0 0 0 0 0 0 0 0 0 0 0 0 0 0 0 0 0 0 0 0 0 0 0 0 0 0 0 0 0 0 0 0 0 0 0 0 0 0 0 3.32746e-05 5.08383e-05 7.17621e-05 9.3595e-05 0.000113488 0.000129675 0.000153156 0.000187735 0.000263257 0.000430335 0.00076552 0.00139483 0.00247152 0.004139 0.0064648 0.00936382 0.0125415 0.0155119 0.017703 0.0186351 0.0180875 0.0161854 0.013351 0.0101514 0.00711326 0.00459491 0.00273565 0.00150111 0.000759118 0.000353828 0.000151999 6.01788e-05 0 0 0 0 0 0 0 0 0 0 0 0 0 0 0 0 0 0 0 0 0 0 0 0 0 0 0 0 0 0 0 0 0 0 0 0 0 0 0 0 0 0 0 0 0 0 0 0 0 0 0 0 0 0 0 0 0
0 0 0 0 0 0 0 0 0 0 0 0 0 0 0 0 0 0 0 0 0 0 0 0 0 0 0 0 0 0 0 0 0 0 0 0 0 0 0 0 0 0 0 0 0 0 0 0 0 0 0 0 0 0 0 0 0 0 0 0 0 0 0 2.28549e-05 2.98361e-05 3.62688e-05 4.18177e-05 5.00815e-05 6.88056e-05 0.000107227 0.000192844 0.000374375 0.000713374 0.00129429 0.00219496 0.00345363 0.00502417 0.00674799 0.00836265 0.00955693 0.0100698 0.00978098 0.0087574 0.0072272 0.00549663 0.0038536 0.00249 0.00148283 0.000813832 0.000411671 0.000191922 8.24611e-05 0 0 0 0 0 0 0 0 0 0 0 0 0 0 0 0 0 0 0 0 0 0 0 0 0 0 0 0 0 0 0 0 0 0 0 0 0 0 0 0 0 0 0 0 0 0 0 0 0 0 0 0 0 0 0 0 0 0
0 0 0 0 0 0 0 0 0 0 0 0 0 0 0 0 0 0 0 0 0 0 0 0 0 0 0 0 0 0 0 0 0 0 0 0 0 0 0 0 0 0 0 0 0 0 0 0 0 0 0 0 0 0 0 0 0 0 0 0 0 0 0 0 0 0 1.24832e-05 1.4524e-05 2.35053e-05 4.35998e-05 8.63276e-05 0.000174962 0.000345526 0.000635469 0.00108541 0.00171374 0.00249985 0.00336323 0.00417218 0.00477146 0.00503025 0.00488796 0.00437736 0.00361352 0.00274927 0.00192783 0.00124588 0.000742033 0.00040733 0.000206073 9.60826e-05 4.12877e-05 0 0 0 0 0 0 0 0 0 0 0 0 0 0 0 0 0 0 0 0 0 0 0 0 0 0 0 0 0 0 0 0 0 0 0 0 0 0 0 0 0 0 0 0 0 0 0 0 0 0 0 0 0 0 0 0 0 0
0 0 0 0 0 0 0 0 0 0 0 0 0 0 0 0 0 0 0 0 0 0 0 0 0 0 0 0 0 0 0 0 0 0 0 0 0 0 0 0 0 0 0 0 0 0 0 0 0 0 0 0 0 0 0 0 0 0 0 0 0 0 0 0 0 0 0 0 6.69849e-06 1.54381e-05 3.5211e-05 7.62193e-05 0.000155457 0.000289803 0.00049752 0.000787895 0.00115061 0.00154923 0.00192255 0.00219969 0.00231972 0.00225472 0.00201982 0.00166762 0.00126894 0.000889857 0.000575145 0.000342596 0.000188078 9.51572e-05 4.43707e-05 0 0 0 0 0 0 0 0 0 0 0 0 0 0 0 0 0 0 0 0 0 0 0 0 0 0 0 0 0 0 0 0 0 0 0 0 0 0 0 0 0 0 0 0 0 0 0 0 0 0 0 0 0 0 0 0 0 0 0
0 0 0 0 0 0 0 0 0 0 0 0 0 0 0 0 0 0 0 0 0 0 0 0 0 0 0 0 0 0 0 0 0 0 0 0 0 0 0 0 0 0 0 0 0 0 0 0 0 0 0 0 0 0 0 0 0 0 0 0 0 0 0 0 0 0 0 0 0 6.48092e-06 1.49237e-05 3.22197e-05 6.53087e-05 0.000122002 0.000210044 0.000334601 0.000488964 0.000658665 0.000817798 0.000935885 0.000987105 0.000959463 0.000859628 0.000709805 0.000540159 0.000378831 0.000244865 0.000145866 8.00809e-05 4.05189e-05 0 0 0 0 0 0 0 0 0 0 0 0 0 0 0 0 0 0 0 0 0 0 0 0 0 0 0 0 0 0 0 0 0 0 0 0 0 0 0 0 0 0 0 0 0 0 0 0 0 0 0 0 0 0 0 0 0 0 0 0
0 0 0 0 0 0 0 0 0 0 0 0 0 0 0 0 0 0 0 0 0 0 0 0 0 0 0 0 0 0 0 0 0 0 0 0 0 0 0 0 0 0 0 0 0 0 0 0 0 0 0 0 0 0 0 0 0 0 0 0 0 0 0 0 0 0 0 0 0 2.41091e-06 5.75356e-06 1.26543e-05 2.56495e-05 4.79156e-05 8.24944e-05 0.000130892 0.000191404 0.000258297 0.00032079 0.000367172 0.000387323 0.000376546 0.00033738 0.000278588 0.000212011 0.000148697 9.6116e-05 5.72575e-05 0 0 0 0 0 0 0 0 0 0 0 0 0 0 0 0 0 0 0 0 0 0 0 0 0 0 0 0 0 0 0 0 0 0 0 0 0 0 0 0 0 0 0 0 0 0 0 0 0 0 0 0 0 0 0 0 0 0 0 0 0 0
0 0 0 0 0 0 0 0 0 0 0 0 0 0 0 0 0 0 0 0 0 0 0 0 0 0 0 0 0 0 0 0 0 0 0 0 0 0 0 0 0 0 0 0 0 0 0 0 0 0 0 0 0 0 0 0 0 0 0 0 0 0 0 0 0 0 0 0 0 0 2.08255e-06 4.58032e-06 9.2842e-06 1.73437e-05 2.98594e-05 4.73772e-05 6.92811e-05 9.33679e-05 0.000115966 0.000132743 0.000140035 0.000136148 0.000121992 0.000100741 7.66684e-05 5.37759e-05 3.47614e-05 0 0 0 0 0 0 0 0 0 0 0 0 0 0 0 0 0 0 0 0 0 0 0 0 0 0 0 0 0 0 0 0 0 0 0 0 0 0 0 0 0 0 0 0 0 0 0 0 0 0 0 0 0 0 0 0 0 0 0 0 0 0 0
0 0 0 0 0 0 0 0 0 0 0 0 0 0 0 0 0 0 0 0 0 0 0 0 0 0 0 0 0 0 0 0 0 0 0 0 0 0 0 0 0 0 0 0 0 0 0 0 0 0 0 0 0 0 0 0 0 0 0 0 0 0 0 0 0 0 0 0 0 0 0 1.52792e-06 3.09711e-06 5.78563e-06 9.96076e-06 1.58046e-05 2.31112e-05 3.11465e-05 3.86846e-05 4.42814e-05 4.67137e-05 4.54174e-05 4.06952e-05 3.36057e-05 2.55758e-05 0 0 0 0 0 0 0 0 0 0 0 0 0 0 0 0 0 0 0 0 0 0 0 0 0 0 0 0 0 0 0 0 0 0 0 0 0 0 0 0 0 0 0 0 0 0 0 0 0 0 0 0 0 0 0 0 0 0 0 0 0 0 0 0 0
0 0 0 0 0 0 0 0 0 0 0 0 0 0 0 0 0 0 0 0 0 0 0 0 0 0 0 0 0 0 0 0 0 0 0 0 0 0 0 0 0 0 0 0 0 0 0 0 0 0 0 0 0 0 0 0 0 0 0 0 0 0 0 0 0 0 0 0 0 0 0 0 0 1.77871e-06 3.06232e-06 4.85894e-06 7.10519e-06 9.57549e-06 1.18931e-05 1.36137e-05 1.43617e-05 1.3963e-05 1.25113e-05 0 0 0 0 0 0 0 0 0 0 0 0 0 0 0 0 0 0 0 0 0 0 0 0 0 0 0 0 0 0 0 0 0 0 0 0 0 0 0 0 0 0 0 0 0 0 0 0 0 0 0 0 0 0 0 0 0 0 0 0 0 0 0 0 0 0 0
0 0 0 0 0 0 0 0 0 0 0 0 0 0 0 0 0 0 0 0 0 0 0 0 0 0 0 0 0 0 0 0 0 0 0 0 0 0 0 0 0 0 0 0 0 0 0 0 0 0 0 0 0 0 0 0 0 0 0 0 0 0 0 0 0 0 0 0 0 0 0 0 0 0 0 0 0 0 0 0 0 0 0 0 0 0 0 0 0 0 0 0 0 0 0 0 0 0 0 0 0 0 0 0 0 0 0 0 0 0 0 0 0 0 0 0 0 0 0 0 0 0 0 0 0 0 0 0 0 0 0 0 0 0 0 0 0 0 0 0 0 0 0 0 0 0 0 0 0 0
0 0 0 0 0 0 0 0 0 0 0 0 0 0 0 0 0 0 0 0 0 0 0 0 0 0 0 0 0 0 0 0 0 0 0 0 0 0 0 0 0 0 0 0 0 0 0 0 0 0 0 0 0 0 0 0 0 0 0 0 0 0 0 0 0 0 0 0 0 0 0 0 0 0 0 0 0 0 0 0 0 0 0 0 0 0 0 0 0 0 0 0 0 0 0 0 0 0 0 0 0 0 0 0 0 0 0 0 0 0 0 0 0 0 0 0 0 0 0 0 0 0 0 0 0 0 0 0 0 0 0 0 0 0 0 0 0 0 0 0 0 0 0 0 0 0 0 0 0 0
0 0 0 0 0 0 0 0 0 0 0 0 0 0 0 0 0 0 0 0 0 0 0 0 0 0 0 0 0 0 0 0 0 0 0 0 0 0 0 0 0 0 0 0 0 0 0 0 0 0 0 0 0 0 0 0 0 0 0 0 0 0 0 0 0 0 0 0 0 0 0 0 0 0 0 0 0 0 0 0 0 0 0 0 0 0 0 0 0 0 0 0 0 0 0 0 0 0 0 0 0 0 0 0 0 0 0 0 0 0 0 0 0 0 0 0 0 0 0 0 0 0 0 0 0 0 0 0 0 0 0 0 0 0 0 0 0 0 0 0 0 0 0 0 0 0 0 0 0 0
0 0 0 0 0 0 0 0 0 0 0 0 0 0 0 0 0 0 0 0 0 0 0 0 0 0 0 0 0 0 0 0 0 0 0 0 0 0 0 0 0 0 0 0 0 0 0 0 0 0 0 0 0 0 0 0 0 0 0 0 0 0 0 0 0 0 0 0 0 0 0 0 0 0 0 0 0 0 0 0 0 0 0 0 0 0 0 0 0 0 0 0 0 0 0 0 0 0 0 0 0 0 0 0 0 0 0 0 0 0 0 0 0 0 0 0 0 0 0 0 0 0 0 0 0 0 0 0 0 0 0 0 0 0 0 0 0 0 0 0 0 0 0 0 0 0 0 0 0 0
0 0 0 0 0 0 0 0 0 0 0 0 0 0 0 0 0 0 0 0 0 0 0 0 0 0 0 0 0 0 0 0 0 0 0 0 0 0 0 0 0 0 0 0 0 0 0 0 0 0 0 0 0 0 0 0 0 0 0 0 0 0 0 0 0 0 0 0 0 0 0 0 0 0 0 0 0 0 0 0 0 0 0 0 0 0 0 0 0 0 0 0 0 0 0 0 0 0 0 0 0 0 0 0 0 0 0 0 0 0 0 0 0 0 0 0 0 0 0 0 0 0 0 0 0 0 0 0 0 0 0 0 0 0 0 0 0 0 0 0 0 0 0 0 0 0 0 0 0 0
0 0 0 0 0 0 0 0 0 0 0 0 0 0 0 0 0 0 0 0 0 0 0 0 0 0 0 0 0 0 0 0 0 0 0 0 0 0 0 0 0 0 0 0 0 0 0 0 0 0 0 0 0 0 0 0 0 0 0 0 0 0 0 0 0 0 0 0 0 0 0 0 0 0 0 0 0 0 0 0 0 0 0 0 0 0 0 0 0 0 0 0 0 0 0 0 0 0 0 0 0 0 0 0 0 0 0 0 0 0 0 0 0 0 0 0 0 0 0 0 0 0 0 0 0 0 0 0 0 0 0 0 0 0 0 0 0 0 0 0 0 0 0 0 0 0 0 0 0 0
0 0 0 0 0 0 0 0 0 0 0 0 0 0 0 0 0 0 0 0 0 0 0 0 0 0 0 0 0 0 0 0 0 0 0 0 0 0 0 0 0 0 0 0 0 0 0 0 0 0 0 0 0 0 0 0 0 0 0 0 0 0 0 0 0 0 0 0 0 0 0 0 0 0 0 0 0 0 0 0 0 0 0 0 0 0 0 0 0 0 0 0 0 0 0 0 0 0 0 0 0 0 0 0 0 0 0 0 0 0 0 0 0 0 0 0 0 0 0 0 0 0 0 0 0 0 0 0 0 0 0 0 0 0 0 0 0 0 0 0 0 0 0 0 0 0 0 0 0 0
0 0 0 0 0 0 0 0 0 0 0 0 0 0 0 0 0 0 0 0 0 0 0 0 0 0 0 0 0 0 0 0 0 0 0 0 0 0 0 0 0 0 0 0 0 0 0 0 0 0 0 0 0 0 0 0 0 0 0 0 0 0 0 0 0 0 0 0 0 0 0 0 0 0 0 0 0 0 0 0 0 0 0 0 0 0 0 0 0 0 0 0 0 0 0 0 0 0 0 0 0 0 0 0 0 0 0 0 0 0 0 0 0 0 0 0 0 0 0 0 0 0 0 0 0 0 0 0 0 0 0 0 0 0 0 0 0 0 0 0 0 0 0 0 0 0 0 0 0 0
0 0 0 0 0 0 0 0 0 0 0 0 0 0 0 0 0 0 0 0 0 0 0 0 0 0 0 0 0 0 0 0 0 0 0 0 0 0 0 0 0 0 0 0 0 0 0 0 0 0 0 0 0 0 0 0 0 0 0 0 0 0 0 0 0 0 0 0 0 0 0 0 0 0 0 0 0 0 0 0 0 0 0 0 0 0 0 0 0 0 0 0 0 0 0 0 0 0 0 0 0 0 0 0 0 0 0 0 0 0 0 0 0 0 0 0 0 0 0 0 0 0 0 0 0 0 0 0 0 0 0 0 0 0 0 0 0 0 0 0 0 0 0 0 0 0 0 0 0 0
0 0 0 0 0 0 0 0 0 0 0 0 0 0 0 0 0 0 0 0 0 0 0 0 0 0 0 0 0 0 0 0 0 0 0 0 0 0 0 0 0 0 0 0 0 0 0 0 0 0 0 0 0 0 0 0 0 0 0 0 0 0 0 0 0 0 0 0 0 0 0 0 0 0 0 0 0 0 0 0 0 0 0 0 0 0 0 0 0 0 0 0 0 0 0 0 0 0 0 0 0 0 0 0 0 0 0 0 0 0 0 0 0 0 0 0 0 0 0 0 0 0 0 0 0 0 0 0 0 0 0 0 0 0 0 0 0 0 0 0 0 0 0 0 0 0 0 0 0 0
0 0 0 0 0 0 0 0 0 0 0 0 0 0 0 0 0 0 0 0 0 0 0 0 0 0 0 0 0 0 0 0 0 0 0 0 0 0 0 0 0 0 0 0 0 0 0 0 0 0 0 0 0 0 0 0 0 0 0 0 0 0 0 0 0 0 0 0 0 0 0 0 0 0 0 0 0 0 0 0 0 0 0 0 0 0 0 0 0 0 0 0 0 0 0 0 0 0 0 0 0 0 0 0 0 0 0 0 0 0 0 0 0 0 0 0 0 0 0 0 0 0 0 0 0 0 0 0 0 0 0 0 0 0 0 0 0 0 0 0 0 0 0 0 0 0 0 0 0 0
0 0 0 0 0 0 0 0 0 0 0 0 0 0 0 0 0 0 0 0 0 0 0 0 0 0 0 0 0 0 0 0 0 0 0 0 0 0 0 0 0 0 0 0 0 0 0 0 0 0 0 0 0 0 0 0 0 0 0 0 0 0 0 0 0 0 0 0 0 0 0 0 0 0 0 0 0 0 0 0 0 0 0 0 0 0 0 0 0 0 0 0 0 0 0 0 0 0 0 0 0 0 0 0 0 0 0 0 0 0 0 0 0 0 0 0 0 0 0 0 0 0 0 0 0 0 0 0 0 0 0 0 0 0 0 0 0 0 0 0 0 0 0 0 0 0 0 0 0 0
0 0 0 0 0 0 0 0 0 0 0 0 0 0 0 0 0 0 0 0 0 0 0 0 0 0 0 0 0 0 0 0 0 0 0 0 0 0 0 0 0 0 0 0 0 0 0 0 0 0 0 0 0 0 0 0 0 0 0 0 0 0 0 0 0 0 0 0 0 0 0 0 0 0 0 0 0 0 0 0 0 0 0 0 0 0 0 0 0 0 0 0 0 0 0 0 0 0 0 0 0 0 0 0 0 0 0 0 0 0 0 0 0 0 0 0 0 0 0 0 0 0 0 0 0 0 0 0 0 0 0 0 0 0 0 0 0 0 0 0 0 0 0 0 0 0 0 0 0 0
0 0 0 0 0 0 0 0 0 0 0 0 0 0 0 0 0 0 0 0 0 0 0 0 0 0 0 0 0 0 0 0 0 0 0 0 0 0 0 0 0 0 0 0 0 0 0 0 0 0 0 0 0 0 0 0 0 0 0 0 0 0 0 0 0 0 0 0 0 0 0 0 0 0 0 0 0 0 0 0 0 0 0 0 0 0 0 0 0 0 0 0 0 0 0 0 0 0 0 0 0 0 0 0 0 0 0 0 0 0 0 0 0 0 0 0 0 0 0 0 0 0 0 0 0 0 0 0 0 0 0 0 0 0 0 0 0 0 0 0 0 0 0 0 0 0 0 0 0 0
0 0 0 0 0 0 0 0 0 0 0 0 0 0 0 0 0 0 0 0 0 0 0 0 0 0 0 0 0 0 0 0 0 0 0 0 0 0 0 0 0 0 0 0 0 0 0 0 0 0 0 0 0 0 0 0 0 0 0 0 0 0 0 0 0 0 0 0 0 0 0 0 0 0 0 0 0 0 0 0 0 0 0 0 0 0 0 0 0 0 0 0 0 0 0 0 0 0 0 0 0 0 0 0 0 0 0 0 0 0 0 0 0 0 0 0 0 0 0 0 0 0 0 0 0 0 0 0 0 0 0 0 0 0 0 0 0 0 0 0 0 0 0 0 0 0 0 0 0 0
0 0 0 0 0 0 0 0 0 0 0 0 0 0 0 0 0 0 0 0 0 0 0 0 0 0 0 0 0 0 0 0 0 0 0 0 0 0 0 0 0 0 0 0 0 0 0 0 0 0 0 0 0 0 0 0 0 0 0 0 0 0 0 0 0 0 0 0 0 0 0 0 0 0 0 0 0 0 0 0 0 0 0 0 0 0 0 0 0 0 0 0 0 0 0 0 0 0 0 0 0 0 0 0 0 0 0 0 0 0 0 0 0 0 0 0 0 0 0 0 0 0 0 0 0 0 0 0 0 0 0 0 0 0 0 0 0 0 0 0 0 0 0 0 0 0 0 0 0 0
0 0 0 0 0 0 0 0 0 0 0 0 0 0 0 0 0 0 0 0 0 0 0 0 0 0 0 0 0 0 0 0 0 0 0 0 0 0 0 0 0 0 0 0 0 0 0 0 0 0 0 0 0 0 0 0 0 0 0 0 0 0 0 0 0 0 0 0 0 0 0 0 0 0 0 0 0 0 0 0 0 0 0 0 0 0 0 0 0 0 0 0 0 0 0 0 0 0 0 0 0 0 0 0 0 0 0 0 0 0 0 0 0 0 0 0 0 0 0 0 0 0 0 0 0 0 0 0 0 0 0 0 0 0 0 0 0 0 0 0 0 0 0 0 0 0 0 0 0 0
0 0 0 0 0 0 0 0 0 0 0 0 0 0 0 0 0 0 0 0 0 0 0 0 0 0 0 0 0 0 0 0 0 0 0 0 0 0 0 0 0 0 0 0 0 0 0 0 0 0 0 0 0 0 0 0 0 0 0 0 0 0 0 0 0 0 0 0 0 0 0 0 0 0 0 0 0 0 0 0 0 0 0 0 0 0 0 0 0 0 0 0 0 0 0 0 0 0 0 0 0 0 0 0 0 0 0 0 0 0 0 0 0 0 0 0 0 0 0 0 0 0 0 0 0 0 0 0 0 0 0 0 0 0 0 0 0 0 0 0 0 0 0 0 0 0 0 0 0 0
0 0 0 0 0 0 0 0 0 0 0 0 0 0 0 0 0 0 0 0 0 0 0 0 0 0 0 0 0 0 0 0 0 0 0 0 0 0 0 0 0 0 0 0 0 0 0 0 0 0 0 0 0 0 0 0 0 0 0 0 0 0 0 0 0 0 0 0 0 0 0 0 0 0 0 0 0 0 0 0 0 0 0 0 0 0 0 0 0 0 0 0 0 0 0 0 0 0 0 0 0 0 0 0 0 0 0 0 0 0 0 0 0 0 0 0 0 0 0 0 0 0 0 0 0 0 0 0 0 0 0 0 0 0 0 0 0 0 0 0 0 0 0 0 0 0 0 0 0 0
0 0 0 0 0 0 0 0 0 0 0 0 0 0 0 0 0 0 0 0 0 0 0 0 0 0 0 0 0 0 0 0 0 0 0 0 0 0 0 0 0 0 0 0 0 0 0 0 0 0 0 0 0 0 0 0 0 0 0 0 0 0 0 0 0 0 0 0 0 0 0 0 0 0 0 0 0 0 0 0 0 0 0 0 0 0 0 0 0 0 0 0 0 0 0 0 0 0 0 0 0 0 0 0 0 0 0 0 0 0 0 0 0 0 0 0 0 0 0 0 0 0 0 0 0 0 0 0 0 0 0 0 0 0 0 0 0 0 0 0 0 0 0 0 0 0 0 0 0 0
0 0 0 0 0 0 0 0 0 0 0 0 0 0 0 0 0 0 0 0 0 0 0 0 0 0 0 0 0 0 0 0 0 0 0 0 0 0 0 0 0 0 0 0 0 0 0 0 0 0 0 0 0 0 0 0 0 0 0 0 0 0 0 0 0 0 0 0 0 0 0 0 0 0 0 0 0 0 0 0 0 0 0 0 0 0 0 0 0 0 0 0 0 0 0 0 0 0 0 0 0 0 0 0 0 0 0 0 0 0 0 0 0 0 0 0 0 0 0 0 0 0 0 0 0 0 0 0 0 0 0 0 0 0 0 0 0 0 0 0 0 0 0 0 0 0 0 0 0 0
0 0 0 0 0 0 0 0 0 0 0 0 0 0 0 0 0 0 0 0 0 0 0 0 0 0 0 0 0 0 0 0 0 0 0 0 0 0 0 0 0 0 0 0 0 0 0 0 0 0 0 0 0 0 0 0 0 0 0 0 0 0 0 0 0 0 0 0 0 0 0 0 0 0 0 0 0 0 0 0 0 0 0 0 0 0 0 0 0 0 0 0 0 0 0 0 0 0 0 0 0 0 0 0 0 0 0 0 0 0 0 0 0 0 0 0 0 0 0 0 0 0 0 0 0 0 0 0 0 0 0 0 0 0 0 0 0 0 0 0 0 0 0 0 0 0 0 0 0 0
0 0 0 0 0 0 0 0 0 0 0 0 0 0 0 0 0 0 0 0 0 0 0 0 0 0 0 0 0 0 0 0 0 0 0 0 0 0 0 0 0 0 0 0 0 0 0 0 0 0 0 0 0 0 0 0 0 0 0 0 0 0 0 0 0 0 0 0 0 0 0 0 0 0 0 0 0 0 0 0 0 0 0 0 0 0 0 0 0 0 0 0 0 0 0 0 0 0 0 0 0 0 0 0 0 0 0 0 0 0 0 0 0 0 0 0 0 0 0 0 0 0 0 0 0 0 0 0 0 0 0 0 0 0 0 0 0 0 0 0 0 0 0 0 0 0 0 0 0 0
0 0 0 0 0 0 0 0 0 0 0 0 0 0 0 0 0 0 0 0 0 0 0 0 0 0 0 0 0 0 0 0 0 0 0 0 0 0 0 0 0 0 0 0 0 0 0 0 0 0 0 0 0 0 0 0 0 0 0 0 0 0 0 0 0 0 0 0 0 0 0 0 0 0 0 0 0 0 0 0 0 0 0 0 0 0 0 0 0 0 0 0 0 0 0 0 0 0 0 0 0 0 0 0 0 0 0 0 0 0 0 0 0 0 0 0 0 0 0 0 0 0 0 0 0 0 0 0 0 0 0 0 0 0 0 0 0 0 0 0 0 0 0 0 0 0 0 0 0 0
0 0 0 0 0 0 0 0 0 0 0 0 0 0 0 0 0 0 0 0 0 0 0 0 0 0 0 0 0 0 0 0 0 0 0 0 0 0 0 0 0 0 0 0 0 0 0 0 0 0 0 0 0 0 0 0 0 0 0 0 0 0 0 0 0 0 0 0 0 0 0 0 0 0 0 0 0 0 0 0 0 0 0 0 0 0 0 0 0 0 0 0 0 0 0 0 0 0 0 0 0 0 0 0 0 0 0 0 0 0 0 0 0 0 0 0 0 0 0 0 0 0 0 0 0 0 0 0 0 0 0 0 0 0 0 0 0 0 0 0 0 0 0 0 0 0 0 0 0 0
0 0 0 0 0 0 0 0 0 0 0 0 0 0 0 0 0 0 0 0 0 0 0 0 0 0 0 0 0 0 0 0 0 0 0 0 0 0 0 0 0 0 0 0 0 0 0 0 0 0 0 0 0 0 0 0 0 0 0 0 0 0 0 0 0 0 0 0 0 0 0 0 0 0 0 0 0 0 0 0 0 0 0 0 0 0 0 0 0 0 0 0 0 0 0 0 0 0 0 0 0 0 0 0 0 0 0 0 0 0 0 0 0 0 0 0 0 0 0 0 0 0 0 0 0 0 0 0 0 0 0 0 0 0 0 0 0 0 0 0 0 0 0 0 0 0 0 0 0 0
0 0 0 0 0 0 0 0 0 0 0 0 0 0 0 0 0 0 0 0 0 0 0 0 0 0 0 0 0 0 0 0 0 0 0 0 0 0 0 0 0 0 0 0 0 0 0 0 0 0 0 0 0 0 0 0 0 0 0 0 0 0 0 0 0 0 0 0 0 0 0 0 0 0 0 0 0 0 0 0 0 0 0 0 0 0 0 0 0 0 0 0 0 0 0 0 0 0 0 0 0 0 0 0 0 0 0 0 0 0 0 0 0 0 0 0 0 0 0 0 0 0 0 0 0 0 0 0 0 0 0 0 0 0 0 0 0 0 0 0 0 0 0 0 0 0 0 0 0 0
0 0 0 0 0 0 0 0 0 0 0 0 0 0 0 0 0 0 0 0 0 0 0 0 0 0 0 0 0 0 0 0 0 0 0 0 0 0 0 0 0 0 0 0 0 0 0 0 0 0 0 0 0 0 0 0 0 0 0 0 0 0 0 0 0 0 0 0 0 0 0 0 0 0 0 0 0 0 0 0 0 0 0 0 0 0 0 0 0 0 0 0 0 0 0 0 0 0 0 0 0 0 0 0 0 0 0 0 0 0 0 0 0 0 0 0 0 0 0 0 0 0 0 0 0 0 0 0 0 0 0 0 0 0 0 0 0 0 0 0 0 0 0 0 0 0 0 0 0 0
0 0 0 0 0 0 0 0 0 0 0 0 0 0 0 0 0 0 0 0 0 0 0 0 0 0 0 0 0 0 0 0 0 0 0 0 0 0 0 0 0 0 0 0 0 0 0 0 0 0 0 0 0 0 0 0 0 0 0 0 0 0 0 0 0 0 0 0 0 0 0 0 0 0 0 0 0 0 0 0 0 0 0 0 0 0 0 0 0 0 0 0 0 0 0 0 0 0 0 0 0 0 0 0 0 0 0 0 0 0 0 0 0 0 0 0 0 0 0 0 0 0 0 0 0 0 0 0 0 0 0 0 0 0 0 0 0 0 0 0 0 0 0 0 0 0 0 0 0 0
0 0 0 0 0 0 0 0 0 0 0 0 0 0 0 0 0 0 0 0 0 0 0 0 0 0 0 0 0 0 0 0 0 0 0 0 0 0 0 0 0 0 0 0 0 0 0 0 0 0 0 0 0 0 0 0 0 0 0 0 0 0 0 0 0 0 0 0 0 0 0 0 0 0 0 0 0 0 0 0 0 0 0 0 0 0 0 0 0 0 0 0 0 0 0 0 0 0 0 0 0 0 0 0 0 0 0 0 0 0 0 0 0 0 0 0 0 0 0 0 0 0 0 0 0 0 0 0 0 0 0 0 0 0 0 0 0 0 0 0 0 0 0 0 0 0 0 0 0 0
