0 0 0 0 0 0 0 0 0 0 0 0 0 0 0 0 0 0 0 0 0 0 0 0 0 0 0 0 0 0 0 0 0 0 0 0 0 0 0 0 0 0 0 0 0 0 0 0 0 0 0 0 0 0 0 0 0 0 0 0 0 0 0 0 0 0 0 0 0 0 0 0 0 0 0 0 0 0 0 0 0 0 0 0 0 0 0 0 0 0 0 0 0 0 0 0 0 0 0 0 0 0 0 0 0 0 0 0 0 0 0 0 0 0 0 0 0 0 0 0 0 0 0 0 0 0 0 0 0 0 0 0 0 0 0 0 0 0 0 0 0 0 0 0 0 0 0 0 0 0
0 0 0 0 0 0 0 0 0 0 0 0 0 0 0 0 0 0 0 0 0 0 0 0 0 0 0 0 0 0 0 0 0 0 0 0 0 0 0 0 0 0 0 0 0 0 0 0 0 0 0 0 0 0 0 0 0 0 0 0 0 0 0 0 0 0 0 0 0 0 0 0 0 0 0 0 0 0 0 0 0 0 0 0 0 0 0 0 0 0 0 0 0 0 0 0 0 0 0 0 0 0 0 0 0 0 0 0 0 0 0 0 0 0 0 0 0 0 0 0 0 0 0 0 0 0 0 0 0 0 0 0 0 0 0 0 0 0 0 0 0 0 0 0 0 0 0 0 0 0
0 0 0 0 0 0 0 0 0 0 0 0 0 0 0 0 0 0 0 0 0 0 0 0 0 0 0 0 0 0 0 0 0 0 0 0 0 0 0 0 0 0 0 0 0 0 0 0 0 0 0 0 0 0 0 0 0 0 0 0 0 0 0 0 0 0 0 0 0 0 0 0 0 0 0 0 0 0 0 0 0 0 0 0 0 0 0 0 0 0 0 0 0 0 0 0 0 0 0 0 0 0 0 0 0 0 0 0 0 0 0 0 0 0 0 0 0 0 0 0 0 0 0 0 0 0 0 0 0 0 0 0 0 0 0 0 0 0 0 0 0 0 0 0 0 0 0 0 0 0
0 0 0 0 0 0 0 0 0 0 0 0 0 0 0 0 0 0 0 0 0 0 0 0 0 0 0 0 0 0 0 0 0 0 0 0 0 0 0 0 0 0 0 0 0 0 0 0 0 0 0 0 0 0 0 0 0 0 0 0 0 0 0 0 0 0 0 0 0 0 0 0 0 0 0 0 0 0 0 0 0 0 0 0 0 0 0 0 0 0 0 0 0 0 0 0 0 0 0 0 0 0 0 0 0 0 0 0 0 0 0 0 0 0 0 0 0 0 0 0 0 0 0 0 0 0 0 0 0 0 0 0 0 0 0 0 0 0 0 0 0 0 0 0 0 0 0 0 0 0
0 0 0 0 0 0 0 0 0 0 0 0 0 0 0 0 0 0 0 0 0 0 0 0 0 0 0 0 0 0 0 0 0 0 0 0 0 0 0 0 0 0 0 0 0 0 0 0 0 0 0 0 0 0 0 0 0 0 0 0 0 0 0 0 0 0 0 0 0 0 0 0 0 0 0 0 0 0 0 0 0 0 0 0 0 0 0 0 0 0 0 0 0 0 0 0 0 0 0 0 0 0 0 0 0 0 0 0 0 0 0 0 0 0 0 0 0 0 0 0 0 0 0 0 0 0 0 0 0 0 0 0 0 0 0 0 0 0 0 0 0 0 0 0 0 0 0 0 0 0
0 0 0 0 0 0 0 0 0 0 0 0 0 0 0 0 0 0 0 0 0 0 0 0 0 0 0 0 0 0 0 0 0 0 0 0 0 0 0 0 0 0 0 0 0 0 0 0 0 0 0 0 0 0 0 0 0 0 0 0 0 0 0 0 0 0 0 0 0 0 0 0 0 0 0 0 0 0 0 0 0 0 0 0 0 0 0 0 0 0 0 0 0 0 0 0 0 0 0 0 0 0 0 0 0 0 0 0 0 0 0 0 0 0 0 0 0 0 0 0 0 0 0 0 0 0 0 0 0 0 0 0 0 0 0 0 0 0 0 0 0 0 0 0 0 0 0 0 0 0
0 0 0 0 0 0 0 0 0 0 0 0 0 0 0 0 0 0 0 0 0 0 0 0 0 0 0 0 0 0 0 0 0 0 0 0 0 0 0 0 0 0 0 0 0 0 0 0 0 0 0 0 0 0 0 0 0 0 0 0 0 0 0 0 0 0 0 0 0 0 0 0 0 0 0 0 0 0 0 0 0 0 0 0 0 0 0 0 0 0 0 0 0 0 0 0 0 0 0 0 0 0 0 0 0 0 0 0 0 0 0 0 0 0 0 0 0 0 0 0 0 0 0 0 0 0 0 0 0 0 0 0 0 0 0 0 0 0 0 0 0 0 0 0 0 0 0 0 0 0
0 0 0 0 0 0 0 0 0 0 0 0 0 0 0 0 0 0 0 0 0 0 0 0 0 0 0 0 0 0 0 0 0 0 0 0 0 0 0 0 0 0 0 0 0 0 0 0 0 0 0 0 0 0 0 0 0 0 0 0 0 0 0 0 0 0 0 0 0 0 0 0 0 0 0 0 0 0 0 0 0 0 0 0 0 0 0 0 0 0 0 0 0 0 0 0 0 0 0 0 0 0 0 0 0 0 0 0 0 0 0 0 0 0 0 0 0 0 0 0 0 0 0 0 0 0 0 0 0 0 0 0 0 0 0 0 0 0 0 0 0 0 0 0 0 0 0 0 0 0
0 0 0 0 0 0 0 0 0 0 0 0 0 0 0 0 0 0 0 0 0 0 0 0 0 0 0 0 0 0 0 0 0 0 0 0 0 0 0 0 0 0 0 0 0 0 0 0 0 0 0 0 0 0 0 0 0 0 0 0 0 0 0 0 0 0 0 0 0 0 0 0 0 0 0 0 0 0 0 0 0 0 0 0 0 0 0 0 0 0 0 0 0 0 0 0 0 0 0 0 0 0 0 0 0 0 0 0 0 0 0 0 0 0 0 0 0 0 0 0 0 0 0 0 0 0 0 0 0 0 0 0 0 0 0 0 0 0 0 0 0 0 0 0 0 0 0 0 0 0
0 0 0 0 0 0 0 0 0 0 0 0 0 0 0 0 0 0 0 0 0 0 0 0 0 0 0 0 0 0 0 0 0 0 0 0 0 0 0 0 0 0 0 0 0 0 0 0 0 0 0 0 0 0 0 0 0 0 0 0 0 0 0 0 0 0 0 0 0 0 0 0 0 0 0 0 0 0 0 0 0 0 0 0 0 0 0 0 0 0 0 0 0 0 0 0 0 0 0 0 0 0 0 0 0 0 0 0 0 0 0 0 0 0 0 0 0 0 0 0 0 0 0 0 0 0 0 0 0 0 0 0 0 0 0 0 0 0 0 0 0 0 0 0 0 0 0 0 0 0
0 0 0 0 0 0 0 0 0 0 0 0 0 0 0 0 0 0 0 0 0 0 0 0 0 0 0 0 0 0 0 0 0 0 0 0 0 0 0 0 0 0 0 0 0 0 0 0 0 0 0 0 0 0 0 0 0 0 0 0 0 0 0 0 0 0 0 0 0 0 0 0 0 0 0 0 0 0 0 0 0 0 0 0 0 0 0 0 0 0 0 0 0 0 0 0 0 0 0 0 0 0 0 0 0 0 0 0 0 0 0 0 0 0 0 0 0 0 0 0 0 0 0 0 0 0 0 0 0 0 0 0 0 0 0 0 0 0 0 0 0 0 0 0 0 0 0 0 0 0
0 0 0 0 0 0 0 0 0 0 0 0 0 0 0 0 0 0 0 0 0 0 0 0 0 0 0 0 0 0 0 0 0 0 0 0 0 0 0 0 0 0 0 0 0 0 0 0 0 0 0 0 0 0 0 0 0 0 0 0 0 0 0 0 0 0 0 0 0 0 0 0 0 0 0 0 0 0 0 0 0 0 0 0 0 0 0 0 0 0 0 0 0 0 0 0 0 0 0 0 0 0 0 0 0 0 0 0 0 0 0 0 0 0 0 0 0 0 0 0 0 0 0 0 0 0 0 0 0 0 0 0 0 0 0 0 0 0 0 0 0 0 0 0 0 0 0 0 0 0
0 0 0 0 0 0 0 0 0 0 0 0 0 0 0 0 0 0 0 0 0 0 0 0 0 0 0 0 0 0 0 0 0 0 0 0 0 0 0 0 0 0 0 0 0 0 0 0 0 0 0 0 0 0 0 0 0 0 0 0 0 0 0 0 0 0 0 0 0 0 0 0 0 0 0 0 0 0 0 0 0 0 0 0 0 0 0 0 0 0 0 0 0 0 0 0 0 0 0 0 0 0 0 0 0 0 0 0 0 0 0 0 0 0 0 0 0 0 0 0 0 0 0 0 0 0 0 0 0 0 0 0 0 0 0 0 0 0 0 0 0 0 0 0 0 0 0 0 0 0
0 0 0 0 0 0 0 0 0 0 0 0 0 0 0 0 0 0 0 0 0 0 0 0 0 0 0 0 0 0 0 0 0 0 0 0 0 0 0 0 0 0 0 0 0 0 0 0 0 0 0 0 0 0 0 0 0 0 0 0 0 0 0 0 0 0 0 0 0 0 0 0 0 0 0 0 0 0 0 0 0 0 0 0 0 0 0 0 0 0 0 0 0 0 0 0 0 0 0 0 0 0 0 0 0 0 0 0 0 0 0 0 0 0 0 0 0 0 0 0 0 0 0 0 0 0 0 0 0 0 0 0 0 0 0 0 0 0 0 0 0 0 0 0 0 0 0 0 0 0
0 0 0 0 0 0 0 0 0 0 0 0 0 0 0 0 0 0 0 0 0 0 0 0 0 0 0 0 0 0 0 0 0 0 0 0 0 0 0 0 0 0 0 0 0 0 0 0 0 0 0 0 0 0 0 0 0 0 0 0 0 0 0 0 0 0 0 0 0 0 0 0 0 0 0 0 0 0 0 0 0 0 0 0 0 0 0 0 0 0 0 0 0 0 0 0 0 0 0 0 0 0 0 0 0 0 0 0 0 0 0 0 0 0 0 0 0 0 0 0 0 0 0 0 0 0 0 0 0 0 0 0 0 0 0 0 0 0 0 0 0 0 0 0 0 0 0 0 0 0
0 0 0 0 0 0 0 0 0 0 0 0 0 0 0 0 0 0 0 0 0 0 0 0 0 0 0 0 0 0 0 0 0 0 0 0 0 0 0 0 0 0 0 0 0 0 0 0 0 0 0 0 0 0 0 0 0 0 0 0 0 0 0 0 0 0 0 0 0 0 0 0 0 0 0 0 0 0 0 0 0 0 0 0 0 0 0 0 0 0 0 0 0 0 0 0 0 0 0 0 0 0 0 0 0 0 0 0 0 0 0 0 0 0 0 0 0 0 0 0 0 0 0 0 0 0 0 0 0 0 0 0 0 0 0 0 0 0 0 0 0 0 0 0 0 0 0 0 0 0
0 0 0 0 0 0 0 0 0 0 0 0 0 0 0 0 0 0 0 0 0 0 0 0 0 0 0 0 0 0 0 0 0 0 0 0 0 0 0 0 0 0 0 0 0 0 0 0 0 0 0 0 0 0 0 0 0 0 0 0 0 0 0 0 0 0 0 0 0 0 0 0 0 0 0 0 0 0 0 0 0 0 0 0 0 0 0 0 0 0 0 0 0 0 0 0 0 0 0 0 0 0 0 0 0 0 0 0 0 0 0 0 0 0 0 0 0 0 0 0 0 0 0 0 0 0 0 0 0 0 0 0 0 0 0 0 0 0 0 0 0 0 0 0 0 0 0 0 0 0
0 0 0 0 0 0 0 0 0 0 0 0 0 0 0 0 0 0 0 0 0 0 0 0 0 0 0 0 0 0 0 0 0 0 0 0 0 0 0 0 0 0 0 0 0 0 0 0 0 0 0 0 0 0 0 0 0 0 0 0 0 0 0 0 0 0 0 0 0 0 0 0 0 0 0 0 0 0 0 0 0 0 0 0 0 0 0 0 0 0 0 0 0 0 0 0 0 0 0 0 0 0 0 0 0 0 0 0 0 0 0 0 0 0 0 0 0 0 0 0 0 0 0 0 0 0 0 0 0 0 0 0 0 0 0 0 0 0 0 0 0 0 0 0 0 0 0 0 0 0
0 0 0 0 0 0 0 0 0 0 0 0 0 0 0 0 0 0 0 0 0 0 0 0 0 0 0 0 0 0 0 0 0 0 0 0 0 0 0 0 0 0 0 0 0 0 0 0 0 0 0 0 0 0 0 0 0 0 0 0 0 0 0 0 0 0 0 0 0 0 0 0 0 0 0 0 0 0 0 0 0 0 0 0 0 0 0 0 0 0 0 0 0 0 0 0 0 0 0 0 0 0 0 0 0 0 0 0 0 0 0 0 0 0 0 0 0 0 0 0 0 0 0 0 0 0 0 0 0 0 0 0 0 0 0 0 0 0 0 0 0 0 0 0 0 0 0 0 0 0
0 0 0 0 0 0 0 0 0 0 0 0 0 0 0 0 0 0 0 0 0 0 0 0 0 0 0 0 0 0 0 0 0 0 0 0 0 0 0 0 0 0 0 0 0 0 0 0 0 0 0 0 0 0 0 0 0 0 0 0 0 0 0 0 0 0 0 0 0 0 0 0 0 0 0 0 0 0 0 0 0 0 0 0 0 0 0 0 0 0 0 0 0 0 0 0 0 0 0 0 0 0 0 0 0 0 0 0 0 0 0 0 0 0 0 0 0 0 0 0 0 0 0 0 0 0 0 0 0 0 0 0 0 0 0 0 0 0 0 0 0 0 0 0 0 0 0 0 0 0
0 0 0 0 0 0 0 0 0 0 0 0 0 0 0 0 0 0 0 0 0 0 0 0 0 0 0 0 0 0 0 0 0 0 0 0 0 0 0 0 0 0 0 0 0 0 0 0 0 0 0 0 0 0 0 0 0 0 0 0 0 0 0 0 0 0 0 0 0 0 0 0 0 0 0 0 0 0 0 0 0 0 0 0 0 0 0 0 0 0 0 0 0 0 0 0 0 0 0 0 0 0 0 0 0 0 0 0 0 0 0 0 0 0 0 0 0 0 0 0 0 0 0 0 0 0 0 0 0 0 0 0 0 0 0 0 0 0 0 0 0 0 0 0 0 0 0 0 0 0
0 0 0 0 0 0 0 0 0 0 0 0 0 0 0 0 0 0 0 0 0 0 0 0 0 0 0 0 0 0 0 0 0 0 0 0 0 0 0 0 0 0 0 0 0 0 0 0 0 0 0 0 0 0 0 0 0 0 0 0 0 0 0 0 0 0 0 0 0 0 0 0 0 0 0 0 0 0 0 0 0 0 0 0 0 0 0 0 0 0 0 0 0 0 0 0 0 0 0 0 0 0 0 0 0 0 0 0 0 0 0 0 0 0 0 0 0 0 0 0 0 0 0 0 0 0 0 0 0 0 0 0 0 0 0 0 0 0 0 0 0 0 0 0 0 0 0 0 0 0
0 0 0 0 0 0 0 0 0 0 0 0 0 0 0 0 0 0 0 0 0 0 0 0 0 0 0 0 0 0 0 0 0 0 0 0 0 0 0 0 0 0 0 0 0 0 0 0 0 0 0 0 0 0 0 0 0 0 0 0 0 0 0 0 0 0 0 0 0 0 0 0 0 0 0 0 0 0 0 0 0 0 0 0 0 0 0 0 0 0 0 0 0 0 0 0 0 0 0 0 0 0 0 0 0 0 0 0 0 0 0 0 0 0 0 0 0 0 0 0 0 0 0 0 0 0 0 0 0 0 0 0 0 0 0 0 0 0 0 0 0 0 0 0 0 0 0 0 0 0
0 0 0 0 0 0 0 0 0 0 0 0 0 0 0 0 0 0 0 0 0 0 0 0 0 0 0 0 0 0 0 0 0 0 0 0 0 0 0 0 0 0 0 0 0 0 0 0 0 0 0 0 0 0 0 0 0 0 0 0 0 0 0 0 0 0 0 0 0 0 0 0 0 0 0 0 0 0 0 0 0 0 0 0 0 0 0 0 0 0 0 0 0 0 0 0 0 0 0 0 0 0 0 0 0 0 0 0 0 0 0 0 0 0 0 0 0 0 0 0 0 0 0 0 0 0 0 0 0 0 0 0 0 0 0 0 0 0 0 0 0 0 0 0 0 0 0 0 0 0
0 0 0 0 0 0 0 0 0 0 0 0 0 0 0 0 0 0 0 0 0 0 0 0 0 0 0 0 0 0 0 0 0 0 0 0 0 0 0 0 0 0 0 0 0 0 0 0 0 0 0 0 0 0 0 0 0 0 0 0 0 0 0 0 0 0 0 0 0 0 0 0 0 0 0 0 0 0 0 0 0 0 0 0 0 0 0 0 0 0 0 0 0 0 0 0 0 0 0 0 0 0 0 0 0 0 0 0 0 0 0 0 0 0 0 0 0 0 0 0 0 0 0 0 0 0 0 0 0 0 0 0 0 0 0 0 0 0 0 0 0 0 0 0 0 0 0 0 0 0
0 0 0 0 0 0 0 0 0 0 0 0 0 0 0 0 0 0 0 0 0 0 0 0 0 0 0 0 0 0 0 0 0 0 0 0 0 0 0 0 0 0 0 0 0 0 0 0 0 0 0 0 0 0 0 0 0 0 0 0 0 0 0 0 0 0 0 0 0 0 0 0 0 0 0 0 0 0 0 0 0 0 0 0 0 0 0 0 0 0 0 0 0 0 0 0 0 0 0 0 0 0 0 0 0 0 0 0 0 0 0 0 0 0 0 0 0 0 0 0 0 0 0 0 0 0 0 0 0 0 0 0 0 0 0 0 0 0 0 0 0 0 0 0 0 0 0 0 0 0
0 0 0 0 0 0 0 0 0 0 0 0 0 0 0 0 0 0 0 0 0 0 0 0 0 0 0 0 0 0 0 0 0 0 0 0 0 0 0 0 0 0 0 0 0 0 0 0 0 0 0 0 0 0 0 0 0 0 0 0 0 0 0 0 0 0 0 0 0 0 0 0 0 0 0 0 0 0 0 0 0 0 0 0 0 0 0 0 0 0 0 0 0 0 0 0 0 0 0 0 0 0 0 0 0 0 0 0 0 0 0 0 0 0 0 0 0 0 0 0 0 0 0 0 0 0 0 0 0 0 0 0 0 0 0 0 0 0 0 0 0 0 0 0 0 0 0 0 0 0
0 0 0 0 0 0 0 0 0 0 0 0 0 0 0 0 0 0 0 0 0 0 0 0 0 0 0 0 0 0 0 0 0 0 0 0 0 0 0 0 0 0 0 0 0 0 0 0 0 0 0 0 0 0 0 0 0 0 0 0 0 0 0 0 0 0 0 0 0 0 0 0 0 0 0 0 0 0 0 0 0 0 0 0 0 0 0 0 0 0 0 0 0 0 0 0 0 0 0 0 0 0 0 0 0 0 0 0 0 0 0 0 0 0 0 0 0 0 0 0 0 0 0 0 0 0 0 0 0 0 0 0 0 0 0 0 0 0 0 0 0 0 0 0 0 0 0 0 0 0
0 0 0 0 0 0 0 0 0 0 0 0 0 0 0 0 0 0 0 0 0 0 0 0 0 0 0 0 0 0 0 0 0 0 0 0 0 0 0 0 0 0 0 0 0 0 0 0 0 0 0 0 0 0 0 0 0 0 0 0 0 0 0 0 0 0 0 0 0 0 0 0 0 0 0 0 0 0 0 0 0 0 0 0 0 0 0 0 0 0 0 0 0 0 0 0 0 0 0 0 0 0 0 0 0 0 0 0 0 0 0 0 0 0 0 0 0 0 0 0 0 0 0 0 0 0 0 0 0 0 0 0 0 0 0 0 0 0 0 0 0 0 0 0 0 0 0 0 0 0
0 0 0 0 0 0 0 0 0 0 0 0 0 0 0 0 0 0 0 0 0 0 0 0 0 0 0 0 0 0 0 0 0 0 0 0 0 0 0 0 0 0 0 0 0 0 0 0 0 0 0 0 0 0 0 0 0 0 0 0 0 0 0 0 0 0 0 0 0 0 0 0 0 0 0 0 0 4.81873e-06 4.2162e-06 3.39979e-06 2.52657e-06 0 0 0 0 0 0 0 0 0 0 0 0 0 0 0 0 0 0 0 0 0 0 0 0 0 0 0 0 0 0 0 0 0 0 0 0 0 0 0 0 0 0 0 0 0 0 0 0 0 0 0 0 0 0 0 0 0 0 0 0 0 0 0 0 0 0 0 0 0
0 0 0 0 0 0 0 0 0 0 0 0 0 0 0 0 0 0 0 0 0 0 0 0 0 0 0 0 0 0 0 0 0 0 0 0 0 0 0 0 0 0 0 0 0 0 0 0 0 0 0 0 0 0 0 0 0 0 0 0 0 0 0 0 0 0 0 0 0 0 0 0 0 1.32658e-05 1.60889e-05 1.79833e-05 1.85253e-05 1.75874e-05 1.53881e-05 1.26684e-05 9.56441e-06 6.73014e-06 0 0 0 0 0 0 0 0 0 0 0 0 0 0 0 0 0 0 0 0 0 0 0 0 0 0 0 0 0 0 0 0 0 0 0 0 0 0 0 0 0 0 0 0 0 0 0 0 0 0 0 0 0 0 0 0 0 0 0 0 0 0 0 0 0 0 0 0
0 0 0 0 0 0 0 0 0 0 0 0 0 0 0 0 0 0 0 0 0 0 0 0 0 0 0 0 0 0 0 0 0 0 0 0 0 0 0 0 0 0 0 0 0 0 0 0 0 0 0 0 0 0 0 0 0 0 0 0 0 0 0 0 0 0 0 0 0 0 0 2.39778e-05 3.41329e-05 4.48231e-05 5.41179e-05 6.04897e-05 6.23124e-05 5.95213e-05 5.23284e-05 4.25537e-05 3.20942e-05 2.25461e-05 1.48475e-05 9.24384e-06 0 0 0 0 0 0 0 0 0 0 0 0 0 0 0 0 0 0 0 0 0 0 0 0 0 0 0 0 0 0 0 0 0 0 0 0 0 0 0 0 0 0 0 0 0 0 0 0 0 0 0 0 0 0 0 0 0 0 0 0 0 0 0 0 0 0
0 0 0 0 0 0 0 0 0 0 0 0 0 0 0 0 0 0 0 0 0 0 0 0 0 0 0 0 0 0 0 0 0 0 0 0 0 0 0 0 0 0 0 0 0 0 0 0 0 0 0 0 0 0 0 0 0 0 0 0 0 0 0 0 0 0 0 0 0 0 4.84108e-05 7.45731e-05 0.00010606 0.00013919 0.000168493 0.000188086 0.000193851 0.00018444 0.000162098 0.000131745 0.000100215 7.05192e-05 4.65029e-05 2.90207e-05 1.72263e-05 0 0 0 0 0 0 0 0 0 0 0 0 0 0 0 0 0 0 0 0 0 0 0 0 0 0 0 0 0 0 0 0 0 0 0 0 0 0 0 0 0 0 0 0 0 0 0 0 0 0 0 0 0 0 0 0 0 0 0 0 0 0 0 0 0
0 0 0 0 0 0 0 0 0 0 0 0 0 0 0 0 0 0 0 0 0 0 0 0 0 0 0 0 0 0 0 0 0 0 0 0 0 0 0 0 0 0 0 0 0 0 0 0 0 0 0 0 0 0 0 0 0 0 0 0 0 0 0 0 0 0 0 0 0 8.35554e-05 0.000139004 0.000213804 0.000303755 0.000398347 0.000481958 0.000538717 0.000557703 0.000533728 0.000470601 0.000385251 0.000293873 0.000209917 0.000133023 8.26455e-05 4.89052e-05 2.76979e-05 0 0 0 0 0 0 0 0 0 0 0 0 0 0 0 0 0 0 0 0 0 0 0 0 0 0 0 0 0 0 0 0 0 0 0 0 0 0 0 0 0 0 0 0 0 0 0 0 0 0 0 0 0 0 0 0 0 0 0 0 0 0 0 0
0 0 0 0 0 0 0 0 0 0 0 0 0 0 0 0 0 0 0 0 0 0 0 0 0 0 0 0 0 0 0 0 0 0 0 0 0 0 0 0 0 0 0 0 0 0 0 0 0 0 0 0 0 0 0 0 0 0 0 0 0 0 0 0 0 0 0 6.42987e-05 0.000123984 0.000221988 0.000368324 0.000565461 0.000802783 0.00105502 0.00127754 0.00143309 0.00148029 0.00141365 0.00125048 0.00102615 0.000786425 0.000565973 0.000386605 0.000253867 0.000162475 0.000102573 3.91436e-05 0 0 0 0 0 0 0 0 0 0 0 0 0 0 0 0 0 0 0 0 0 0 0 0 0 0 0 0 0 0 0 0 0 0 0 0 0 0 0 0 0 0 0 0 0 0 0 0 0 0 0 0 0 0 0 0 0 0 0 0 0 0 0
0 0 0 0 0 0 0 0 0 0 0 0 0 0 0 0 0 0 0 0 0 0 0 0 0 0 0 0 0 0 0 0 0 0 0 0 0 0 0 0 0 0 0 0 0 0 0 0 0 0 0 0 0 0 0 0 0 0 0 0 0 0 0 0 0 0 0 0.000159418 0.000305602 0.000544751 0.000901236 0.00138612 0.00196767 0.00257726 0.00312533 0.00349548 0.00361419 0.00345793 0.00306786 0.00253252 0.00195436 0.00142362 0.000988394 0.000663176 0.000435432 0.000282109 0.000180402 0.000102046 0 0 0 0 0 0 0 0 0 0 0 0 0 0 0 0 0 0 0 0 0 0 0 0 0 0 0 0 0 0 0 0 0 0 0 0 0 0 0 0 0 0 0 0 0 0 0 0 0 0 0 0 0 0 0 0 0 0 0 0 0 0
0 0 0 0 0 0 0 0 0 0 0 0 0 0 0 0 0 0 0 0 0 0 0 0 0 0 0 0 0 0 0 0 0 0 0 0 0 0 0 0 0 0 0 0 0 0 0 0 0 0 0 0 0 0 0 0 0 0 0 0 0 0 0 0 0 0 0.000179494 0.000365949 0.000696721 0.00124298 0.00205393 0.00313683 0.00443634 0.0058152 0.00703705 0.00787485 0.00815352 0.00782316 0.0069743 0.00580184 0.00453322 0.00335538 0.00238256 0.001641 0.0011078 0.000736051 0.000480183 0.000304857 0.000178673 0 0 0 0 0 0 0 0 0 0 0 0 0 0 0 0 0 0 0 0 0 0 0 0 0 0 0 0 0 0 0 0 0 0 0 0 0 0 0 0 0 0 0 0 0 0 0 0 0 0 0 0 0 0 0 0 0 0 0 0 0
0 0 0 0 0 0 0 0 0 0 0 0 0 0 0 0 0 0 0 0 0 0 0 0 0 0 0 0 0 0 0 0 0 0 0 0 0 0 0 0 0 0 0 0 0 0 0 0 0 0 0 0 0 0 0 0 0 0 0 0 0 0 0 0 0 0.000178862 0.000385376 0.000778407 0.00148279 0.00262501 0.00430275 0.00654851 0.00925773 0.0121012 0.0146427 0.0163997 0.0170217 0.0164034 0.0147304 0.0123933 0.00984435 0.0074545 0.00543625 0.00385663 0.00267559 0.00181778 0.00120418 0.000771451 0.000460847 0.000270488 0 0 0 0 0 0 0 0 0 0 0 0 0 0 0 0 0 0 0 0 0 0 0 0 0 0 0 0 0 0 0 0 0 0 0 0 0 0 0 0 0 0 0 0 0 0 0 0 0 0 0 0 0 0 0 0 0 0 0 0
0 0 0 0 0 0 0 0 0 0 0 0 0 0 0 0 0 0 0 0 0 0 0 0 0 0 0 0 0 0 0 0 0 0 0 0 0 0 0 0 0 0 0 0 0 0 0 0 0 0 0 0 0 0 0 0 0 0 0 0 0 0 0 0 0 0.000360295 0.000767792 0.00155321 0.00292846 0.0051204 0.00834543 0.0126743 0.0178428 0.0232958 0.0281849 0.0316182 0.0329371 0.0319522 0.0290009 0.0247916 0.0201302 0.0156676 0.0117837 0.008609 0.00612497 0.00423282 0.0028353 0.00182624 0.00112134 0.000644332 0.000352329 0.000179463 0 0 0 0 0 0 0 0 0 0 0 0 0 0 0 0 0 0 0 0 0 0 0 0 0 0 0 0 0 0 0 0 0 0 0 0 0 0 0 0 0 0 0 0 0 0 0 0 0 0 0 0 0 0 0 0 0 0
0 0 0 0 0 0 0 0 0 0 0 0 0 0 0 0 0 0 0 0 0 0 0 0 0 0 0 0 0 0 0 0 0 0 0 0 0 0 0 0 0 0 0 0 0 0 0 0 0 0 0 0 0 0 0 0 0 0 0 0 0 0 0 0 0.000300051 0.000673823 0.00144391 0.00288554 0.00534516 0.00927263 0.0150342 0.0226948 0.0318513 0.0415206 0.0502569 0.0565323 0.0592271 0.0580201 0.0534579 0.0466771 0.0389392 0.0312542 0.0242434 0.0182001 0.0132227 0.00927677 0.00626228 0.00404545 0.00247741 0.00142523 0.000775652 0.000393448 0 0 0 0 0 0 0 0 0 0 0 0 0 0 0 0 0 0 0 0 0 0 0 0 0 0 0 0 0 0 0 0 0 0 0 0 0 0 0 0 0 0 0 0 0 0 0 0 0 0 0 0 0 0 0 0 0 0
0 0 0 0 0 0 0 0 0 0 0 0 0 0 0 0 0 0 0 0 0 0 0 0 0 0 0 0 0 0 0 0 0 0 0 0 0 0 0 0 0 0 0 0 0 0 0 0 0 0 0 0 0 0 0 0 0 0 0 0 0 0 0 0 0.000526165 0.00119794 0.00253644 0.00495258 0.00908602 0.0156242 0.0251239 0.0377057 0.052733 0.0686508 0.0831986 0.0939987 0.0993214 0.0986539 0.0927442 0.0831352 0.0715068 0.0592288 0.0472778 0.0363321 0.0268408 0.0190319 0.0129149 0.00835188 0.00511811 0.00295458 0.00158693 0.000801094 0.000375855 0 0 0 0 0 0 0 0 0 0 0 0 0 0 0 0 0 0 0 0 0 0 0 0 0 0 0 0 0 0 0 0 0 0 0 0 0 0 0 0 0 0 0 0 0 0 0 0 0 0 0 0 0 0 0 0 0
0 0 0 0 0 0 0 0 0 0 0 0 0 0 0 0 0 0 0 0 0 0 0 0 0 0 0 0 0 0 0 0 0 0 0 0 0 0 0 0 0 0 0 0 0 0 0 0 0 0 0 0 0 0 0 0 0 0 0 0 0 0 0 0.000362903 0.000855483 0.00199605 0.00411788 0.007944 0.0143879 0.0245119 0.0390668 0.0582589 0.0811637 0.10556 0.128246 0.145881 0.156043 0.157916 0.152236 0.140613 0.124814 0.106468 0.0871103 0.0682257 0.0510811 0.0365179 0.0248742 0.0160878 0.00983536 0.00565574 0.00304074 0.00151678 0.000708204 0.000306797 0 0 0 0 0 0 0 0 0 0 0 0 0 0 0 0 0 0 0 0 0 0 0 0 0 0 0 0 0 0 0 0 0 0 0 0 0 0 0 0 0 0 0 0 0 0 0 0 0 0 0 0 0 0 0 0
0 0 0 0 0 0 0 0 0 0 0 0 0 0 0 0 0 0 0 0 0 0 0 0 0 0 0 0 0 0 0 0 0 0 0 0 0 0 0 0 0 0 0 0 0 0 0 0 0 0 0 0 0 0 0 0 0 0 0 0 0 0 0 0.000550468 0.00140099 0.00306716 0.00624444 0.0118997 0.021345 0.0358948 0.0566756 0.0839314 0.116468 0.151441 0.18479 0.212324 0.230952 0.239298 0.237458 0.226258 0.206872 0.181006 0.151127 0.120184 0.0909545 0.0654512 0.0447111 0.0289108 0.0176295 0.0100968 0.00540559 0.00270275 0.00124174 0.000535353 0 0 0 0 0 0 0 0 0 0 0 0 0 0 0 0 0 0 0 0 0 0 0 0 0 0 0 0 0 0 0 0 0 0 0 0 0 0 0 0 0 0 0 0 0 0 0 0 0 0 0 0 0 0 0 0
0 0 0 0 0 0 0 0 0 0 0 0 0 0 0 0 0 0 0 0 0 0 0 0 0 0 0 0 0 0 0 0 0 0 0 0 0 0 0 0 0 0 0 0 0 0 0 0 0 0 0 0 0 0 0 0 0 0 0 0 0 0 0 0.000772598 0.00204118 0.00441624 0.00887206 0.0167319 0.0296195 0.0492326 0.0769613 0.113133 0.156404 0.203575 0.250149 0.291494 0.323926 0.344963 0.352846 0.346228 0.324776 0.290135 0.2462 0.198206 0.151327 0.1095 0.0749851 0.0484692 0.0294843 0.0168207 0.00896635 0.00446034 0.00206403 0.00086992 0.000346005 0 0 0 0 0 0 0 0 0 0 0 0 0 0 0 0 0 0 0 0 0 0 0 0 0 0 0 0 0 0 0 0 0 0 0 0 0 0 0 0 0 0 0 0 0 0 0 0 0 0 0 0 0 0 0
0 0 0 0 0 0 0 0 0 0 0 0 0 0 0 0 0 0 0 0 0 0 0 0 0 0 0 0 0 0 0 0 0 0 0 0 0 0 0 0 0 0 0 0 0 0 0 0 0 0 0 0 0 0 0 0 0 0 0 0 0 0 0 0.00121246 0.00281743 0.00597816 0.0118949 0.0221136 0.0386693 0.0634912 0.0982138 0.143279 0.197469 0.257782 0.32006 0.379873 0.43293 0.474634 0.499669 0.502922 0.481654 0.437383 0.375926 0.305667 0.235089 0.170924 0.117307 0.0758241 0.0460283 0.0261611 0.0138885 0.00687627 0.0031676 0.00135562 0.000521635 0 0 0 0 0 0 0 0 0 0 0 0 0 0 0 0 0 0 0 0 0 0 0 0 0 0 0 0 0 0 0 0 0 0 0 0 0 0 0 0 0 0 0 0 0 0 0 0 0 0 0 0 0 0 0
0 0 0 0 0 0 0 0 0 0 0 0 0 0 0 0 0 0 0 0 0 0 0 0 0 0 0 0 0 0 0 0 0 0 0 0 0 0 0 0 0 0 0 0 0 0 0 0 0 0 0 0 0 0 0 4.88414e-05 8.44672e-05 0.000143207 0.000230764 0.000347751 0.000486643 0.000630794 0.000807541 0.00185251 0.00377836 0.00777709 0.0151305 0.027729 0.0477199 0.0773513 0.118338 0.171365 0.235729 0.309441 0.389667 0.472829 0.553689 0.624171 0.673683 0.692029 0.67344 0.619254 0.537603 0.440643 0.340976 0.248929 0.171192 0.110658 0.0670714 0.038028 0.0201199 0.00991299 0.00454837 0.00193956 0.000768233 0.000268381 0 0 0 0 0 0 0 0 0 0 0 0 0 0 0 0 0 0 0 0 0 0 0 0 0 0 0 0 0 0 0 0 0 0 0 0 0 0 0 0 0 0 0 0 0 0 0 0 0 0 0 0 0 0
0 0 0 0 0 0 0 0 0 0 0 0 0 0 0 0 0 0 0 0 0 0 0 0 0 0 0 0 0 0 0 0 0 0 0 0 0 0 0 0 0 0 0 0 0 0 0 0 0 0 0 0 0 5.15229e-05 7.88945e-05 0.000123168 0.000198111 0.000320512 0.000503272 0.000747769 0.00103778 0.00135972 0.00167616 0.00289156 0.00514022 0.0098501 0.0186115 0.033247 0.0561523 0.0896214 0.135476 0.194773 0.267851 0.354616 0.454493 0.565018 0.679311 0.784531 0.863694 0.900857 0.88699 0.823234 0.720166 0.594 0.461915 0.338369 0.233123 0.150742 0.091274 0.0516504 0.027264 0.013408 0.00613807 0.00260464 0.00103021 0.000378877 0 0 0 0 0 0 0 0 0 0 0 0 0 0 0 0 0 0 0 0 0 0 0 0 0 0 0 0 0 0 0 0 0 0 0 0 0 0 0 0 0 0 0 0 0 0 0 0 0 0 0 0 0 0
0 0 0 0 0 0 0 0 0 0 0 0 0 0 0 0 0 0 0 0 0 0 0 0 0 0 0 0 0 0 0 0 0 0 0 0 0 0 0 0 0 0 0 0 0 0 0 0 0 0 0 5.83196e-05 9.38229e-05 0.000143025 0.000210603 0.000308139 0.000459131 0.000696732 0.00104883 0.00151977 0.00208571 0.00272842 0.00346048 0.00484953 0.0074394 0.012778 0.0224696 0.0386739 0.0636081 0.099558 0.148433 0.211891 0.291823 0.390777 0.510884 0.650541 0.800398 0.942168 1.05228 1.10928 1.10103 1.02852 0.904657 0.749596 0.585056 0.42971 0.296519 0.191842 0.116132 0.0656573 0.0346214 0.0170125 0.00778162 0.00331558 0.00130465 0.000482002 0 0 0 0 0 0 0 0 0 0 0 0 0 0 0 0 0 0 0 0 0 0 0 0 0 0 0 0 0 0 0 0 0 0 0 0 0 0 0 0 0 0 0 0 0 0 0 0 0 0 0 0 0 0
0 0 0 0 0 0 0 0 0 0 0 0 0 0 0 0 0 0 0 0 0 0 0 0 0 0 0 0 0 0 0 0 0 0 0 0 0 0 0 0 0 0 0 0 0 0 0 0 0 4.91538e-05 8.99939e-05 0.000153927 0.000246541 0.000372554 0.000537379 0.000754546 0.0010572 0.00149966 0.00213514 0.00297847 0.00400319 0.00509709 0.00641749 0.00814734 0.0112053 0.0170705 0.0275611 0.0446786 0.0705656 0.107403 0.157257 0.222622 0.307385 0.417018 0.556153 0.723334 0.906217 1.08125 1.21913 1.29369 1.29036 1.21008 1.06786 0.887345 0.694206 0.510828 0.352965 0.228558 0.138441 0.0783176 0.0413292 0.0203387 0.00933313 0.0039934 0.00159838 0.000587561 0.000107554 0 0 0 0 0 0 0 0 0 0 0 0 0 0 0 0 0 0 0 0 0 0 0 0 0 0 0 0 0 0 0 0 0 0 0 0 0 0 0 0 0 0 0 0 0 0 0 0 0 0 0 0 0
0 0 0 0 0 0 0 0 0 0 0 0 0 0 0 0 0 0 0 0 0 0 0 0 0 0 0 0 0 0 0 0 0 0 0 0 0 0 0 0 0 0 0 0 0 0 0 0 6.10916e-05 0.00012019 0.000220125 0.000376139 0.000601561 0.000905133 0.00129243 0.00177508 0.00239072 0.00321233 0.00432125 0.00575906 0.00747153 0.00930755 0.0112455 0.0136143 0.0173508 0.0239842 0.0351962 0.0527618 0.0785504 0.114642 0.163438 0.228551 0.316 0.433937 0.588658 0.778073 0.98688 1.1873 1.34574 1.43274 1.43213 1.3451 1.18848 0.988669 0.774292 0.570377 0.394585 0.255878 0.155273 0.088055 0.0466348 0.0230681 0.0106698 0.00462465 0.00188209 0.000725146 0.000150063 0 0 0 0 0 0 0 0 0 0 0 0 0 0 0 0 0 0 0 0 0 0 0 0 0 0 0 0 0 0 0 0 0 0 0 0 0 0 0 0 0 0 0 0 0 0 0 0 0 0 0 0 0
0 0 0 0 0 0 0 0 0 0 0 0 0 0 0 0 0 0 0 0 0 0 0 0 0 0 0 0 0 0 0 0 0 0 0 0 0 0 0 0 0 0 0 0 0 0 0 6.54262e-05 0.000138622 0.000272813 0.000499443 0.00085299 0.00136311 0.00204668 0.00290756 0.0039496 0.005206 0.00675853 0.00871388 0.0111063 0.0137976 0.016581 0.0193684 0.0225405 0.027206 0.0349627 0.0472257 0.065202 0.0902049 0.124193 0.170137 0.233005 0.320844 0.443664 0.608345 0.811638 1.03595 1.25081 1.42017 1.51287 1.51208 1.41955 1.25356 1.04232 0.816248 0.601601 0.416744 0.270892 0.164985 0.0940589 0.0501922 0.0250991 0.0117936 0.00522908 0.00220047 0.000881803 0.000207095 0 0 0 0 0 0 0 0 0 0 0 0 0 0 0 0 0 0 0 0 0 0 0 0 0 0 0 0 0 0 0 0 0 0 0 0 0 0 0 0 0 0 0 0 0 0 0 0 0 0 0 0 0
0 0 0 0 0 0 0 0 0 0 0 0 0 0 0 0 0 0 0 0 0 0 0 0 0 0 0 0 0 0 0 0 0 0 0 0 0 0 0 0 0 0 0 0 0 0 0 0.000138029 0.000292519 0.000575728 0.001054 0.00179916 0.00287236 0.00430701 0.00610296 0.00824658 0.0107548 0.0137102 0.0172113 0.0212065 0.0254397 0.0295279 0.0333189 0.0373532 0.0431139 0.0523724 0.0662445 0.0850362 0.109196 0.140382 0.182199 0.241115 0.326824 0.450171 0.617604 0.82469 1.0526 1.26998 1.4402 1.53192 1.5285 1.43229 1.26248 1.04815 0.820175 0.604749 0.419773 0.27396 0.167937 0.0966613 0.0522932 0.0266559 0.0128642 0.00591485 0.002607 0.00110083 0.000362007 0.000111572 0 0 0 0 0 0 0 0 0 0 0 0 0 0 0 0 0 0 0 0 0 0 0 0 0 0 0 0 0 0 0 0 0 0 0 0 0 0 0 0 0 0 0 0 0 0 0 0 0 0 0 0
0 0 0 0 0 0 0 0 0 0 0 0 0 0 0 0 0 0 0 0 0 0 0 0 0 0 0 0 0 0 0 0 0 0 0 0 0 0 0 0 0 0 0 0 0 0 0.000118755 0.000271634 0.000575955 0.00113344 0.00207394 0.00353763 0.0056424 0.00845053 0.0119552 0.0161118 0.0209104 0.0264163 0.0326581 0.0394388 0.0461946 0.0522188 0.0572563 0.0621689 0.0690998 0.0802559 0.0963555 0.116623 0.140362 0.168727 0.205884 0.259592 0.340581 0.45958 0.622036 0.822686 1.04275 1.25169 1.4141 1.49968 1.49245 1.39514 1.227 1.01696 0.795254 0.587013 0.408925 0.268693 0.166481 0.0973447 0.0538407 0.02829 0.0141991 0.00685373 0.00318948 0.00142871 0.000531185 0.0001544 0 0 0 0 0 0 0 0 0 0 0 0 0 0 0 0 0 0 0 0 0 0 0 0 0 0 0 0 0 0 0 0 0 0 0 0 0 0 0 0 0 0 0 0 0 0 0 0 0 0 0 0
0 0 0 0 0 0 0 0 0 0 0 0 0 0 0 0 0 0 0 0 0 0 0 0 0 0 0 0 0 0 0 0 0 0 0 0 0 0 0 0 0 0 0 0 0 8.83425e-05 0.000218524 0.000500155 0.00106081 0.00208698 0.00381652 0.00650381 0.010361 0.0154974 0.0218949 0.0294608 0.038137 0.047952 0.0588096 0.0701988 0.0810118 0.0899908 0.0967138 0.102604 0.110877 0.124474 0.143612 0.166079 0.189885 0.215706 0.248193 0.295956 0.369916 0.479912 0.630267 0.815567 1.01831 1.21032 1.35873 1.43517 1.42442 1.32895 1.16712 0.966658 0.756432 0.560039 0.392645 0.260848 0.164359 0.0984267 0.0562195 0.0307754 0.0162158 0.00824113 0.00403231 0.0018867 0.000766693 0.00032462 0 0 0 0 0 0 0 0 0 0 0 0 0 0 0 0 0 0 0 0 0 0 0 0 0 0 0 0 0 0 0 0 0 0 0 0 0 0 0 0 0 0 0 0 0 0 0 0 0 0 0 0
0 0 0 0 0 0 0 0 0 0 0 0 0 0 0 0 0 0 0 0 0 0 0 0 0 0 0 0 0 0 0 0 0 0 0 0 0 0 0 0 0 0 0 0 0 0.000152335 0.000377153 0.000863932 0.00183237 0.00360386 0.00658598 0.0112105 0.0178337 0.0266341 0.0375776 0.0504999 0.0652731 0.0818214 0.0998489 0.118301 0.135214 0.148491 0.157499 0.164554 0.174529 0.191431 0.214727 0.240255 0.264469 0.287784 0.315598 0.357072 0.4224 0.519757 0.65243 0.815687 0.994474 1.16407 1.29505 1.36131 1.3482 1.25715 1.10469 0.916509 0.719695 0.536288 0.380116 0.256837 0.165822 0.102579 0.0609947 0.0349479 0.0193028 0.0102451 0.00519385 0.00249942 0.00107303 0.000459254 0 0 0 0 0 0 0 0 0 0 0 0 0 0 0 0 0 0 0 0 0 0 0 0 0 0 0 0 0 0 0 0 0 0 0 0 0 0 0 0 0 0 0 0 0 0 0 0 0 0 0 0
0 0 0 0 0 0 0 0 0 0 0 0 0 0 0 0 0 0 0 0 0 0 0 0 0 0 0 0 0 0 0 0 0 0 0 0 0 0 0 0 0 0 0 0 9.20105e-05 0.000246804 0.000611748 0.001402 0.00297405 0.00584743 0.0106771 0.0181524 0.0288334 0.0429958 0.060576 0.0813051 0.104941 0.13123 0.159493 0.18785 0.213119 0.232086 0.243933 0.252319 0.264466 0.285799 0.314649 0.344182 0.36894 0.389357 0.412159 0.447196 0.503256 0.585991 0.697499 0.834518 0.985491 1.12998 1.24232 1.2986 1.28433 1.19929 1.05739 0.881864 0.69786 0.52606 0.379282 0.262493 0.174866 0.112309 0.0695534 0.0414669 0.0237154 0.0129389 0.00669031 0.00326508 0.00146041 0.000620182 0.000220603 0 0 0 0 0 0 0 0 0 0 0 0 0 0 0 0 0 0 0 0 0 0 0 0 0 0 0 0 0 0 0 0 0 0 0 0 0 0 0 0 0 0 0 0 0 0 0 0 0 0 0
0 0 0 0 0 0 0 0 0 0 0 0 0 0 0 0 0 0 0 0 0 0 0 0 0 0 0 0 0 0 0 0 0 0 0 0 0 0 0 0 0 0 0 0 0.00014 0.000376022 0.000932727 0.00213894 0.00453762 0.00891905 0.016274 0.0276368 0.0438415 0.0652861 0.0918701 0.123183 0.15875 0.198032 0.239694 0.280692 0.316271 0.341934 0.356828 0.366525 0.381309 0.408264 0.44411 0.478553 0.503819 0.520656 0.537828 0.566354 0.613379 0.681266 0.770388 0.879233 1.00064 1.1191 1.21276 1.25963 1.24491 1.1663 1.03489 0.871209 0.698446 0.535965 0.395693 0.282094 0.194409 0.129306 0.0827035 0.0506317 0.0295211 0.0163087 0.0085014 0.00409903 0.00188332 0.000798225 0.000293833 0 0 0 0 0 0 0 0 0 0 0 0 0 0 0 0 0 0 0 0 0 0 0 0 0 0 0 0 0 0 0 0 0 0 0 0 0 0 0 0 0 0 0 0 0 0 0 0 0 0 0
0 0 0 0 0 0 0 0 0 0 0 0 0 0 0 0 0 0 0 0 0 0 0 0 0 0 0 0 0 0 0 0 0 0 0 0 0 0 0 0 0 0 0 6.87211e-05 0.000200141 0.000538216 0.00133613 0.0030652 0.0065037 0.0127811 0.023309 0.0395537 0.0626895 0.0932761 0.131171 0.175763 0.226243 0.281514 0.339248 0.394862 0.441807 0.474321 0.491885 0.502602 0.520408 0.554114 0.598294 0.63853 0.664403 0.67717 0.688187 0.710176 0.748779 0.802706 0.870022 0.950624 1.04204 1.13419 1.20921 1.24679 1.23163 1.15933 1.03812 0.885787 0.723247 0.568189 0.431447 0.317159 0.225222 0.153755 0.100327 0.062237 0.0365428 0.0202259 0.0105285 0.00509296 0.00232799 0.000981657 0.000369111 0 0 0 0 0 0 0 0 0 0 0 0 0 0 0 0 0 0 0 0 0 0 0 0 0 0 0 0 0 0 0 0 0 0 0 0 0 0 0 0 0 0 0 0 0 0 0 0 0 0 0
0 0 0 0 0 0 0 0 0 0 0 0 0 0 0 0 0 0 0 0 0 0 0 0 0 0 0 0 0 0 0 0 0 0 0 0 0 0 0 0 0 0 0 9.21011e-05 0.000268593 0.000722611 0.00179502 0.00411959 0.00874288 0.0171818 0.0313293 0.0531517 0.0842259 0.125328 0.176305 0.236281 0.303975 0.377383 0.452758 0.523637 0.581653 0.620083 0.639323 0.650587 0.671793 0.713322 0.767151 0.814416 0.841886 0.851227 0.856355 0.871835 0.902201 0.942911 0.989613 1.04302 1.10481 1.1704 1.22617 1.25374 1.23754 1.17139 1.06082 0.920505 0.768405 0.619728 0.483907 0.365203 0.26507 0.183854 0.121139 0.0754634 0.044297 0.0244377 0.0126471 0.00609621 0.00276728 0.00115956 0.000441556 0 0 0 0 0 0 0 0 0 0 0 0 0 0 0 0 0 0 0 0 0 0 0 0 0 0 0 0 0 0 0 0 0 0 0 0 0 0 0 0 0 0 0 0 0 0 0 0 0 0 0
0 0 0 0 0 0 0 0 0 0 0 0 0 0 0 0 0 0 0 0 0 0 0 0 0 0 0 0 0 0 0 0 0 0 0 0 0 0 0 0 0 0 0 0.0001157 0.000337617 0.000908614 0.00225784 0.00518337 0.0110035 0.02163 0.0394534 0.0669664 0.106206 0.158232 0.222954 0.299257 0.385195 0.477494 0.570539 0.655761 0.723155 0.765645 0.785247 0.796741 0.821962 0.872479 0.937573 0.994076 1.02597 1.03482 1.03606 1.04532 1.06648 1.09309 1.11932 1.14642 1.1792 1.21781 1.25302 1.26899 1.25068 1.19067 1.09186 0.965209 0.824614 0.681943 0.545176 0.419431 0.308584 0.215751 0.142621 0.0888075 0.051968 0.0285275 0.0146509 0.00705901 0.00317465 0.00128676 0.000508451 0 0 0 0 0 0 0 0 0 0 0 0 0 0 0 0 0 0 0 0 0 0 0 0 0 0 0 0 0 0 0 0 0 0 0 0 0 0 0 0 0 0 0 0 0 0 0 0 0 0 0
0 0 0 0 0 0 0 0 0 0 0 0 0 0 0 0 0 0 0 0 0 0 0 0 0 0 0 0 0 0 0 0 0 0 0 0 0 0 0 0 0 0 0 0.000136361 0.000397439 0.00106914 0.00265633 0.00609853 0.0129502 0.0254706 0.0464996 0.0790358 0.125605 0.18765 0.265272 0.357183 0.460645 0.570814 0.679858 0.777072 0.851207 0.895608 0.914574 0.926624 0.956994 1.01802 1.09654 1.16589 1.20748 1.22168 1.22332 1.22733 1.23709 1.24633 1.24985 1.25 1.25378 1.2648 1.27776 1.28002 1.25808 1.20402 1.11803 1.0066 0.878488 0.74178 0.603351 0.469877 0.34815 0.244117 0.161346 0.100248 0.0584653 0.0319346 0.0163713 0.00786439 0.00352011 0.00143862 0.000568127 0 0 0 0 0 0 0 0 0 0 0 0 0 0 0 0 0 0 0 0 0 0 0 0 0 0 0 0 0 0 0 0 0 0 0 0 0 0 0 0 0 0 0 0 0 0 0 0 0 0 0
0 0 0 0 0 0 0 0 0 0 0 0 0 0 0 0 0 0 0 0 0 0 0 0 0 0 0 0 0 0 0 0 0 0 0 0 0 0 0 0 0 0 0 0.000151117 0.00043903 0.00117875 0.00292521 0.00671255 0.0142558 0.0280616 0.0513083 0.0874254 0.139419 0.209221 0.297277 0.40223 0.520526 0.645601 0.767365 0.87319 0.951195 0.995867 1.01423 1.02823 1.06565 1.13904 1.23354 1.32029 1.37852 1.406 1.4142 1.41494 1.41096 1.39818 1.37464 1.34531 1.31901 1.30146 1.29048 1.27684 1.24944 1.20047 1.12731 1.0313 0.915717 0.785016 0.64557 0.505962 0.375819 0.263444 0.173796 0.107717 0.0626718 0.034195 0.0175145 0.00841882 0.00376579 0.00155496 0.000616851 0 0 0 0 0 0 0 0 0 0 0 0 0 0 0 0 0 0 0 0 0 0 0 0 0 0 0 0 0 0 0 0 0 0 0 0 0 0 0 0 0 0 0 0 0 0 0 0 0 0 0
0 0 0 0 0 0 0 0 0 0 0 0 0 0 0 0 0 0 0 0 0 0 0 0 0 0 0 0 0 0 0 0 0 0 0 0 0 0 0 0 0 0 0 0.000158762 0.000458067 0.00122383 0.00302719 0.00693395 0.0147192 0.0289975 0.053137 0.0908712 0.14565 0.219948 0.314663 0.428469 0.557044 0.692223 0.822006 0.932437 1.01176 1.05614 1.07532 1.09388 1.14076 1.22824 1.34074 1.44874 1.52984 1.57803 1.59905 1.59966 1.58138 1.5435 1.48918 1.42752 1.36952 1.32235 1.28609 1.25474 1.21993 1.17422 1.11211 1.02977 0.925395 0.800666 0.661974 0.519732 0.385717 0.269756 0.177477 0.109756 0.0637753 0.0348421 0.0178956 0.00863645 0.00385506 0.00161743 0.000646963 0 0 0 0 0 0 0 0 0 0 0 0 0 0 0 0 0 0 0 0 0 0 0 0 0 0 0 0 0 0 0 0 0 0 0 0 0 0 0 0 0 0 0 0 0 0 0 0 0 0 0
0 0 0 0 0 0 0 0 0 0 0 0 0 0 0 0 0 0 0 0 0 0 0 0 0 0 0 0 0 0 0 0 0 0 0 0 0 0 0 0 0 0 0 0.000160698 0.000457432 0.00120962 0.00297029 0.00677292 0.0143473 0.0282733 0.0519444 0.089249 0.143995 0.219164 0.316105 0.433521 0.566441 0.705504 0.837522 0.948213 1.02672 1.07127 1.09384 1.12019 1.1788 1.28091 1.41129 1.54136 1.64791 1.72079 1.75905 1.76354 1.73411 1.67301 1.58865 1.49464 1.40473 1.32772 1.26572 1.21562 1.17161 1.12644 1.07183 0.9995 0.903781 0.78473 0.649103 0.508617 0.376162 0.262058 0.171848 0.106058 0.0616536 0.0337764 0.0174363 0.00846997 0.00381763 0.00160691 0.000649092 0 0 0 0 0 0 0 0 0 0 0 0 0 0 0 0 0 0 0 0 0 0 0 0 0 0 0 0 0 0 0 0 0 0 0 0 0 0 0 0 0 0 0 0 0 0 0 0 0 0 0
0 0 0 0 0 0 0 0 0 0 0 0 0 0 0 0 0 0 0 0 0 0 0 0 0 0 0 0 0 0 0 0 0 0 0 0 0 0 0 0 0 0 0 0.000159997 0.000445706 0.00115793 0.00280528 0.00633677 0.0133525 0.0262746 0.0483746 0.0835465 0.135804 0.20849 0.303246 0.418726 0.549495 0.685555 0.813598 0.920095 0.995995 1.04165 1.07043 1.1075 1.17889 1.29397 1.43869 1.58703 1.71628 1.81296 1.87019 1.88336 1.85019 1.77436 1.66754 1.54663 1.42807 1.32304 1.2363 1.16753 1.11288 1.06499 1.01322 0.94608 0.855747 0.741705 0.611176 0.476412 0.350343 0.242793 0.158594 0.0977274 0.0568628 0.0312697 0.0162441 0.0079301 0.0036114 0.001555 0.000616948 0 0 0 0 0 0 0 0 0 0 0 0 0 0 0 0 0 0 0 0 0 0 0 0 0 0 0 0 0 0 0 0 0 0 0 0 0 0 0 0 0 0 0 0 0 0 0 0 0 0 0
0 0 0 0 0 0 0 0 0 0 0 0 0 0 0 0 0 0 0 0 0 0 0 0 0 0 0 0 0 0 0 0 0 0 0 0 0 0 0 0 0 0 0 0.000158937 0.000431164 0.00109362 0.00259623 0.00577415 0.0120429 0.0235817 0.0434226 0.0753095 0.123266 0.190747 0.279451 0.387891 0.51038 0.637013 0.755338 0.853704 0.92548 0.973098 1.01028 1.05972 1.14299 1.26683 1.41902 1.57767 1.72233 1.83813 1.91415 1.94157 1.91552 1.83873 1.72288 1.58574 1.4457 1.31713 1.20838 1.12213 1.05593 1.00206 0.948246 0.881396 0.793078 0.682946 0.558555 0.431946 0.315217 0.217045 0.141136 0.0867995 0.0505514 0.0279014 0.0145833 0.00718204 0.00324249 0.00142231 0 0 0 0 0 0 0 0 0 0 0 0 0 0 0 0 0 0 0 0 0 0 0 0 0 0 0 0 0 0 0 0 0 0 0 0 0 0 0 0 0 0 0 0 0 0 0 0 0 0 0 0
0 0 0 0 0 0 0 0 0 0 0 0 0 0 0 0 0 0 0 0 0 0 0 0 0 0 0 0 0 0 0 0 0 0 0 0 0 0 0 0 0 0 0 0.000156775 0.000415008 0.00102685 0.00238127 0.00519023 0.0106606 0.0206782 0.0379426 0.065894 0.10834 0.168587 0.248178 0.34547 0.454866 0.567188 0.671676 0.759237 0.826002 0.87616 0.922733 0.984303 1.07659 1.20328 1.3546 1.51405 1.66535 1.79459 1.88911 1.93709 1.93028 1.8678 1.75809 1.61731 1.46506 1.31931 1.19273 1.09105 1.01293 0.950288 0.890182 0.819421 0.73005 0.622288 0.503733 0.385705 0.278967 0.190672 0.123333 0.0756603 0.0440942 0.0243969 0.0127847 0.00634292 0.00285655 0.00125819 0 0 0 0 0 0 0 0 0 0 0 0 0 0 0 0 0 0 0 0 0 0 0 0 0 0 0 0 0 0 0 0 0 0 0 0 0 0 0 0 0 0 0 0 0 0 0 0 0 0 0 0
0 0 0 0 0 0 0 0 0 0 0 0 0 0 0 0 0 0 0 0 0 0 0 0 0 0 0 0 0 0 0 0 0 0 0 0 0 0 0 0 0 0 0 0 0.000391365 0.000949068 0.00215484 0.00460125 0.00928371 0.0177699 0.0323566 0.0560419 0.0922181 0.143832 0.212168 0.295581 0.388938 0.484331 0.57318 0.649184 0.711076 0.764205 0.819847 0.891472 0.988601 1.11224 1.25559 1.4083 1.55964 1.69865 1.81263 1.88733 1.90995 1.87387 1.7822 1.64829 1.49253 1.33649 1.19692 1.08233 0.992283 0.918695 0.848961 0.770897 0.677737 0.57041 0.456279 0.345596 0.24762 0.167989 0.108107 0.0661375 0.0385305 0.021318 0.0112103 0.00556943 0.0025413 0.00109635 0 0 0 0 0 0 0 0 0 0 0 0 0 0 0 0 0 0 0 0 0 0 0 0 0 0 0 0 0 0 0 0 0 0 0 0 0 0 0 0 0 0 0 0 0 0 0 0 0 0 0 0
0 0 0 0 0 0 0 0 0 0 0 0 0 0 0 0 0 0 0 0 0 0 0 0 0 0 0 0 0 0 0 0 0 0 0 0 0 0 0 0 0 0 0 0 0.000353799 0.000846303 0.00189121 0.00396931 0.00787384 0.0148502 0.0267536 0.0460436 0.0755603 0.117784 0.173755 0.242072 0.31843 0.396591 0.470334 0.535946 0.594167 0.650593 0.713847 0.792085 0.889619 1.00594 1.13763 1.28047 1.42968 1.57795 1.71314 1.81833 1.87542 1.87127 1.80359 1.68311 1.53084 1.37099 1.22333 1.0983 0.996304 0.909838 0.827577 0.739221 0.639683 0.530623 0.419035 0.313923 0.222931 0.150255 0.0962984 0.0588067 0.0342305 0.0189494 0.00995019 0.00482265 0.00225646 0.000722565 0 0 0 0 0 0 0 0 0 0 0 0 0 0 0 0 0 0 0 0 0 0 0 0 0 0 0 0 0 0 0 0 0 0 0 0 0 0 0 0 0 0 0 0 0 0 0 0 0 0 0 0
0 0 0 0 0 0 0 0 0 0 0 0 0 0 0 0 0 0 0 0 0 0 0 0 0 0 0 0 0 0 0 0 0 0 0 0 0 0 0 0 0 0 0 0 0.000301416 0.000714789 0.00158001 0.00327353 0.00640156 0.0119046 0.0211975 0.0361705 0.0590636 0.0918758 0.13548 0.18891 0.249015 0.311435 0.372267 0.429945 0.486307 0.546099 0.614706 0.695732 0.790108 0.897322 1.0174 1.15143 1.2997 1.45797 1.61425 1.74885 1.83887 1.86601 1.82383 1.72103 1.57832 1.42081 1.26942 1.13569 1.02098 0.91926 0.821469 0.71995 0.611677 0.49911 0.388697 0.287974 0.202841 0.135965 0.0868992 0.0530044 0.0308639 0.0170998 0.0088969 0.00434009 0.00177972 0.000725977 0.000293172 0 0 0 0 0 0 0 0 0 0 0 0 0 0 0 0 0 0 0 0 0 0 0 0 0 0 0 0 0 0 0 0 0 0 0 0 0 0 0 0 0 0 0 0 0 0 0 0 0 0 0
0 0 0 0 0 0 0 0 0 0 0 0 0 0 0 0 0 0 0 0 0 0 0 0 0 0 0 0 0 0 0 0 0 0 0 0 0 0 0 0 0 0 0 0 0 0.000564806 0.00123944 0.00254393 0.00491883 0.00903492 0.0159092 0.0268996 0.0436821 0.0677963 0.100066 0.140038 0.185893 0.235189 0.286127 0.338698 0.394991 0.457957 0.52969 0.610531 0.699891 0.798275 0.908716 1.03617 1.18433 1.35085 1.52375 1.68166 1.79899 1.85443 1.83878 1.75819 1.63129 1.48163 1.32962 1.18736 1.0579 0.937901 0.821604 0.704631 0.586231 0.469529 0.360117 0.263744 0.184338 0.123039 0.0784935 0.0478796 0.0278635 0.0154211 0.00797226 0.0038732 0.00168532 0.000681654 0.000274382 0 0 0 0 0 0 0 0 0 0 0 0 0 0 0 0 0 0 0 0 0 0 0 0 0 0 0 0 0 0 0 0 0 0 0 0 0 0 0 0 0 0 0 0 0 0 0 0 0 0 0
0 0 0 0 0 0 0 0 0 0 0 0 0 0 0 0 0 0 0 0 0 0 0 0 0 0 0 0 0 0 0 0 0 0 0 0 0 0 0 0 0 0 0 0 0 0 0.000905394 0.00184567 0.00353736 0.00642994 0.0112137 0.0187999 0.03039 0.0471404 0.0698796 0.098682 0.13313 0.172449 0.216707 0.266934 0.324671 0.390715 0.464352 0.543832 0.628087 0.718692 0.820732 0.941486 1.08667 1.25545 1.43685 1.60996 1.74897 1.83125 1.84484 1.79185 1.6864 1.54849 1.39696 1.24476 1.09775 0.956558 0.819729 0.686471 0.558152 0.438157 0.33075 0.239522 0.166293 0.110648 0.0705344 0.0430285 0.0250117 0.0138042 0.00712296 0.00333144 0.00150107 0.000599991 0 0 0 0 0 0 0 0 0 0 0 0 0 0 0 0 0 0 0 0 0 0 0 0 0 0 0 0 0 0 0 0 0 0 0 0 0 0 0 0 0 0 0 0 0 0 0 0 0 0 0 0
0 0 0 0 0 0 0 0 0 0 0 0 0 0 0 0 0 0 0 0 0 0 0 0 0 0 0 0 0 0 0 0 0 0 0 0 0 0 0 0 0 0 0 0 0 0 0.000613114 0.00124351 0.00236679 0.00426527 0.00738397 0.0122944 0.0198513 0.0309229 0.0463386 0.0668675 0.0929988 0.125815 0.166706 0.217144 0.277754 0.347362 0.423087 0.501723 0.581631 0.66475 0.757178 0.867647 1.00366 1.1666 1.34808 1.5297 1.687 1.79643 1.84232 1.82093 1.74016 1.61543 1.46395 1.30015 1.1337 0.970147 0.8128 0.664432 0.528006 0.406568 0.302573 0.217243 0.150284 0.0999876 0.0638337 0.0389424 0.0226024 0.0124374 0.00634003 0.00309396 0.00133128 0.000497951 0 0 0 0 0 0 0 0 0 0 0 0 0 0 0 0 0 0 0 0 0 0 0 0 0 0 0 0 0 0 0 0 0 0 0 0 0 0 0 0 0 0 0 0 0 0 0 0 0 0 0 0
0 0 0 0 0 0 0 0 0 0 0 0 0 0 0 0 0 0 0 0 0 0 0 0 0 0 0 0 0 0 0 0 0 0 0 0 0 0 0 0 0 0 0 0 0 0 0 0.000775735 0.00146848 0.002628 0.0045308 0.00755496 0.0122228 0.019312 0.0298726 0.0449355 0.0662457 0.0960474 0.13664 0.189489 0.254344 0.328503 0.40744 0.486361 0.562441 0.6371 0.716901 0.8121 0.932679 1.08325 1.25905 1.44499 1.6183 1.75418 1.83244 1.84281 1.78668 1.67494 1.52345 1.34842 1.16363 0.97972 0.804634 0.644201 0.502387 0.38136 0.281522 0.201769 0.140016 0.0936762 0.060113 0.0367901 0.0213271 0.0116456 0.00597336 0.00289728 0.00116266 0.000466614 0 0 0 0 0 0 0 0 0 0 0 0 0 0 0 0 0 0 0 0 0 0 0 0 0 0 0 0 0 0 0 0 0 0 0 0 0 0 0 0 0 0 0 0 0 0 0 0 0 0 0 0
0 0 0 0 0 0 0 0 0 0 0 0 0 0 0 0 0 0 0 0 0 0 0 0 0 0 0 0 0 0 0 0 0 0 0 0 0 0 0 0 0 0 0 0 0 0 0 0 0.000843349 0.00150116 0.00255432 0.00438354 0.00721521 0.0120837 0.0197884 0.0321944 0.0517738 0.0814294 0.123985 0.180768 0.250947 0.330789 0.414198 0.49445 0.566915 0.631946 0.696448 0.772804 0.87439 1.00953 1.17688 1.36406 1.54954 1.70732 1.81333 1.85168 1.8181 1.71944 1.57018 1.38793 1.18998 0.991389 0.803899 0.635659 0.491142 0.371457 0.275081 0.198989 0.139852 0.0947906 0.0614564 0.0378388 0.0219181 0.0120063 0.00613787 0.00294919 0.0013277 0.000440004 0 0 0 0 0 0 0 0 0 0 0 0 0 0 0 0 0 0 0 0 0 0 0 0 0 0 0 0 0 0 0 0 0 0 0 0 0 0 0 0 0 0 0 0 0 0 0 0 0 0 0 0
0 0 0 0 0 0 0 0 0 0 0 0 0 0 0 0 0 0 0 0 0 0 0 0 0 0 0 0 0 0 0 0 0 0 0 0 0 0 0 0 0 0 0 0 0 0 0 0 0 0.000796725 0.00135189 0.00248073 0.00456155 0.00826911 0.0149332 0.0267305 0.046536 0.0777142 0.12334 0.184964 0.261381 0.34798 0.437065 0.519783 0.589366 0.644776 0.693268 0.749772 0.831698 0.950967 1.10835 1.2928 1.48377 1.65514 1.78089 1.84146 1.82818 1.7442 1.60214 1.42003 1.21746 1.01241 0.819266 0.647674 0.50238 0.383691 0.288667 0.212998 0.152768 0.105367 0.0691778 0.0429077 0.0249654 0.0136304 0.00693698 0.00331022 0.00144455 0.000462215 0.000163097 0 0 0 0 0 0 0 0 0 0 0 0 0 0 0 0 0 0 0 0 0 0 0 0 0 0 0 0 0 0 0 0 0 0 0 0 0 0 0 0 0 0 0 0 0 0 0 0 0 0 0
0 0 0 0 0 0 0 0 0 0 0 0 0 0 0 0 0 0 0 0 0 0 0 0 0 0 0 0 0 0 0 0 0 0 0 0 0 0 0 0 0 0 0 0 0 0 0 0 0 6.25043e-05 0.000673257 0.00147211 0.0033954 0.00684411 0.0134503 0.025583 0.0464889 0.0799389 0.129371 0.196548 0.280108 0.374534 0.470563 0.557196 0.62545 0.67277 0.70654 0.744131 0.807056 0.910423 1.05586 1.23244 1.42075 1.59619 1.73308 1.81017 1.8155 1.74874 1.62006 1.44675 1.24906 1.04624 0.853925 0.682659 0.53757 0.418697 0.32233 0.243478 0.178302 0.124973 0.0829506 0.0517465 0.0301973 0.0164143 0.00831262 0.00392818 0.00170677 0.000679992 0.000197737 0 0 0 0 0 0 0 0 0 0 0 0 0 0 0 0 0 0 0 0 0 0 0 0 0 0 0 0 0 0 0 0 0 0 0 0 0 0 0 0 0 0 0 0 0 0 0 0 0 0 0
0 0 0 0 0 0 0 0 0 0 0 0 0 0 0 0 0 0 0 0 0 0 0 0 0 0 0 0 0 0 0 0 0 0 0 0 0 0 0 0 0 0 0 0 0 0 0 0 0 5.92249e-05 0.000128697 0.0013505 0.00313797 0.0066119 0.0134997 0.0263959 0.0488796 0.0851516 0.139095 0.212677 0.304311 0.407664 0.511903 0.603978 0.672791 0.714251 0.735593 0.756033 0.800608 0.887284 1.01806 1.18173 1.36025 1.53174 1.67251 1.76102 1.78309 1.73524 1.62488 1.46759 1.28271 1.08919 0.902773 0.734497 0.590123 0.46991 0.369934 0.285102 0.212136 0.150367 0.100505 0.0629037 0.0366986 0.0199074 0.0100394 0.00470764 0.00204301 0.000813389 0.000236328 0 0 0 0 0 0 0 0 0 0 0 0 0 0 0 0 0 0 0 0 0 0 0 0 0 0 0 0 0 0 0 0 0 0 0 0 0 0 0 0 0 0 0 0 0 0 0 0 0 0 0
0 0 0 0 0 0 0 0 0 0 0 0 0 0 0 0 0 0 0 0 0 0 0 0 0 0 0 0 0 0 0 0 0 0 0 0 0 0 0 0 0 0 0 0 0 0 0 0 0 5.2518e-05 0.000115767 0.00138295 0.00312347 0.00680606 0.014246 0.0282529 0.0528118 0.0925785 0.151835 0.232755 0.333478 0.44677 0.56027 0.658999 0.729907 0.767559 0.778875 0.784201 0.811019 0.879751 0.993143 1.14002 1.30388 1.46576 1.60455 1.69943 1.73492 1.70515 1.61498 1.47761 1.31042 1.13085 0.953874 0.790707 0.647717 0.525659 0.420897 0.328803 0.247042 0.176225 0.118216 0.074111 0.0432394 0.0234086 0.0117718 0.00548576 0.0023642 0.000942839 0.000275227 9.7663e-05 0 0 0 0 0 0 0 0 0 0 0 0 0 0 0 0 0 0 0 0 0 0 0 0 0 0 0 0 0 0 0 0 0 0 0 0 0 0 0 0 0 0 0 0 0 0 0 0 0 0
0 0 0 0 0 0 0 0 0 0 0 0 0 0 0 0 0 0 0 0 0 0 0 0 0 0 0 0 0 0 0 0 0 0 0 0 0 0 0 0 0 0 0 0 0 0 0 0 0 4.43888e-05 0.000568449 0.00142991 0.00329975 0.00738207 0.0156159 0.0311947 0.058486 0.102571 0.168095 0.257293 0.36794 0.491849 0.615181 0.721194 0.795288 0.830994 0.834904 0.827732 0.837992 0.887766 0.981276 1.10834 1.25405 1.40202 1.53348 1.62886 1.6724 1.65693 1.58529 1.4683 1.32071 1.15769 0.992777 0.836748 0.696246 0.572689 0.463269 0.364411 0.274955 0.196602 0.132036 0.0828078 0.0483118 0.0261529 0.0131433 0.00610729 0.00263205 0.00104471 0.000308078 0.00010866 0 0 0 0 0 0 0 0 0 0 0 0 0 0 0 0 0 0 0 0 0 0 0 0 0 0 0 0 0 0 0 0 0 0 0 0 0 0 0 0 0 0 0 0 0 0 0 0 0 0
0 0 0 0 0 0 0 0 0 0 0 0 0 0 0 0 0 0 0 0 0 0 0 0 0 0 0 0 0 0 0 0 0 0 0 0 0 0 0 0 0 0 0 0 0 0 0 0 0 3.71115e-05 0.000602499 0.001566 0.00369613 0.00837612 0.0178317 0.0355878 0.0664221 0.115777 0.188483 0.286663 0.407574 0.542065 0.675065 0.788568 0.866963 0.903187 0.903439 0.88775 0.883821 0.914064 0.984806 1.08839 1.21206 1.34144 1.45973 1.54879 1.59352 1.58654 1.52947 1.43098 1.30303 1.15805 1.0074 0.860636 0.724176 0.600224 0.487427 0.38382 0.289471 0.206799 0.138779 0.0869994 0.0507617 0.0274846 0.0138241 0.00644372 0.00276894 0.00110859 0.000328827 0.000116041 0 0 0 0 0 0 0 0 0 0 0 0 0 0 0 0 0 0 0 0 0 0 0 0 0 0 0 0 0 0 0 0 0 0 0 0 0 0 0 0 0 0 0 0 0 0 0 0 0 0
0 0 0 0 0 0 0 0 0 0 0 0 0 0 0 0 0 0 0 0 0 0 0 0 0 0 0 0 0 0 0 0 0 0 0 0 0 0 0 0 0 0 0 0 0 0 0 0 0 3.21461e-05 0.000668522 0.00178943 0.00432144 0.00984768 0.0209173 0.0414584 0.07661 0.132069 0.212613 0.319995 0.450756 0.594953 0.73679 0.857838 0.942299 0.982936 0.985085 0.966568 0.951972 0.96234 1.00649 1.08118 1.17705 1.28184 1.38036 1.45598 1.49491 1.49033 1.44335 1.36079 1.25194 1.12607 0.991724 0.856426 0.725921 0.603289 0.48919 0.38369 0.288072 0.205024 0.137257 0.0859603 0.0501868 0.0272309 0.01374 0.00643738 0.00280184 0.00110944 0.000335098 0.000119181 0 0 0 0 0 0 0 0 0 0 0 0 0 0 0 0 0 0 0 0 0 0 0 0 0 0 0 0 0 0 0 0 0 0 0 0 0 0 0 0 0 0 0 0 0 0 0 0 0 0
0 0 0 0 0 0 0 0 0 0 0 0 0 0 0 0 0 0 0 0 0 0 0 0 0 0 0 0 0 0 0 0 0 0 0 0 0 0 0 0 0 0 0 0 0 0 0 0 0 2.92036e-05 0.000788075 0.0020903 0.00509684 0.0115997 0.0244995 0.0481145 0.0879284 0.149739 0.238059 0.354014 0.493382 0.645704 0.795217 0.924096 1.01731 1.06759 1.07848 1.06363 1.04236 1.03289 1.04647 1.08582 1.14675 1.21999 1.29207 1.34797 1.37541 1.36847 1.32802 1.25935 1.16907 1.06317 0.94687 0.825153 0.702748 0.583652 0.470745 0.366346 0.272891 0.193026 0.128763 0.0805811 0.0471445 0.0257091 0.013076 0.00619382 0.00273046 0.00112208 0.000329729 0.000118987 0 0 0 0 0 0 0 0 0 0 0 0 0 0 0 0 0 0 0 0 0 0 0 0 0 0 0 0 0 0 0 0 0 0 0 0 0 0 0 0 0 0 0 0 0 0 0 0 0 0
0 0 0 0 0 0 0 0 0 0 0 0 0 0 0 0 0 0 0 0 0 0 0 0 0 0 0 0 0 0 0 0 0 0 0 0 0 0 0 0 0 0 0 0 0 0 0 0 0 2.67952e-05 0.00089897 0.00239045 0.00584006 0.0132437 0.0278117 0.0541974 0.0981219 0.16538 0.260094 0.382704 0.528384 0.686595 0.842459 0.979682 1.0846 1.14969 1.17545 1.16971 1.14536 1.11712 1.09835 1.09794 1.11816 1.15401 1.19453 1.22644 1.23894 1.22688 1.19089 1.13474 1.06244 0.976703 0.879411 0.772895 0.660802 0.547832 0.438894 0.338346 0.24969 0.175397 0.116651 0.0731148 0.0430413 0.0237341 0.012258 0.00592246 0.00267385 0.00113013 0.000389645 0.000117102 0 0 0 0 0 0 0 0 0 0 0 0 0 0 0 0 0 0 0 0 0 0 0 0 0 0 0 0 0 0 0 0 0 0 0 0 0 0 0 0 0 0 0 0 0 0 0 0 0 0
0 0 0 0 0 0 0 0 0 0 0 0 0 0 0 0 0 0 0 0 0 0 0 0 0 0 0 0 0 0 0 0 0 0 0 0 0 0 0 0 0 0 0 0 0 0 0 0 0 2.3734e-05 0.000978964 0.00258224 0.00634409 0.0143267 0.0299788 0.0580964 0.104493 0.174836 0.27286 0.398519 0.546781 0.707686 0.867914 1.01329 1.13151 1.21422 1.2579 1.26404 1.2393 1.19526 1.14673 1.10774 1.08675 1.08382 1.09131 1.09816 1.09493 1.07701 1.04448 0.999579 0.943872 0.877157 0.79844 0.707852 0.608012 0.50398 0.401961 0.307765 0.225653 0.157974 0.105238 0.0664892 0.0397156 0.0223649 0.0118644 0.00591471 0.00276669 0.00121536 0.000456851 0.000114231 0 0 0 0 0 0 0 0 0 0 0 0 0 0 0 0 0 0 0 0 0 0 0 0 0 0 0 0 0 0 0 0 0 0 0 0 0 0 0 0 0 0 0 0 0 0 0 0 0 0
0 0 0 0 0 0 0 0 0 0 0 0 0 0 0 0 0 0 0 0 0 0 0 0 0 0 0 0 0 0 0 0 0 0 0 0 0 0 0 0 0 0 0 0 0 0 0 0 0 0 0.000999527 0.00263694 0.00645302 0.0145412 0.0303267 0.0585603 0.104898 0.174735 0.271504 0.395015 0.540616 0.699616 0.860725 1.01193 1.14192 1.24089 1.30124 1.31893 1.29573 1.24091 1.17007 1.10058 1.04549 1.00925 0.987872 0.972785 0.955965 0.933096 0.903571 0.868098 0.826252 0.775721 0.713622 0.638634 0.552522 0.460104 0.367897 0.282196 0.207581 0.146346 0.0987446 0.0636198 0.039014 0.0226833 0.0124768 0.00646665 0.00314808 0.0014386 0.000585466 0.000236422 0 0 0 0 0 0 0 0 0 0 0 0 0 0 0 0 0 0 0 0 0 0 0 0 0 0 0 0 0 0 0 0 0 0 0 0 0 0 0 0 0 0 0 0 0 0 0 0 0 0
0 0 0 0 0 0 0 0 0 0 0 0 0 0 0 0 0 0 0 0 0 0 0 0 0 0 0 0 0 0 0 0 0 0 0 0 0 0 0 0 0 0 0 0 0 0 0 0 0 0.000128533 0.000949726 0.00250428 0.00609749 0.0137509 0.0286098 0.0551478 0.0985687 0.163851 0.254186 0.369599 0.506388 0.657632 0.814283 0.966204 1.10258 1.21212 1.28401 1.31047 1.29026 1.23112 1.14879 1.06208 0.98642 0.92909 0.888872 0.85945 0.834081 0.808656 0.781885 0.753337 0.721473 0.683138 0.634824 0.574548 0.503203 0.42464 0.344519 0.268644 0.201428 0.145271 0.100689 0.0668962 0.0424279 0.0255552 0.0145578 0.00780352 0.00392229 0.00184199 0.00078897 0.00032357 0.000117794 0 0 0 0 0 0 0 0 0 0 0 0 0 0 0 0 0 0 0 0 0 0 0 0 0 0 0 0 0 0 0 0 0 0 0 0 0 0 0 0 0 0 0 0 0 0 0 0 0
0 0 0 0 0 0 0 0 0 0 0 0 0 0 0 0 0 0 0 0 0 0 0 0 0 0 0 0 0 0 0 0 0 0 0 0 0 0 0 0 0 0 0 0 0 0 0 0 0 0.000126666 0.00083767 0.00220741 0.00537015 0.0120864 0.0251203 0.0483655 0.0863863 0.143573 0.222898 0.324833 0.446976 0.584366 0.730109 0.875572 1.01022 1.12179 1.19789 1.2291 1.21292 1.15622 1.07417 0.985398 0.905637 0.843101 0.797869 0.764872 0.738096 0.713453 0.689255 0.664817 0.638847 0.608878 0.57194 0.525827 0.470196 0.406986 0.33997 0.273678 0.212177 0.158299 0.113425 0.0777737 0.050771 0.0313945 0.0182896 0.00999418 0.00510345 0.00240312 0.00106451 0.000438613 0.000164493 0 0 0 0 0 0 0 0 0 0 0 0 0 0 0 0 0 0 0 0 0 0 0 0 0 0 0 0 0 0 0 0 0 0 0 0 0 0 0 0 0 0 0 0 0 0 0 0 0
0 0 0 0 0 0 0 0 0 0 0 0 0 0 0 0 0 0 0 0 0 0 0 0 0 0 0 0 0 0 0 0 0 0 0 0 0 0 0 0 0 0 0 0 0 0 0 0 0 0.000115202 0.000685222 0.00180531 0.0043892 0.00985883 0.0204984 0.0394533 0.0705111 0.11736 0.182735 0.267604 0.370881 0.489469 0.618281 0.749872 0.874171 0.978924 1.05181 1.08371 1.07226 1.02389 0.952636 0.875699 0.807545 0.755559 0.719411 0.693867 0.67275 0.651862 0.629781 0.606872 0.583684 0.559751 0.533264 0.501608 0.462429 0.414855 0.3601 0.301224 0.242152 0.186606 0.137418 0.096317 0.0639441 0.0400228 0.0235127 0.012918 0.00661751 0.00314088 0.00139078 0.00056691 0.00021627 0 0 0 0 0 0 0 0 0 0 0 0 0 0 0 0 0 0 0 0 0 0 0 0 0 0 0 0 0 0 0 0 0 0 0 0 0 0 0 0 0 0 0 0 0 0 0 0 0
0 0 0 0 0 0 0 0 0 0 0 0 0 0 0 0 0 0 0 0 0 0 0 0 0 0 0 0 0 0 0 0 0 0 0 0 0 0 0 0 0 0 0 0 0 0 0 0 0 9.66291e-05 0.000520493 0.00137001 0.00333031 0.00747876 0.0155384 0.0299395 0.0535982 0.0894983 0.140065 0.206672 0.289306 0.386346 0.494095 0.60617 0.713298 0.804316 0.868349 0.897913 0.891683 0.855937 0.803321 0.748853 0.704578 0.675502 0.659191 0.648896 0.637741 0.621761 0.600852 0.577797 0.556146 0.537969 0.52241 0.505677 0.482681 0.449373 0.404467 0.349797 0.289401 0.228231 0.170949 0.121136 0.0808977 0.0507178 0.029756 0.016293 0.00830658 0.00393001 0.00173109 0.000704796 0.000267025 9.37064e-05 0 0 0 0 0 0 0 0 0 0 0 0 0 0 0 0 0 0 0 0 0 0 0 0 0 0 0 0 0 0 0 0 0 0 0 0 0 0 0 0 0 0 0 0 0 0 0 0
0 0 0 0 0 0 0 0 0 0 0 0 0 0 0 0 0 0 0 0 0 0 0 0 0 0 0 0 0 0 0 0 0 0 0 0 0 0 0 0 0 0 0 0 0 0 0 0 0 0 0.000211459 0.000965932 0.00234744 0.00527241 0.0109627 0.0211544 0.0379895 0.0637585 0.100552 0.149927 0.212582 0.287877 0.373123 0.462939 0.549336 0.622964 0.675282 0.70108 0.700512 0.679914 0.650561 0.624942 0.611692 0.611972 0.620015 0.627168 0.62624 0.614365 0.59376 0.570402 0.551066 0.539857 0.53589 0.533508 0.524908 0.503394 0.465662 0.412465 0.347952 0.278347 0.21033 0.149587 0.0998193 0.0623186 0.0363218 0.0197266 0.00996043 0.00467816 0.00203762 0.000825043 0.000309757 0.000107787 0 0 0 0 0 0 0 0 0 0 0 0 0 0 0 0 0 0 0 0 0 0 0 0 0 0 0 0 0 0 0 0 0 0 0 0 0 0 0 0 0 0 0 0 0 0 0 0
0 0 0 0 0 0 0 0 0 0 0 0 0 0 0 0 0 0 0 0 0 0 0 0 0 0 0 0 0 0 0 0 0 0 0 0 0 0 0 0 0 0 0 0 0 0 0 0 0 0 0.000150817 0.000633011 0.00153829 0.00345776 0.00720135 0.0139339 0.0251513 0.0425376 0.0678142 0.102519 0.147666 0.203147 0.266994 0.334861 0.400347 0.456311 0.496799 0.518986 0.524549 0.520055 0.515503 0.520473 0.539187 0.568128 0.598384 0.620171 0.62687 0.617438 0.596892 0.574392 0.559214 0.556211 0.563405 0.573273 0.576216 0.563883 0.531365 0.478245 0.408536 0.329562 0.250022 0.177794 0.118195 0.0733033 0.0423515 0.0227592 0.0113752 0.00528191 0.00227623 0.000911145 0.000338359 0.000116485 0 0 0 0 0 0 0 0 0 0 0 0 0 0 0 0 0 0 0 0 0 0 0 0 0 0 0 0 0 0 0 0 0 0 0 0 0 0 0 0 0 0 0 0 0 0 0 0
0 0 0 0 0 0 0 0 0 0 0 0 0 0 0 0 0 0 0 0 0 0 0 0 0 0 0 0 0 0 0 0 0 0 0 0 0 0 0 0 0 0 0 0 0 0 0 0 0 0 9.9203e-05 0.00038586 0.000938307 0.00211207 0.0044115 0.00857759 0.0155964 0.026676 0.043159 0.0663868 0.0973925 0.136283 0.181636 0.230157 0.277141 0.317671 0.348203 0.368026 0.380202 0.39153 0.410582 0.44339 0.489334 0.540963 0.587477 0.618935 0.629774 0.620998 0.600368 0.579709 0.56968 0.574543 0.590689 0.609403 0.620522 0.614954 0.586512 0.533492 0.459451 0.372487 0.283056 0.200962 0.132999 0.0819158 0.046908 0.0249523 0.0123273 0.00565346 0.00240759 0.000951586 0.000348963 0.000118748 0 0 0 0 0 0 0 0 0 0 0 0 0 0 0 0 0 0 0 0 0 0 0 0 0 0 0 0 0 0 0 0 0 0 0 0 0 0 0 0 0 0 0 0 0 0 0 0
0 0 0 0 0 0 0 0 0 0 0 0 0 0 0 0 0 0 0 0 0 0 0 0 0 0 0 0 0 0 0 0 0 0 0 0 0 0 0 0 0 0 0 0 0 0 0 0 0 0 6.01863e-05 0.000157548 0.000533178 0.00120349 0.00252555 0.00494822 0.00909959 0.0158039 0.0260554 0.0409208 0.0612539 0.0872205 0.117849 0.150851 0.183122 0.211713 0.235102 0.254303 0.273497 0.299463 0.338799 0.393649 0.459485 0.526519 0.583123 0.619524 0.631158 0.620937 0.598998 0.579205 0.572722 0.582566 0.603614 0.626781 0.642326 0.641173 0.616224 0.564475 0.488768 0.397516 0.302277 0.21423 0.141206 0.0864444 0.0491101 0.0258832 0.0126508 0.00573634 0.00241265 0.000941304 0.000340757 0.00011445 0 0 0 0 0 0 0 0 0 0 0 0 0 0 0 0 0 0 0 0 0 0 0 0 0 0 0 0 0 0 0 0 0 0 0 0 0 0 0 0 0 0 0 0 0 0 0 0
0 0 0 0 0 0 0 0 0 0 0 0 0 0 0 0 0 0 0 0 0 0 0 0 0 0 0 0 0 0 0 0 0 0 0 0 0 0 0 0 0 0 0 0 0 0 0 0 0 0 0 8.83958e-05 0.000214767 0.000640882 0.00135517 0.00268575 0.00501863 0.00889236 0.0150045 0.0241145 0.036858 0.0533979 0.0731328 0.0946863 0.116313 0.136671 0.155844 0.176219 0.202768 0.241685 0.297089 0.367883 0.447178 0.523939 0.58598 0.623543 0.632869 0.618397 0.592201 0.56969 0.562258 0.571843 0.59236 0.614983 0.63097 0.631798 0.60991 0.56126 0.48778 0.397574 0.30244 0.214041 0.140631 0.085682 0.0483756 0.0252998 0.0122565 0.00550095 0.00228783 0.000881927 0.000315222 0.000104478 0 0 0 0 0 0 0 0 0 0 0 0 0 0 0 0 0 0 0 0 0 0 0 0 0 0 0 0 0 0 0 0 0 0 0 0 0 0 0 0 0 0 0 0 0 0 0 0
0 0 0 0 0 0 0 0 0 0 0 0 0 0 0 0 0 0 0 0 0 0 0 0 0 0 0 0 0 0 0 0 0 0 0 0 0 0 0 0 0 0 0 0 0 0 0 0 0 0 0 4.58566e-05 0.000112009 0.000319804 0.000684151 0.00137845 0.00263173 0.00478093 0.00827755 0.0136258 0.0212588 0.0313405 0.0435809 0.0573484 0.071971 0.0873879 0.104996 0.128294 0.162568 0.212811 0.280825 0.363401 0.452188 0.535139 0.599379 0.635038 0.638957 0.616795 0.58212 0.551579 0.537039 0.54008 0.554283 0.571402 0.583936 0.584299 0.565002 0.521316 0.454172 0.370755 0.282132 0.199478 0.13077 0.0793994 0.0446178 0.0231975 0.0111595 0.00496764 0.00204676 0.000780818 0.000275917 9.03413e-05 0 0 0 0 0 0 0 0 0 0 0 0 0 0 0 0 0 0 0 0 0 0 0 0 0 0 0 0 0 0 0 0 0 0 0 0 0 0 0 0 0 0 0 0 0 0 0 0
0 0 0 0 0 0 0 0 0 0 0 0 0 0 0 0 0 0 0 0 0 0 0 0 0 0 0 0 0 0 0 0 0 0 0 0 0 0 0 0 0 0 0 0 0 0 0 0 0 0 0 0 5.42749e-05 0.000125018 0.000326643 0.000673114 0.00131974 0.00246634 0.00438534 0.00739232 0.0117848 0.0177205 0.0251813 0.0340947 0.0446454 0.0578378 0.0762305 0.104139 0.146606 0.207269 0.286261 0.378862 0.475329 0.562369 0.626305 0.657174 0.65247 0.618952 0.571416 0.527571 0.50011 0.491025 0.494097 0.50171 0.507582 0.505342 0.488041 0.45065 0.393135 0.321259 0.244542 0.172804 0.113119 0.0685164 0.0383741 0.0198678 0.00950761 0.00420596 0.00172033 0.000650815 0.000227804 7.3809e-05 0 0 0 0 0 0 0 0 0 0 0 0 0 0 0 0 0 0 0 0 0 0 0 0 0 0 0 0 0 0 0 0 0 0 0 0 0 0 0 0 0 0 0 0 0 0 0 0
0 0 0 0 0 0 0 0 0 0 0 0 0 0 0 0 0 0 0 0 0 0 0 0 0 0 0 0 0 0 0 0 0 0 0 0 0 0 0 0 0 0 0 0 0 0 0 0 0 0 0 0 2.45385e-05 5.75692e-05 0.000127925 0.000314571 0.000635932 0.00122451 0.0022368 0.00386038 0.00632764 0.009787 0.0144483 0.0206769 0.0293832 0.042568 0.0637624 0.09768 0.148912 0.220107 0.310092 0.41252 0.515891 0.605414 0.66664 0.689758 0.673219 0.625099 0.561336 0.50058 0.456477 0.431932 0.421212 0.41718 0.414583 0.408324 0.392372 0.361784 0.315644 0.258059 0.196479 0.138794 0.090773 0.0548945 0.0306762 0.0158351 0.00754975 0.00332477 0.00135259 0.000508453 0.000176686 5.67706e-05 0 0 0 0 0 0 0 0 0 0 0 0 0 0 0 0 0 0 0 0 0 0 0 0 0 0 0 0 0 0 0 0 0 0 0 0 0 0 0 0 0 0 0 0 0 0 0 0
0 0 0 0 0 0 0 0 0 0 0 0 0 0 0 0 0 0 0 0 0 0 0 0 0 0 0 0 0 0 0 0 0 0 0 0 0 0 0 0 0 0 0 0 0 0 0 0 0 0 0 0 0 2.50525e-05 5.73685e-05 0.000125467 0.000295616 0.000587122 0.00110378 0.00195942 0.00335483 0.00545914 0.00865978 0.0137203 0.0222366 0.0370608 0.062394 0.103181 0.163785 0.246107 0.347541 0.459748 0.569086 0.659164 0.714969 0.727363 0.696306 0.631532 0.550205 0.471652 0.410276 0.369997 0.345665 0.330304 0.319255 0.308644 0.29357 0.269471 0.234766 0.191884 0.146091 0.103179 0.0674406 0.0407437 0.0227343 0.011712 0.00556974 0.00244507 0.000990916 0.000370802 0.00012816 4.09199e-05 0 0 0 0 0 0 0 0 0 0 0 0 0 0 0 0 0 0 0 0 0 0 0 0 0 0 0 0 0 0 0 0 0 0 0 0 0 0 0 0 0 0 0 0 0 0 0 0
0 0 0 0 0 0 0 0 0 0 0 0 0 0 0 0 0 0 0 0 0 0 0 0 0 0 0 0 0 0 0 0 0 0 0 0 0 0 0 0 0 0 0 0 0 0 0 0 0 0 0 0 0 0 2.46798e-05 5.60012e-05 0.000121165 0.0002487 0.00053471 0.00100584 0.00182956 0.00327327 0.00586764 0.0107619 0.0201223 0.0374082 0.0673444 0.115198 0.18525 0.278591 0.390958 0.511733 0.625001 0.712888 0.760314 0.75947 0.71245 0.630993 0.533416 0.439297 0.36325 0.309944 0.274813 0.25075 0.233147 0.219028 0.204709 0.18625 0.161658 0.131955 0.100418 0.0709051 0.0463268 0.0279697 0.0155916 0.00802154 0.00380821 0.00166816 0.000674251 0.000251516 8.65927e-05 0 0 0 0 0 0 0 0 0 0 0 0 0 0 0 0 0 0 0 0 0 0 0 0 0 0 0 0 0 0 0 0 0 0 0 0 0 0 0 0 0 0 0 0 0 0 0 0 0
0 0 0 0 0 0 0 0 0 0 0 0 0 0 0 0 0 0 0 0 0 0 0 0 0 0 0 0 0 0 0 0 0 0 0 0 0 0 0 0 0 0 0 0 0 0 0 0 0 0 0 0 0 0 0 2.43981e-05 5.50644e-05 0.000118315 0.000241174 0.000503463 0.00110988 0.0022847 0.00476612 0.00999504 0.0205171 0.0402631 0.0744083 0.128525 0.20673 0.309211 0.429986 0.556215 0.669953 0.75232 0.788765 0.773453 0.71104 0.615372 0.505588 0.400906 0.315352 0.253827 0.212346 0.183617 0.162618 0.146769 0.133471 0.119607 0.10308 0.0838909 0.063772 0.045007 0.0293959 0.0177396 0.00988259 0.00508002 0.00240896 0.00105372 0.000425136 0.000158233 5.43378e-05 0 0 0 0 0 0 0 0 0 0 0 0 0 0 0 0 0 0 0 0 0 0 0 0 0 0 0 0 0 0 0 0 0 0 0 0 0 0 0 0 0 0 0 0 0 0 0 0 0
0 0 0 0 0 0 0 0 0 0 0 0 0 0 0 0 0 0 0 0 0 0 0 0 0 0 0 0 0 0 0 0 0 0 0 0 0 0 0 0 0 0 0 0 0 0 0 0 0 0 0 0 0 0 0 0 2.52948e-05 5.73339e-05 0.000123355 0.000311962 0.00077857 0.00187648 0.00446015 0.0100738 0.0215256 0.0430469 0.0801021 0.138357 0.221618 0.329169 0.453562 0.580243 0.689944 0.76356 0.787689 0.758786 0.684083 0.579167 0.463424 0.354988 0.266485 0.202419 0.159319 0.130029 0.108992 0.093528 0.0818 0.0715593 0.0609258 0.049316 0.0374058 0.0263735 0.0172188 0.0103873 0.00578413 0.00297155 0.00140807 0.000615338 0.000247967 9.21581e-05 0 0 0 0 0 0 0 0 0 0 0 0 0 0 0 0 0 0 0 0 0 0 0 0 0 0 0 0 0 0 0 0 0 0 0 0 0 0 0 0 0 0 0 0 0 0 0 0 0 0
0 0 0 0 0 0 0 0 0 0 0 0 0 0 0 0 0 0 0 0 0 0 0 0 0 0 0 0 0 0 0 0 0 0 0 0 0 0 0 0 0 0 0 0 0 0 0 0 0 0 0 0 0 0 0 0 0 2.86237e-05 6.4264e-05 0.000227543 0.000667268 0.00174136 0.00434608 0.0101119 0.0219013 0.0440015 0.081864 0.140964 0.224651 0.331453 0.453005 0.573975 0.674896 0.737366 0.749667 0.710463 0.628961 0.52166 0.407377 0.302492 0.217651 0.156397 0.115682 0.0889316 0.0703922 0.0570623 0.0474494 0.0400652 0.0334477 0.0268256 0.0202671 0.0142658 0.00930697 0.00561247 0.00312418 0.00160439 0.000759881 0.000331832 0.000133619 4.96147e-05 0 0 0 0 0 0 0 0 0 0 0 0 0 0 0 0 0 0 0 0 0 0 0 0 0 0 0 0 0 0 0 0 0 0 0 0 0 0 0 0 0 0 0 0 0 0 0 0 0 0
0 0 0 0 0 0 0 0 0 0 0 0 0 0 0 0 0 0 0 0 0 0 0 0 0 0 0 0 0 0 0 0 0 0 0 0 0 0 0 0 0 0 0 0 0 0 0 0 0 0 0 0 0 0 0 0 0 0 0 0.000188845 0.000602237 0.00163141 0.00412218 0.00969706 0.0210524 0.0422642 0.0784406 0.134561 0.213414 0.313042 0.424905 0.534045 0.622078 0.672283 0.674955 0.630521 0.54911 0.446979 0.341436 0.246577 0.170844 0.116587 0.0810425 0.0585621 0.0437587 0.0334599 0.0262391 0.0211232 0.0171182 0.0135229 0.0101482 0.00712283 0.00464129 0.00279746 0.00155668 0.000799172 0.000378388 0.000165161 6.64751e-05 0 0 0 0 0 0 0 0 0 0 0 0 0 0 0 0 0 0 0 0 0 0 0 0 0 0 0 0 0 0 0 0 0 0 0 0 0 0 0 0 0 0 0 0 0 0 0 0 0 0 0
0 0 0 0 0 0 0 0 0 0 0 0 0 0 0 0 0 0 0 0 0 0 0 0 0 0 0 0 0 0 0 0 0 0 0 0 0 0 0 0 0 0 0 0 0 0 0 0 0 0 0 0 0 0 0 0 0 0 0 0.000158452 0.000526596 0.00145693 0.00370015 0.0087023 0.0188786 0.0378274 0.0700058 0.119668 0.188996 0.275869 0.372318 0.464857 0.537318 0.575463 0.571696 0.527547 0.452939 0.36264 0.271631 0.191422 0.128324 0.0835931 0.0546945 0.0370492 0.0260988 0.0188515 0.0139132 0.010567 0.00821024 0.00633432 0.00469943 0.00328373 0.00213551 0.00128607 0.000715322 0.000367132 0.000173751 7.58337e-05 3.04913e-05 0 0 0 0 0 0 0 0 0 0 0 0 0 0 0 0 0 0 0 0 0 0 0 0 0 0 0 0 0 0 0 0 0 0 0 0 0 0 0 0 0 0 0 0 0 0 0 0 0 0 0
0 0 0 0 0 0 0 0 0 0 0 0 0 0 0 0 0 0 0 0 0 0 0 0 0 0 0 0 0 0 0 0 0 0 0 0 0 0 0 0 0 0 0 0 0 0 0 0 0 0 0 0 0 0 0 0 0 0 0 0.000133777 0.00044074 0.00121448 0.00308857 0.00724893 0.0157155 0.0314227 0.0579982 0.0988375 0.155543 0.226112 0.303733 0.377173 0.433218 0.46057 0.453604 0.414333 0.351495 0.277458 0.204331 0.140988 0.0918877 0.0574898 0.0355477 0.0225202 0.0148981 0.0101761 0.00708448 0.00505016 0.00371433 0.0027688 0.00201769 0.00139849 0.000906728 0.000545311 0.000302979 0.000155507 7.35882e-05 3.21093e-05 0 0 0 0 0 0 0 0 0 0 0 0 0 0 0 0 0 0 0 0 0 0 0 0 0 0 0 0 0 0 0 0 0 0 0 0 0 0 0 0 0 0 0 0 0 0 0 0 0 0 0 0
0 0 0 0 0 0 0 0 0 0 0 0 0 0 0 0 0 0 0 0 0 0 0 0 0 0 0 0 0 0 0 0 0 0 0 0 0 0 0 0 0 0 0 0 0 0 0 0 0 0 0 0 0 0 0 0 0 0 0 0 0.000310717 0.000941083 0.00239047 0.00560205 0.0121131 0.0241801 0.044524 0.0756721 0.118731 0.172011 0.230162 0.284542 0.325144 0.343602 0.336031 0.304391 0.255686 0.199461 0.144811 0.0981613 0.0624891 0.0377954 0.0222315 0.0131868 0.00814479 0.00524654 0.00345666 0.00231468 0.00159853 0.00113442 0.000805651 0.000551222 0.000355442 0.000213276 0.000118335 6.07099e-05 2.87115e-05 0 0 0 0 0 0 0 0 0 0 0 0 0 0 0 0 0 0 0 0 0 0 0 0 0 0 0 0 0 0 0 0 0 0 0 0 0 0 0 0 0 0 0 0 0 0 0 0 0 0 0 0 0
0 0 0 0 0 0 0 0 0 0 0 0 0 0 0 0 0 0 0 0 0 0 0 0 0 0 0 0 0 0 0 0 0 0 0 0 0 0 0 0 0 0 0 0 0 0 0 0 0 0 0 0 0 0 0 0 0 0 0 0 0.000224718 0.000674169 0.0017104 0.0040027 0.00864118 0.01721 0.0316337 0.0536417 0.0839494 0.121276 0.161753 0.199235 0.226705 0.238402 0.231819 0.208578 0.173802 0.134284 0.0963551 0.0643676 0.0401986 0.0236618 0.013351 0.00744943 0.00428069 0.00258219 0.00161017 0.00101671 0.000655128 0.000440225 0.000300169 0.00020147 0.000128761 7.68432e-05 4.2556e-05 2.182e-05 0 0 0 0 0 0 0 0 0 0 0 0 0 0 0 0 0 0 0 0 0 0 0 0 0 0 0 0 0 0 0 0 0 0 0 0 0 0 0 0 0 0 0 0 0 0 0 0 0 0 0 0 0 0
0 0 0 0 0 0 0 0 0 0 0 0 0 0 0 0 0 0 0 0 0 0 0 0 0 0 0 0 0 0 0 0 0 0 0 0 0 0 0 0 0 0 0 0 0 0 0 0 0 0 0 0 0 0 0 0 0 0 0 0 0.000150006 0.000446123 0.00113058 0.00264246 0.00569667 0.011328 0.0207805 0.035175 0.0549306 0.0791622 0.1053 0.129304 0.146622 0.153571 0.148637 0.133008 0.110114 0.0844174 0.0600039 0.039615 0.0243647 0.0140376 0.00766297 0.00406094 0.00217279 0.0012173 0.000714585 0.000422176 0.000258273 0.000162791 0.000105276 6.8542e-05 4.3169e-05 2.53644e-05 0 0 0 0 0 0 0 0 0 0 0 0 0 0 0 0 0 0 0 0 0 0 0 0 0 0 0 0 0 0 0 0 0 0 0 0 0 0 0 0 0 0 0 0 0 0 0 0 0 0 0 0 0 0 0 0
0 0 0 0 0 0 0 0 0 0 0 0 0 0 0 0 0 0 0 0 0 0 0 0 0 0 0 0 0 0 0 0 0 0 0 0 0 0 0 0 0 0 0 0 0 0 0 0 0 0 0 0 0 0 0 0 0 0 0 0 9.23869e-05 0.000252499 0.000690063 0.00161114 0.00346906 0.00688913 0.0126188 0.021322 0.0332365 0.047804 0.0634426 0.0777082 0.0878602 0.0917224 0.0884377 0.0787876 0.0648864 0.049435 0.0348726 0.0228085 0.0138586 0.00785352 0.00418208 0.00212759 0.00106814 0.000553152 0.000291159 0.000164208 9.72972e-05 5.73092e-05 3.5019e-05 2.17918e-05 0 0 0 0 0 0 0 0 0 0 0 0 0 0 0 0 0 0 0 0 0 0 0 0 0 0 0 0 0 0 0 0 0 0 0 0 0 0 0 0 0 0 0 0 0 0 0 0 0 0 0 0 0 0 0 0 0 0
0 0 0 0 0 0 0 0 0 0 0 0 0 0 0 0 0 0 0 0 0 0 0 0 0 0 0 0 0 0 0 0 0 0 0 0 0 0 0 0 0 0 0 0 0 0 0 0 0 0 0 0 0 0 0 0 0 0 0 0 0 0.000143395 0.000388795 0.0009069 0.00195067 0.00386935 0.00707851 0.0119435 0.0185888 0.0266886 0.0353516 0.0432086 0.0487358 0.0507397 0.0487698 0.0432914 0.0355025 0.0269116 0.0188674 0.0122501 0.00737406 0.0041264 0.00215688 0.00106439 0.000507647 0.000243852 0.000102758 6.08115e-05 3.41036e-05 1.93828e-05 0 0 0 0 0 0 0 0 0 0 0 0 0 0 0 0 0 0 0 0 0 0 0 0 0 0 0 0 0 0 0 0 0 0 0 0 0 0 0 0 0 0 0 0 0 0 0 0 0 0 0 0 0 0 0 0 0 0 0 0
0 0 0 0 0 0 0 0 0 0 0 0 0 0 0 0 0 0 0 0 0 0 0 0 0 0 0 0 0 0 0 0 0 0 0 0 0 0 0 0 0 0 0 0 0 0 0 0 0 0 0 0 0 0 0 0 0 0 0 0 0 7.50995e-05 0.000189055 0.000471182 0.00101255 0.00200655 0.00366674 0.00617938 0.00960467 0.0137697 0.0182097 0.0222157 0.0250066 0.0259748 0.0249013 0.0220387 0.0180115 0.0135984 0.00948823 0.00612292 0.00365745 0.00202458 0.00104008 0.000496945 0.000213428 3.72071e-05 1.68132e-05 0 0 0 0 0 0 0 0 0 0 0 0 0 0 0 0 0 0 0 0 0 0 0 0 0 0 0 0 0 0 0 0 0 0 0 0 0 0 0 0 0 0 0 0 0 0 0 0 0 0 0 0 0 0 0 0 0 0 0 0 0 0 0
0 0 0 0 0 0 0 0 0 0 0 0 0 0 0 0 0 0 0 0 0 0 0 0 0 0 0 0 0 0 0 0 0 0 0 0 0 0 0 0 0 0 0 0 0 0 0 0 0 0 0 0 0 0 0 0 0 0 0 0 0 0 9.12718e-05 0.000211732 0.000485099 0.000960444 0.00175351 0.00295203 0.00458314 0.00656218 0.00866625 0.0105565 0.0118624 0.0122981 0.0117644 0.0103862 0.00846432 0.00636928 0.00442724 0.00284384 0.00168931 0.000928788 0.000473188 0.000219742 9.6015e-05 1.42915e-05 0 0 0 0 0 0 0 0 0 0 0 0 0 0 0 0 0 0 0 0 0 0 0 0 0 0 0 0 0 0 0 0 0 0 0 0 0 0 0 0 0 0 0 0 0 0 0 0 0 0 0 0 0 0 0 0 0 0 0 0 0 0 0 0
0 0 0 0 0 0 0 0 0 0 0 0 0 0 0 0 0 0 0 0 0 0 0 0 0 0 0 0 0 0 0 0 0 0 0 0 0 0 0 0 0 0 0 0 0 0 0 0 0 0 0 0 0 0 0 0 0 0 0 0 0 0 0 9.42246e-05 0.000201423 0.000424271 0.000773926 0.00130176 0.00201898 0.0028879 0.00380918 0.00463395 0.00519978 0.00538199 0.00513919 0.0045278 0.00368133 0.00276272 0.00191427 0.00122508 0.000721375 0.000393796 0.000198832 9.29452e-05 0 0 0 0 0 0 0 0 0 0 0 0 0 0 0 0 0 0 0 0 0 0 0 0 0 0 0 0 0 0 0 0 0 0 0 0 0 0 0 0 0 0 0 0 0 0 0 0 0 0 0 0 0 0 0 0 0 0 0 0 0 0 0 0 0 0
0 0 0 0 0 0 0 0 0 0 0 0 0 0 0 0 0 0 0 0 0 0 0 0 0 0 0 0 0 0 0 0 0 0 0 0 0 0 0 0 0 0 0 0 0 0 0 0 0 0 0 0 0 0 0 0 0 0 0 0 0 0 0 0 8.26264e-05 0.000162766 0.000315224 0.000529794 0.000820999 0.00117318 0.00154584 0.00187837 0.00210492 0.0021756 0.00207473 0.00182394 0.00147978 0.00110776 0.000765296 0.000488028 0.000287362 0.000156299 7.11348e-05 3.25232e-05 0 0 0 0 0 0 0 0 0 0 0 0 0 0 0 0 0 0 0 0 0 0 0 0 0 0 0 0 0 0 0 0 0 0 0 0 0 0 0 0 0 0 0 0 0 0 0 0 0 0 0 0 0 0 0 0 0 0 0 0 0 0 0 0 0 0
0 0 0 0 0 0 0 0 0 0 0 0 0 0 0 0 0 0 0 0 0 0 0 0 0 0 0 0 0 0 0 0 0 0 0 0 0 0 0 0 0 0 0 0 0 0 0 0 0 0 0 0 0 0 0 0 0 0 0 0 0 0 0 0 0 6.15455e-05 0.000111723 0.000198955 0.00030809 0.000439884 0.000579104 0.000702993 0.000787011 0.000812477 0.000773558 0.000679304 0.000550307 0.000411239 0.000283548 0.000180054 0.000105633 5.36251e-05 2.65682e-05 0 0 0 0 0 0 0 0 0 0 0 0 0 0 0 0 0 0 0 0 0 0 0 0 0 0 0 0 0 0 0 0 0 0 0 0 0 0 0 0 0 0 0 0 0 0 0 0 0 0 0 0 0 0 0 0 0 0 0 0 0 0 0 0 0 0 0
0 0 0 0 0 0 0 0 0 0 0 0 0 0 0 0 0 0 0 0 0 0 0 0 0 0 0 0 0 0 0 0 0 0 0 0 0 0 0 0 0 0 0 0 0 0 0 0 0 0 0 0 0 0 0 0 0 0 0 0 0 0 0 0 0 0 3.89399e-05 6.51397e-05 0.000106672 0.000152199 0.00020022 0.000242854 0.000271612 0.000280112 0.000266391 0.000233632 0.000188973 0.000140977 9.70072e-05 5.91149e-05 3.44264e-05 1.84842e-05 0 0 0 0 0 0 0 0 0 0 0 0 0 0 0 0 0 0 0 0 0 0 0 0 0 0 0 0 0 0 0 0 0 0 0 0 0 0 0 0 0 0 0 0 0 0 0 0 0 0 0 0 0 0 0 0 0 0 0 0 0 0 0 0 0 0 0 0
0 0 0 0 0 0 0 0 0 0 0 0 0 0 0 0 0 0 0 0 0 0 0 0 0 0 0 0 0 0 0 0 0 0 0 0 0 0 0 0 0 0 0 0 0 0 0 0 0 0 0 0 0 0 0 0 0 0 0 0 0 0 0 0 0 0 0 2.09271e-05 3.22604e-05 4.58399e-05 6.38713e-05 7.74176e-05 8.6517e-05 8.915e-05 8.47056e-05 7.42148e-05 5.99628e-05 4.35492e-05 2.98228e-05 1.88283e-05 0 0 0 0 0 0 0 0 0 0 0 0 0 0 0 0 0 0 0 0 0 0 0 0 0 0 0 0 0 0 0 0 0 0 0 0 0 0 0 0 0 0 0 0 0 0 0 0 0 0 0 0 0 0 0 0 0 0 0 0 0 0 0 0 0 0 0 0 0 0
0 0 0 0 0 0 0 0 0 0 0 0 0 0 0 0 0 0 0 0 0 0 0 0 0 0 0 0 0 0 0 0 0 0 0 0 0 0 0 0 0 0 0 0 0 0 0 0 0 0 0 0 0 0 0 0 0 0 0 0 0 0 0 0 0 0 0 0 0 1.3472e-05 1.76223e-05 2.12446e-05 2.36035e-05 2.58621e-05 2.45112e-05 2.14149e-05 1.72479e-05 1.28063e-05 8.76569e-06 0 0 0 0 0 0 0 0 0 0 0 0 0 0 0 0 0 0 0 0 0 0 0 0 0 0 0 0 0 0 0 0 0 0 0 0 0 0 0 0 0 0 0 0 0 0 0 0 0 0 0 0 0 0 0 0 0 0 0 0 0 0 0 0 0 0 0 0 0 0 0
0 0 0 0 0 0 0 0 0 0 0 0 0 0 0 0 0 0 0 0 0 0 0 0 0 0 0 0 0 0 0 0 0 0 0 0 0 0 0 0 0 0 0 0 0 0 0 0 0 0 0 0 0 0 0 0 0 0 0 0 0 0 0 0 0 0 0 0 0 0 0 5.80675e-06 6.45151e-06 6.60603e-06 6.23393e-06 5.42168e-06 4.34565e-06 0 0 0 0 0 0 0 0 0 0 0 0 0 0 0 0 0 0 0 0 0 0 0 0 0 0 0 0 0 0 0 0 0 0 0 0 0 0 0 0 0 0 0 0 0 0 0 0 0 0 0 0 0 0 0 0 0 0 0 0 0 0 0 0 0 0 0 0 0 0 0 0 0
0 0 0 0 0 0 0 0 0 0 0 0 0 0 0 0 0 0 0 0 0 0 0 0 0 0 0 0 0 0 0 0 0 0 0 0 0 0 0 0 0 0 0 0 0 0 0 0 0 0 0 0 0 0 0 0 0 0 0 0 0 0 0 0 0 0 0 0 0 0 0 0 0 0 0 0 0 0 0 0 0 0 0 0 0 0 0 0 0 0 0 0 0 0 0 0 0 0 0 0 0 0 0 0 0 0 0 0 0 0 0 0 0 0 0 0 0 0 0 0 0 0 0 0 0 0 0 0 0 0 0 0 0 0 0 0 0 0 0 0 0 0 0 0 0 0 0 0 0 0
0 0 0 0 0 0 0 0 0 0 0 0 0 0 0 0 0 0 0 0 0 0 0 0 0 0 0 0 0 0 0 0 0 0 0 0 0 0 0 0 0 0 0 0 0 0 0 0 0 0 0 0 0 0 0 0 0 0 0 0 0 0 0 0 0 0 0 0 0 0 0 0 0 0 0 0 0 0 0 0 0 0 0 0 0 0 0 0 0 0 0 0 0 0 0 0 0 0 0 0 0 0 0 0 0 0 0 0 0 0 0 0 0 0 0 0 0 0 0 0 0 0 0 0 0 0 0 0 0 0 0 0 0 0 0 0 0 0 0 0 0 0 0 0 0 0 0 0 0 0
0 0 0 0 0 0 0 0 0 0 0 0 0 0 0 0 0 0 0 0 0 0 0 0 0 0 0 0 0 0 0 0 0 0 0 0 0 0 0 0 0 0 0 0 0 0 0 0 0 0 0 0 0 0 0 0 0 0 0 0 0 0 0 0 0 0 0 0 0 0 0 0 0 0 0 0 0 0 0 0 0 0 0 0 0 0 0 0 0 0 0 0 0 0 0 0 0 0 0 0 0 0 0 0 0 0 0 0 0 0 0 0 0 0 0 0 0 0 0 0 0 0 0 0 0 0 0 0 0 0 0 0 0 0 0 0 0 0 0 0 0 0 0 0 0 0 0 0 0 0
0 0 0 0 0 0 0 0 0 0 0 0 0 0 0 0 0 0 0 0 0 0 0 0 0 0 0 0 0 0 0 0 0 0 0 0 0 0 0 0 0 0 0 0 0 0 0 0 0 0 0 0 0 0 0 0 0 0 0 0 0 0 0 0 0 0 0 0 0 0 0 0 0 0 0 0 0 0 0 0 0 0 0 0 0 0 0 0 0 0 0 0 0 0 0 0 0 0 0 0 0 0 0 0 0 0 0 0 0 0 0 0 0 0 0 0 0 0 0 0 0 0 0 0 0 0 0 0 0 0 0 0 0 0 0 0 0 0 0 0 0 0 0 0 0 0 0 0 0 0
0 0 0 0 0 0 0 0 0 0 0 0 0 0 0 0 0 0 0 0 0 0 0 0 0 0 0 0 0 0 0 0 0 0 0 0 0 0 0 0 0 0 0 0 0 0 0 0 0 0 0 0 0 0 0 0 0 0 0 0 0 0 0 0 0 0 0 0 0 0 0 0 0 0 0 0 0 0 0 0 0 0 0 0 0 0 0 0 0 0 0 0 0 0 0 0 0 0 0 0 0 0 0 0 0 0 0 0 0 0 0 0 0 0 0 0 0 0 0 0 0 0 0 0 0 0 0 0 0 0 0 0 0 0 0 0 0 0 0 0 0 0 0 0 0 0 0 0 0 0
0 0 0 0 0 0 0 0 0 0 0 0 0 0 0 0 0 0 0 0 0 0 0 0 0 0 0 0 0 0 0 0 0 0 0 0 0 0 0 0 0 0 0 0 0 0 0 0 0 0 0 0 0 0 0 0 0 0 0 0 0 0 0 0 0 0 0 0 0 0 0 0 0 0 0 0 0 0 0 0 0 0 0 0 0 0 0 0 0 0 0 0 0 0 0 0 0 0 0 0 0 0 0 0 0 0 0 0 0 0 0 0 0 0 0 0 0 0 0 0 0 0 0 0 0 0 0 0 0 0 0 0 0 0 0 0 0 0 0 0 0 0 0 0 0 0 0 0 0 0
0 0 0 0 0 0 0 0 0 0 0 0 0 0 0 0 0 0 0 0 0 0 0 0 0 0 0 0 0 0 0 0 0 0 0 0 0 0 0 0 0 0 0 0 0 0 0 0 0 0 0 0 0 0 0 0 0 0 0 0 0 0 0 0 0 0 0 0 0 0 0 0 0 0 0 0 0 0 0 0 0 0 0 0 0 0 0 0 0 0 0 0 0 0 0 0 0 0 0 0 0 0 0 0 0 0 0 0 0 0 0 0 0 0 0 0 0 0 0 0 0 0 0 0 0 0 0 0 0 0 0 0 0 0 0 0 0 0 0 0 0 0 0 0 0 0 0 0 0 0
0 0 0 0 0 0 0 0 0 0 0 0 0 0 0 0 0 0 0 0 0 0 0 0 0 0 0 0 0 0 0 0 0 0 0 0 0 0 0 0 0 0 0 0 0 0 0 0 0 0 0 0 0 0 0 0 0 0 0 0 0 0 0 0 0 0 0 0 0 0 0 0 0 0 0 0 0 0 0 0 0 0 0 0 0 0 0 0 0 0 0 0 0 0 0 0 0 0 0 0 0 0 0 0 0 0 0 0 0 0 0 0 0 0 0 0 0 0 0 0 0 0 0 0 0 0 0 0 0 0 0 0 0 0 0 0 0 0 0 0 0 0 0 0 0 0 0 0 0 0
0 0 0 0 0 0 0 0 0 0 0 0 0 0 0 0 0 0 0 0 0 0 0 0 0 0 0 0 0 0 0 0 0 0 0 0 0 0 0 0 0 0 0 0 0 0 0 0 0 0 0 0 0 0 0 0 0 0 0 0 0 0 0 0 0 0 0 0 0 0 0 0 0 0 0 0 0 0 0 0 0 0 0 0 0 0 0 0 0 0 0 0 0 0 0 0 0 0 0 0 0 0 0 0 0 0 0 0 0 0 0 0 0 0 0 0 0 0 0 0 0 0 0 0 0 0 0 0 0 0 0 0 0 0 0 0 0 0 0 0 0 0 0 0 0 0 0 0 0 0
0 0 0 0 0 0 0 0 0 0 0 0 0 0 0 0 0 0 0 0 0 0 0 0 0 0 0 0 0 0 0 0 0 0 0 0 0 0 0 0 0 0 0 0 0 0 0 0 0 0 0 0 0 0 0 0 0 0 0 0 0 0 0 0 0 0 0 0 0 0 0 0 0 0 0 0 0 0 0 0 0 0 0 0 0 0 0 0 0 0 0 0 0 0 0 0 0 0 0 0 0 0 0 0 0 0 0 0 0 0 0 0 0 0 0 0 0 0 0 0 0 0 0 0 0 0 0 0 0 0 0 0 0 0 0 0 0 0 0 0 0 0 0 0 0 0 0 0 0 0
0 0 0 0 0 0 0 0 0 0 0 0 0 0 0 0 0 0 0 0 0 0 0 0 0 0 0 0 0 0 0 0 0 0 0 0 0 0 0 0 0 0 0 0 0 0 0 0 0 0 0 0 0 0 0 0 0 0 0 0 0 0 0 0 0 0 0 0 0 0 0 0 0 0 0 0 0 0 0 0 0 0 0 0 0 0 0 0 0 0 0 0 0 0 0 0 0 0 0 0 0 0 0 0 0 0 0 0 0 0 0 0 0 0 0 0 0 0 0 0 0 0 0 0 0 0 0 0 0 0 0 0 0 0 0 0 0 0 0 0 0 0 0 0 0 0 0 0 0 0
0 0 0 0 0 0 0 0 0 0 0 0 0 0 0 0 0 0 0 0 0 0 0 0 0 0 0 0 0 0 0 0 0 0 0 0 0 0 0 0 0 0 0 0 0 0 0 0 0 0 0 0 0 0 0 0 0 0 0 0 0 0 0 0 0 0 0 0 0 0 0 0 0 0 0 0 0 0 0 0 0 0 0 0 0 0 0 0 0 0 0 0 0 0 0 0 0 0 0 0 0 0 0 0 0 0 0 0 0 0 0 0 0 0 0 0 0 0 0 0 0 0 0 0 0 0 0 0 0 0 0 0 0 0 0 0 0 0 0 0 0 0 0 0 0 0 0 0 0 0
0 0 0 0 0 0 0 0 0 0 0 0 0 0 0 0 0 0 0 0 0 0 0 0 0 0 0 0 0 0 0 0 0 0 0 0 0 0 0 0 0 0 0 0 0 0 0 0 0 0 0 0 0 0 0 0 0 0 0 0 0 0 0 0 0 0 0 0 0 0 0 0 0 0 0 0 0 0 0 0 0 0 0 0 0 0 0 0 0 0 0 0 0 0 0 0 0 0 0 0 0 0 0 0 0 0 0 0 0 0 0 0 0 0 0 0 0 0 0 0 0 0 0 0 0 0 0 0 0 0 0 0 0 0 0 0 0 0 0 0 0 0 0 0 0 0 0 0 0 0
0 0 0 0 0 0 0 0 0 0 0 0 0 0 0 0 0 0 0 0 0 0 0 0 0 0 0 0 0 0 0 0 0 0 0 0 0 0 0 0 0 0 0 0 0 0 0 0 0 0 0 0 0 0 0 0 0 0 0 0 0 0 0 0 0 0 0 0 0 0 0 0 0 0 0 0 0 0 0 0 0 0 0 0 0 0 0 0 0 0 0 0 0 0 0 0 0 0 0 0 0 0 0 0 0 0 0 0 0 0 0 0 0 0 0 0 0 0 0 0 0 0 0 0 0 0 0 0 0 0 0 0 0 0 0 0 0 0 0 0 0 0 0 0 0 0 0 0 0 0
0 0 0 0 0 0 0 0 0 0 0 0 0 0 0 0 0 0 0 0 0 0 0 0 0 0 0 0 0 0 0 0 0 0 0 0 0 0 0 0 0 0 0 0 0 0 0 0 0 0 0 0 0 0 0 0 0 0 0 0 0 0 0 0 0 0 0 0 0 0 0 0 0 0 0 0 0 0 0 0 0 0 0 0 0 0 0 0 0 0 0 0 0 0 0 0 0 0 0 0 0 0 0 0 0 0 0 0 0 0 0 0 0 0 0 0 0 0 0 0 0 0 0 0 0 0 0 0 0 0 0 0 0 0 0 0 0 0 0 0 0 0 0 0 0 0 0 0 0 0
0 0 0 0 0 0 0 0 0 0 0 0 0 0 0 0 0 0 0 0 0 0 0 0 0 0 0 0 0 0 0 0 0 0 0 0 0 0 0 0 0 0 0 0 0 0 0 0 0 0 0 0 0 0 0 0 0 0 0 0 0 0 0 0 0 0 0 0 0 0 0 0 0 0 0 0 0 0 0 0 0 0 0 0 0 0 0 0 0 0 0 0 0 0 0 0 0 0 0 0 0 0 0 0 0 0 0 0 0 0 0 0 0 0 0 0 0 0 0 0 0 0 0 0 0 0 0 0 0 0 0 0 0 0 0 0 0 0 0 0 0 0 0 0 0 0 0 0 0 0
0 0 0 0 0 0 0 0 0 0 0 0 0 0 0 0 0 0 0 0 0 0 0 0 0 0 0 0 0 0 0 0 0 0 0 0 0 0 0 0 0 0 0 0 0 0 0 0 0 0 0 0 0 0 0 0 0 0 0 0 0 0 0 0 0 0 0 0 0 0 0 0 0 0 0 0 0 0 0 0 0 0 0 0 0 0 0 0 0 0 0 0 0 0 0 0 0 0 0 0 0 0 0 0 0 0 0 0 0 0 0 0 0 0 0 0 0 0 0 0 0 0 0 0 0 0 0 0 0 0 0 0 0 0 0 0 0 0 0 0 0 0 0 0 0 0 0 0 0 0
0 0 0 0 0 0 0 0 0 0 0 0 0 0 0 0 0 0 0 0 0 0 0 0 0 0 0 0 0 0 0 0 0 0 0 0 0 0 0 0 0 0 0 0 0 0 0 0 0 0 0 0 0 0 0 0 0 0 0 0 0 0 0 0 0 0 0 0 0 0 0 0 0 0 0 0 0 0 0 0 0 0 0 0 0 0 0 0 0 0 0 0 0 0 0 0 0 0 0 0 0 0 0 0 0 0 0 0 0 0 0 0 0 0 0 0 0 0 0 0 0 0 0 0 0 0 0 0 0 0 0 0 0 0 0 0 0 0 0 0 0 0 0 0 0 0 0 0 0 0
0 0 0 0 0 0 0 0 0 0 0 0 0 0 0 0 0 0 0 0 0 0 0 0 0 0 0 0 0 0 0 0 0 0 0 0 0 0 0 0 0 0 0 0 0 0 0 0 0 0 0 0 0 0 0 0 0 0 0 0 0 0 0 0 0 0 0 0 0 0 0 0 0 0 0 0 0 0 0 0 0 0 0 0 0 0 0 0 0 0 0 0 0 0 0 0 0 0 0 0 0 0 0 0 0 0 0 0 0 0 0 0 0 0 0 0 0 0 0 0 0 0 0 0 0 0 0 0 0 0 0 0 0 0 0 0 0 0 0 0 0 0 0 0 0 0 0 0 0 0
0 0 0 0 0 0 0 0 0 0 0 0 0 0 0 0 0 0 0 0 0 0 0 0 0 0 0 0 0 0 0 0 0 0 0 0 0 0 0 0 0 0 0 0 0 0 0 0 0 0 0 0 0 0 0 0 0 0 0 0 0 0 0 0 0 0 0 0 0 0 0 0 0 0 0 0 0 0 0 0 0 0 0 0 0 0 0 0 0 0 0 0 0 0 0 0 0 0 0 0 0 0 0 0 0 0 0 0 0 0 0 0 0 0 0 0 0 0 0 0 0 0 0 0 0 0 0 0 0 0 0 0 0 0 0 0 0 0 0 0 0 0 0 0 0 0 0 0 0 0
0 0 0 0 0 0 0 0 0 0 0 0 0 0 0 0 0 0 0 0 0 0 0 0 0 0 0 0 0 0 0 0 0 0 0 0 0 0 0 0 0 0 0 0 0 0 0 0 0 0 0 0 0 0 0 0 0 0 0 0 0 0 0 0 0 0 0 0 0 0 0 0 0 0 0 0 0 0 0 0 0 0 0 0 0 0 0 0 0 0 0 0 0 0 0 0 0 0 0 0 0 0 0 0 0 0 0 0 0 0 0 0 0 0 0 0 0 0 0 0 0 0 0 0 0 0 0 0 0 0 0 0 0 0 0 0 0 0 0 0 0 0 0 0 0 0 0 0 0 0
0 0 0 0 0 0 0 0 0 0 0 0 0 0 0 0 0 0 0 0 0 0 0 0 0 0 0 0 0 0 0 0 0 0 0 0 0 0 0 0 0 0 0 0 0 0 0 0 0 0 0 0 0 0 0 0 0 0 0 0 0 0 0 0 0 0 0 0 0 0 0 0 0 0 0 0 0 0 0 0 0 0 0 0 0 0 0 0 0 0 0 0 0 0 0 0 0 0 0 0 0 0 0 0 0 0 0 0 0 0 0 0 0 0 0 0 0 0 0 0 0 0 0 0 0 0 0 0 0 0 0 0 0 0 0 0 0 0 0 0 0 0 0 0 0 0 0 0 0 0
0 0 0 0 0 0 0 0 0 0 0 0 0 0 0 0 0 0 0 0 0 0 0 0 0 0 0 0 0 0 0 0 0 0 0 0 0 0 0 0 0 0 0 0 0 0 0 0 0 0 0 0 0 0 0 0 0 0 0 0 0 0 0 0 0 0 0 0 0 0 0 0 0 0 0 0 0 0 0 0 0 0 0 0 0 0 0 0 0 0 0 0 0 0 0 0 0 0 0 0 0 0 0 0 0 0 0 0 0 0 0 0 0 0 0 0 0 0 0 0 0 0 0 0 0 0 0 0 0 0 0 0 0 0 0 0 0 0 0 0 0 0 0 0 0 0 0 0 0 0
0 0 0 0 0 0 0 0 0 0 0 0 0 0 0 0 0 0 0 0 0 0 0 0 0 0 0 0 0 0 0 0 0 0 0 0 0 0 0 0 0 0 0 0 0 0 0 0 0 0 0 0 0 0 0 0 0 0 0 0 0 0 0 0 0 0 0 0 0 0 0 0 0 0 0 0 0 0 0 0 0 0 0 0 0 0 0 0 0 0 0 0 0 0 0 0 0 0 0 0 0 0 0 0 0 0 0 0 0 0 0 0 0 0 0 0 0 0 0 0 0 0 0 0 0 0 0 0 0 0 0 0 0 0 0 0 0 0 0 0 0 0 0 0 0 0 0 0 0 0
0 0 0 0 0 0 0 0 0 0 0 0 0 0 0 0 0 0 0 0 0 0 0 0 0 0 0 0 0 0 0 0 0 0 0 0 0 0 0 0 0 0 0 0 0 0 0 0 0 0 0 0 0 0 0 0 0 0 0 0 0 0 0 0 0 0 0 0 0 0 0 0 0 0 0 0 0 0 0 0 0 0 0 0 0 0 0 0 0 0 0 0 0 0 0 0 0 0 0 0 0 0 0 0 0 0 0 0 0 0 0 0 0 0 0 0 0 0 0 0 0 0 0 0 0 0 0 0 0 0 0 0 0 0 0 0 0 0 0 0 0 0 0 0 0 0 0 0 0 0
0 0 0 0 0 0 0 0 0 0 0 0 0 0 0 0 0 0 0 0 0 0 0 0 0 0 0 0 0 0 0 0 0 0 0 0 0 0 0 0 0 0 0 0 0 0 0 0 0 0 0 0 0 0 0 0 0 0 0 0 0 0 0 0 0 0 0 0 0 0 0 0 0 0 0 0 0 0 0 0 0 0 0 0 0 0 0 0 0 0 0 0 0 0 0 0 0 0 0 0 0 0 0 0 0 0 0 0 0 0 0 0 0 0 0 0 0 0 0 0 0 0 0 0 0 0 0 0 0 0 0 0 0 0 0 0 0 0 0 0 0 0 0 0 0 0 0 0 0 0
0 0 0 0 0 0 0 0 0 0 0 0 0 0 0 0 0 0 0 0 0 0 0 0 0 0 0 0 0 0 0 0 0 0 0 0 0 0 0 0 0 0 0 0 0 0 0 0 0 0 0 0 0 0 0 0 0 0 0 0 0 0 0 0 0 0 0 0 0 0 0 0 0 0 0 0 0 0 0 0 0 0 0 0 0 0 0 0 0 0 0 0 0 0 0 0 0 0 0 0 0 0 0 0 0 0 0 0 0 0 0 0 0 0 0 0 0 0 0 0 0 0 0 0 0 0 0 0 0 0 0 0 0 0 0 0 0 0 0 0 0 0 0 0 0 0 0 0 0 0
0 0 0 0 0 0 0 0 0 0 0 0 0 0 0 0 0 0 0 0 0 0 0 0 0 0 0 0 0 0 0 0 0 0 0 0 0 0 0 0 0 0 0 0 0 0 0 0 0 0 0 0 0 0 0 0 0 0 0 0 0 0 0 0 0 0 0 0 0 0 0 0 0 0 0 0 0 0 0 0 0 0 0 0 0 0 0 0 0 0 0 0 0 0 0 0 0 0 0 0 0 0 0 0 0 0 0 0 0 0 0 0 0 0 0 0 0 0 0 0 0 0 0 0 0 0 0 0 0 0 0 0 0 0 0 0 0 0 0 0 0 0 0 0 0 0 0 0 0 0
0 0 0 0 0 0 0 0 0 0 0 0 0 0 0 0 0 0 0 0 0 0 0 0 0 0 0 0 0 0 0 0 0 0 0 0 0 0 0 0 0 0 0 0 0 0 0 0 0 0 0 0 0 0 0 0 0 0 0 0 0 0 0 0 0 0 0 0 0 0 0 0 0 0 0 0 0 0 0 0 0 0 0 0 0 0 0 0 0 0 0 0 0 0 0 0 0 0 0 0 0 0 0 0 0 0 0 0 0 0 0 0 0 0 0 0 0 0 0 0 0 0 0 0 0 0 0 0 0 0 0 0 0 0 0 0 0 0 0 0 0 0 0 0 0 0 0 0 0 0
0 0 0 0 0 0 0 0 0 0 0 0 0 0 0 0 0 0 0 0 0 0 0 0 0 0 0 0 0 0 0 0 0 0 0 0 0 0 0 0 0 0 0 0 0 0 0 0 0 0 0 0 0 0 0 0 0 0 0 0 0 0 0 0 0 0 0 0 0 0 0 0 0 0 0 0 0 0 0 0 0 0 0 0 0 0 0 0 0 0 0 0 0 0 0 0 0 0 0 0 0 0 0 0 0 0 0 0 0 0 0 0 0 0 0 0 0 0 0 0 0 0 0 0 0 0 0 0 0 0 0 0 0 0 0 0 0 0 0 0 0 0 0 0 0 0 0 0 0 0
