0 0 0 0 0 0 0 0 0 0 0 0 0 0 0 0 0 0 0 0 0 0 0 0 0 0 0 0 0 0 0 0 0 0 0 0 0 0 0 0 0 0 0 0 0 0 0 0 0 0 0 0 0 0 0 0 0 0 0 0 0 0 0 0 0 0 0 0 0 0 0 0 0 0 0 0 0 0 0 0 0 0 0 0 0 0 0 0 0 0 0 0 0 0 0 0 0 0 0 0 0 0 0 0 0 0 0 0 0 0 0 0 0 0 0 0 0 0 0 0 0 0 0 0 0 0 0 0 0 0 0 0 0 0 0 0 0 0 0 0 0 0 0 0 0 0 0 0 0 0
0 0 0 0 0 0 0 0 0 0 0 0 0 0 0 0 0 0 0 0 0 0 0 0 0 0 0 0 0 0 0 0 0 0 0 0 0 0 0 0 0 0 0 0 0 0 0 0 0 0 0 0 0 0 0 0 0 0 0 0 0 0 0 0 0 0 0 0 0 0 0 0 0 0 0 0 0 0 0 0 0 0 0 0 0 0 0 0 0 0 0 0 0 0 0 0 0 0 0 0 0 0 0 0 0 0 0 0 0 0 0 0 0 0 0 0 0 0 0 0 0 0 0 0 0 0 0 0 0 0 0 0 0 0 0 0 0 0 0 0 0 0 0 0 0 0 0 0 0 0
0 0 0 0 0 0 0 0 0 0 0 0 0 0 0 0 0 0 0 0 0 0 0 0 0 0 0 0 0 0 0 0 0 0 0 0 0 0 0 0 0 0 0 0 0 0 0 0 0 0 0 0 0 0 0 0 0 0 0 0 0 0 0 0 0 0 0 0 0 0 0 0 0 0 0 0 0 0 0 0 0 0 0 0 0 0 0 0 0 0 0 0 0 0 0 0 0 0 0 0 0 0 0 0 0 0 0 0 0 0 0 0 0 0 0 0 0 0 0 0 0 0 0 0 0 0 0 0 0 0 0 0 0 0 0 0 0 0 0 0 0 0 0 0 0 0 0 0 0 0
0 0 0 0 0 0 0 0 0 0 0 0 0 0 0 0 0 0 0 0 0 0 0 0 0 0 0 0 0 0 0 0 0 0 0 0 0 0 0 0 0 0 0 0 0 0 0 0 0 0 0 0 0 0 0 0 0 0 0 0 0 0 0 0 0 0 0 0 0 0 0 0 0 0 0 0 0 0 0 0 0 0 0 0 0 0 0 0 0 0 0 0 0 0 0 0 0 0 0 0 0 0 0 0 0 0 0 0 0 0 0 0 0 0 0 0 0 0 0 0 0 0 0 0 0 0 0 0 0 0 0 0 0 0 0 0 0 0 0 0 0 0 0 0 0 0 0 0 0 0
0 0 0 0 0 0 0 0 0 0 0 0 0 0 0 0 0 0 0 0 0 0 0 0 0 0 0 0 0 0 0 0 0 0 0 0 0 0 0 0 0 0 0 0 0 0 0 0 0 0 0 0 0 0 0 0 0 0 0 0 0 0 0 0 0 0 0 0 0 0 0 0 0 0 0 0 0 0 0 0 0 0 0 0 0 0 0 0 0 0 0 0 0 0 0 0 0 0 0 0 0 0 0 0 0 0 0 0 0 0 0 0 0 0 0 0 0 0 0 0 0 0 0 0 0 0 0 0 0 0 0 0 0 0 0 0 0 0 0 0 0 0 0 0 0 0 0 0 0 0
0 0 0 0 0 0 0 0 0 0 0 0 0 0 0 0 0 0 0 0 0 0 0 0 0 0 0 0 0 0 0 0 0 0 0 0 0 0 0 0 0 0 0 0 0 0 0 0 0 0 0 0 0 0 0 0 0 0 0 0 0 0 0 0 0 0 0 0 0 0 0 0 0 0 0 0 0 0 0 0 0 0 0 0 0 0 0 0 0 0 0 0 0 0 0 0 0 0 0 0 0 0 0 0 0 0 0 0 0 0 0 0 0 0 0 0 0 0 0 0 0 0 0 0 0 0 0 0 0 0 0 0 0 0 0 0 0 0 0 0 0 0 0 0 0 0 0 0 0 0
0 0 0 0 0 0 0 0 0 0 0 0 0 0 0 0 0 0 0 0 0 0 0 0 0 0 0 0 0 0 0 0 0 0 0 0 0 0 0 0 0 0 0 0 0 0 0 0 0 0 0 0 0 0 0 0 0 0 0 0 0 0 0 0 0 0 0 0 0 0 0 0 0 0 0 0 0 0 0 0 0 0 0 0 0 0 0 0 0 0 0 0 0 0 0 0 0 0 0 0 0 0 0 0 0 0 0 0 0 0 0 0 0 0 0 0 0 0 0 0 0 0 0 0 0 0 0 0 0 0 0 0 0 0 0 0 0 0 0 0 0 0 0 0 0 0 0 0 0 0
0 0 0 0 0 0 0 0 0 0 0 0 0 0 0 0 0 0 0 0 0 0 0 0 0 0 0 0 0 0 0 0 0 0 0 0 0 0 0 0 0 0 0 0 0 0 0 0 0 0 0 0 0 0 0 0 0 0 0 0 0 0 0 0 0 0 0 0 0 0 0 0 0 0 0 0 0 0 0 0 0 0 0 0 0 0 0 0 0 0 0 0 0 0 0 0 0 0 0 0 0 0 0 0 0 0 0 0 0 0 0 0 0 0 0 0 0 0 0 0 0 0 0 0 0 0 0 0 0 0 0 0 0 0 0 0 0 0 0 0 0 0 0 0 0 0 0 0 0 0
0 0 0 0 0 0 0 0 0 0 0 0 0 0 0 0 0 0 0 0 0 0 0 0 0 0 0 0 0 0 0 0 0 0 0 0 0 0 0 0 0 0 0 0 0 0 0 0 0 0 0 0 0 0 0 0 0 0 0 0 0 0 0 0 0 0 0 0 0 0 0 0 0 0 0 0 0 0 0 0 0 0 0 0 0 0 0 0 0 0 0 0 0 0 0 0 0 0 0 0 0 0 0 0 0 0 0 0 0 0 0 0 0 0 0 0 0 0 0 0 0 0 0 0 0 0 0 0 0 0 0 0 0 0 0 0 0 0 0 0 0 0 0 0 0 0 0 0 0 0
0 0 0 0 0 0 0 0 0 0 0 0 0 0 0 0 0 0 0 0 0 0 0 0 0 0 0 0 0 0 0 0 0 0 0 0 0 0 0 0 0 0 0 0 0 0 0 0 0 0 0 0 0 0 0 0 0 0 0 0 0 0 0 0 0 0 0 0 0 0 0 0 0 0 0 0 0 0 0 0 0 0 0 0 0 0 0 0 0 0 0 0 0 0 0 0 0 0 0 0 0 0 0 0 0 0 0 0 0 0 0 0 0 0 0 0 0 0 0 0 0 0 0 0 0 0 0 0 0 0 0 0 0 0 0 0 0 0 0 0 0 0 0 0 0 0 0 0 0 0
0 0 0 0 0 0 0 0 0 0 0 0 0 0 0 0 0 0 0 0 0 0 0 0 0 0 0 0 0 0 0 0 0 0 0 0 0 0 0 0 0 0 0 0 0 0 0 0 0 0 0 0 0 0 0 0 0 0 0 0 0 0 0 0 0 0 0 0 0 0 0 0 0 0 0 0 0 0 0 0 0 0 0 0 0 0 0 0 0 0 0 0 0 0 0 0 0 0 0 0 0 0 0 0 0 0 0 0 0 0 0 0 0 0 0 0 0 0 0 0 0 0 0 0 0 0 0 0 0 0 0 0 0 0 0 0 0 0 0 0 0 0 0 0 0 0 0 0 0 0
0 0 0 0 0 0 0 0 0 0 0 0 0 0 0 0 0 0 0 0 0 0 0 0 0 0 0 0 0 0 0 0 0 0 0 0 0 0 0 0 0 0 0 0 0 0 0 0 0 0 0 0 0 0 0 0 0 0 0 0 0 0 0 0 0 0 0 0 0 0 0 0 0 0 0 0 0 0 0 0 0 0 0 0 0 0 0 0 0 0 0 0 0 0 0 0 0 0 0 0 0 0 0 0 0 0 0 0 0 0 0 0 0 0 0 0 0 0 0 0 0 0 0 0 0 0 0 0 0 0 0 0 0 0 0 0 0 0 0 0 0 0 0 0 0 0 0 0 0 0
0 0 0 0 0 0 0 0 0 0 0 0 0 0 0 0 0 0 0 0 0 0 0 0 0 0 0 0 0 0 0 0 0 0 0 0 0 0 0 0 0 0 0 0 0 0 0 0 0 0 0 0 0 0 0 0 0 0 0 0 0 0 0 0 0 0 0 0 0 0 0 0 0 0 0 0 0 0 0 0 0 0 0 0 0 0 0 0 0 0 0 0 0 0 0 0 0 0 0 0 0 0 0 0 0 0 0 0 0 0 0 0 0 0 0 0 0 0 0 0 0 0 0 0 0 0 0 0 0 0 0 0 0 0 0 0 0 0 0 0 0 0 0 0 0 0 0 0 0 0
0 0 0 0 0 0 0 0 0 0 0 0 0 0 0 0 0 0 0 0 0 0 0 0 0 0 0 0 0 0 0 0 0 0 0 0 0 0 0 0 0 0 0 0 0 0 0 0 0 0 0 0 0 0 0 0 0 0 0 0 0 0 0 0 0 0 0 0 0 0 0 0 0 0 0 0 0 0 0 0 0 0 0 0 0 0 0 0 0 0 0 0 0 0 0 0 0 0 0 0 0 0 0 0 0 0 0 0 0 0 0 0 0 0 0 0 0 0 0 0 0 0 0 0 0 0 0 0 0 0 0 0 0 0 0 0 0 0 0 0 0 0 0 0 0 0 0 0 0 0
0 0 0 0 0 0 0 0 0 0 0 0 0 0 0 0 0 0 0 0 0 0 0 0 0 0 0 0 0 0 0 0 0 0 0 0 0 0 0 0 0 0 0 0 0 0 0 0 0 0 0 0 0 0 0 0 0 0 0 0 0 0 0 0 0 0 0 0 0 0 0 0 0 0 0 0 0 0 0 0 0 0 0 0 0 0 0 0 0 0 0 0 0 0 0 0 0 0 0 0 0 0 0 0 0 0 0 0 0 0 0 0 0 0 0 0 0 0 0 0 0 0 0 0 0 0 0 0 0 0 0 0 0 0 0 0 0 0 0 0 0 0 0 0 0 0 0 0 0 0
0 0 0 0 0 0 0 0 0 0 0 0 0 0 0 0 0 0 0 0 0 0 0 0 0 0 0 0 0 0 0 0 0 0 0 0 0 0 0 0 0 0 0 0 0 0 0 0 0 0 0 0 0 0 0 0 0 0 0 0 0 0 0 0 0 0 0 0 0 0 0 0 0 0 0 0 0 0 0 0 0 0 0 0 0 0 0 0 0 0 0 0 0 0 0 0 0 0 0 0 0 0 0 0 0 0 0 0 0 0 0 0 0 0 0 0 0 0 0 0 0 0 0 0 0 0 0 0 0 0 0 0 0 0 0 0 0 0 0 0 0 0 0 0 0 0 0 0 0 0
0 0 0 0 0 0 0 0 0 0 0 0 0 0 0 0 0 0 0 0 0 0 0 0 0 0 0 0 0 0 0 0 0 0 0 0 0 0 0 0 0 0 0 0 0 0 0 0 0 0 0 0 0 0 0 0 0 0 0 0 0 0 0 0 0 0 0 0 0 0 0 0 0 0 0 0 0 0 0 0 0 0 0 0 0 0 0 0 0 0 0 0 0 0 0 0 0 0 0 0 0 0 0 0 0 0 0 0 0 0 0 0 0 0 0 0 0 0 0 0 0 0 0 0 0 0 0 0 0 0 0 0 0 0 0 0 0 0 0 0 0 0 0 0 0 0 0 0 0 0
0 0 0 0 0 0 0 0 0 0 0 0 0 0 0 0 0 0 0 0 0 0 0 0 0 0 0 0 0 0 0 0 0 0 0 0 0 0 0 0 0 0 0 0 0 0 0 0 0 0 0 0 0 0 0 0 0 0 0 0 0 0 0 0 0 0 0 0 0 0 0 0 0 0 0 0 0 0 0 0 0 0 0 0 0 0 0 0 0 0 0 0 0 0 0 0 0 0 0 0 0 0 0 0 0 0 0 0 0 0 0 0 0 0 0 0 0 0 0 0 0 0 0 0 0 0 0 0 0 0 0 0 0 0 0 0 0 0 0 0 0 0 0 0 0 0 0 0 0 0
0 0 0 0 0 0 0 0 0 0 0 0 0 0 0 0 0 0 0 0 0 0 0 0 0 0 0 0 0 0 0 0 0 0 0 0 0 0 0 0 0 0 0 0 0 0 0 0 0 0 0 0 0 0 0 0 0 0 0 0 0 0 0 0 0 0 0 0 0 0 0 0 0 0 0 0 0 0 0 0 0 0 0 0 0 0 0 0 0 0 0 0 0 0 0 0 0 0 0 0 0 0 0 0 0 0 0 0 0 0 0 0 0 0 0 0 0 0 0 0 0 0 0 0 0 0 0 0 0 0 0 0 0 0 0 0 0 0 0 0 0 0 0 0 0 0 0 0 0 0
0 0 0 0 0 0 0 0 0 0 0 0 0 0 0 0 0 0 0 0 0 0 0 0 0 0 0 0 0 0 0 0 0 0 0 0 0 0 0 0 0 0 0 0 0 0 0 0 0 0 0 0 0 0 0 0 0 0 0 0 0 0 0 0 0 0 0 0 0 0 0 0 0 0 0 0 0 0 0 0 0 0 0 0 0 0 0 0 0 0 0 0 0 0 0 0 0 0 0 0 0 0 0 0 0 0 0 0 0 0 0 0 0 0 0 0 0 0 0 0 0 0 0 0 0 0 0 0 0 0 0 0 0 0 0 0 0 0 0 0 0 0 0 0 0 0 0 0 0 0
0 0 0 0 0 0 0 0 0 0 0 0 0 0 0 0 0 0 0 0 0 0 0 0 0 0 0 0 0 0 0 0 0 0 0 0 0 0 0 0 0 0 0 0 0 0 0 0 0 0 0 0 0 0 0 0 0 0 0 0 0 0 0 0 0 0 0 0 0 0 0 0 0 0 0 0 0 0 0 0 0 0 0 0 0 0 0 0 0 0 0 0 0 0 0 0 0 0 0 0 0 0 0 0 0 0 0 0 0 0 0 0 0 0 0 0 0 0 0 0 0 0 0 0 0 0 0 0 0 0 0 0 0 0 0 0 0 0 0 0 0 0 0 0 0 0 0 0 0 0
0 0 0 0 0 0 0 0 0 0 0 0 0 0 0 0 0 0 0 0 0 0 0 0 0 0 0 0 0 0 0 0 0 0 0 0 0 0 0 0 0 0 0 0 0 0 0 0 0 0 0 0 0 0 0 0 0 0 0 0 0 0 0 0 0 0 0 0 0 0 0 0 0 0 0 0 0 0 0 0 0 0 0 0 0 0 0 0 0 0 0 0 0 0 0 0 0 0 0 0 0 0 0 0 0 0 0 0 0 0 0 0 0 0 0 0 0 0 0 0 0 0 0 0 0 0 0 0 0 0 0 0 0 0 0 0 0 0 0 0 0 0 0 0 0 0 0 0 0 0
0 0 0 0 0 0 0 0 0 0 0 0 0 0 0 0 0 0 0 0 0 0 0 0 0 0 0 0 0 0 0 0 0 0 0 0 0 0 0 0 0 0 0 0 0 0 0 0 0 0 0 0 0 0 0 0 0 0 0 0 0 0 0 0 0 0 0 0 0 0 0 0 0 0 0 0 0 0 0 0 0 0 0 0 0 0 0 0 0 0 0 0 0 0 0 0 0 0 0 0 0 0 0 0 0 0 0 0 0 0 0 0 0 0 0 0 0 0 0 0 0 0 0 0 0 0 0 0 0 0 0 0 0 0 0 0 0 0 0 0 0 0 0 0 0 0 0 0 0 0
0 0 0 0 0 0 0 0 0 0 0 0 0 0 0 0 0 0 0 0 0 0 0 0 0 0 0 0 0 0 0 0 0 0 0 0 0 0 0 0 0 0 0 0 0 0 0 0 0 0 0 0 0 0 0 0 0 0 0 0 0 0 0 0 0 0 0 0 0 0 0 0 0 0 0 0 0 0 0 0 0 0 0 0 0 0 0 0 0 0 0 0 0 0 0 0 0 0 0 0 0 0 0 0 0 0 0 0 0 0 0 0 0 0 0 0 0 0 0 0 0 0 0 0 0 0 0 0 0 0 0 0 0 0 0 0 0 0 0 0 0 0 0 0 0 0 0 0 0 0
0 0 0 0 0 0 0 0 0 0 0 0 0 0 0 0 0 0 0 0 0 0 0 0 0 0 0 0 0 0 0 0 0 0 0 0 0 0 0 0 0 0 0 0 0 0 0 0 0 0 0 0 0 0 0 0 0 0 0 0 0 0 0 0 0 0 0 0 0 0 0 0 0 0 0 0 0 0 0 0 0 0 0 0 0 0 0 0 0 0 0 0 0 0 0 0 0 0 0 0 0 0 0 0 0 0 0 0 0 0 0 0 0 0 0 0 0 0 0 0 0 0 0 0 0 0 0 0 0 0 0 0 0 0 0 0 0 0 0 0 0 0 0 0 0 0 0 0 0 0
0 0 0 0 0 0 0 0 0 0 0 0 0 0 0 0 0 0 0 0 0 0 0 0 0 0 0 0 0 0 0 0 0 0 0 0 0 0 0 0 0 0 0 0 0 0 0 0 0 0 0 0 0 0 0 0 0 0 0 0 0 0 0 0 0 0 0 0 0 0 0 0 0 0 0 0 0 0 0 0 0 0 0 0 0 0 0 0 0 0 0 0 0 0 0 0 0 0 0 0 0 0 0 0 0 0 0 0 0 0 0 0 0 0 0 0 0 0 0 0 0 0 0 0 0 0 0 0 0 0 0 0 0 0 0 0 0 0 0 0 0 0 0 0 0 0 0 0 0 0
0 0 0 0 0 0 0 0 0 0 0 0 0 0 0 0 0 0 0 0 0 0 0 0 0 0 0 0 0 0 0 0 0 0 0 0 0 0 0 0 0 0 0 0 0 0 0 0 0 0 0 0 0 0 0 0 0 0 0 0 0 0 0 0 0 0 0 0 0 0 0 0 0 0 0 0 0 0 0 0 0 0 0 0 0 0 0 0 0 0 0 0 0 0 0 0 0 0 0 0 0 0 0 0 0 0 0 0 0 0 0 0 0 0 0 0 0 0 0 0 0 0 0 0 0 0 0 0 0 0 0 0 0 0 0 0 0 0 0 0 0 0 0 0 0 0 0 0 0 0
0 0 0 0 0 0 0 0 0 0 0 0 0 0 0 0 0 0 0 0 0 0 0 0 0 0 0 0 0 0 0 0 0 0 0 0 0 0 0 0 0 0 0 0 0 0 0 0 0 0 0 0 0 0 0 0 0 0 0 0 0 0 0 0 0 0 0 0 0 0 0 0 0 0 0 0 0 0 0 0 0 0 0 0 0 0 0 0 0 0 0 0 0 0 0 0 0 0 0 0 0 0 0 0 0 0 0 0 0 0 0 0 0 0 0 0 0 0 0 0 0 0 0 0 0 0 0 0 0 0 0 0 0 0 0 0 0 0 0 0 0 0 0 0 0 0 0 0 0 0
0 0 0 0 0 0 0 0 0 0 0 0 0 0 0 0 0 0 0 0 0 0 0 0 0 0 0 0 0 0 0 0 0 0 0 0 0 0 0 0 0 0 0 0 0 0 0 0 0 0 0 0 0 0 0 0 0 0 0 0 0 0 0 0 0 0 0 0 0 0 0 0 0 0 0 0 0 0 0 0 0 0 4.67402e-06 5.79074e-06 6.61181e-06 6.95758e-06 6.74747e-06 6.03071e-06 4.96762e-06 3.77112e-06 2.63842e-06 1.70123e-06 0 0 0 0 0 0 0 0 0 0 0 0 0 0 0 0 0 0 0 0 0 0 0 0 0 0 0 0 0 0 0 0 0 0 0 0 0 0 0 0 0 0 0 0 0 0 0 0 0 0 0 0 0 0 0 0 0 0
0 0 0 0 0 0 0 0 0 0 0 0 0 0 0 0 0 0 0 0 0 0 0 0 0 0 0 0 0 0 0 0 0 0 0 0 0 0 0 0 0 0 0 0 0 0 0 0 0 0 0 0 0 0 0 0 0 0 0 0 0 0 0 0 0 0 0 0 0 0 0 0 0 0 0 0 0 0 0 0 8.28785e-06 1.20889e-05 1.62511e-05 2.01336e-05 2.29885e-05 2.41904e-05 2.34599e-05 2.0968e-05 1.72717e-05 1.31117e-05 9.17342e-06 5.915e-06 3.51497e-06 1.92502e-06 9.71622e-07 0 0 0 0 0 0 0 0 0 0 0 0 0 0 0 0 0 0 0 0 0 0 0 0 0 0 0 0 0 0 0 0 0 0 0 0 0 0 0 0 0 0 0 0 0 0 0 0 0 0 0 0 0 0 0
0 0 0 0 0 0 0 0 0 0 0 0 0 0 0 0 0 0 0 0 0 0 0 0 0 0 0 0 0 0 0 0 0 0 0 0 0 0 0 0 0 0 0 0 0 0 0 0 0 0 0 0 0 0 0 0 0 0 0 0 0 0 0 0 0 0 0 0 0 0 0 0 0 0 0 0 0 0 9.77069e-06 1.67795e-05 2.65569e-05 3.87367e-05 5.20733e-05 6.45147e-05 7.36624e-05 7.75137e-05 7.51731e-05 6.71885e-05 5.53441e-05 4.20143e-05 2.93947e-05 1.89535e-05 1.1263e-05 6.16841e-06 3.11339e-06 1.44824e-06 0 0 0 0 0 0 0 0 0 0 0 0 0 0 0 0 0 0 0 0 0 0 0 0 0 0 0 0 0 0 0 0 0 0 0 0 0 0 0 0 0 0 0 0 0 0 0 0 0 0 0 0 0 0
0 0 0 0 0 0 0 0 0 0 0 0 0 0 0 0 0 0 0 0 0 0 0 0 0 0 0 0 0 0 0 0 0 0 0 0 0 0 0 0 0 0 0 0 0 0 0 0 0 0 0 0 0 0 0 0 0 0 0 0 0 0 0 0 0 0 0 0 0 0 0 0 0 0 0 0 7.6586e-06 1.54848e-05 2.88542e-05 4.95513e-05 7.84256e-05 0.000114395 0.000153781 0.000190518 0.000217534 0.00022891 0.000221997 0.000198416 0.000163439 0.000124073 8.68061e-05 5.59721e-05 3.32614e-05 1.82159e-05 9.19425e-06 4.27687e-06 1.83351e-06 0 0 0 0 0 0 0 0 0 0 0 0 0 0 0 0 0 0 0 0 0 0 0 0 0 0 0 0 0 0 0 0 0 0 0 0 0 0 0 0 0 0 0 0 0 0 0 0 0 0 0 0 0
0 0 0 0 0 0 0 0 0 0 0 0 0 0 0 0 0 0 0 0 0 0 0 0 0 0 0 0 0 0 0 0 0 0 0 0 0 0 0 0 0 0 0 0 0 0 0 0 0 0 0 0 0 0 0 0 0 0 0 0 0 0 0 0 0 0 0 0 0 0 0 0 0 0 0 9.50108e-06 2.08439e-05 4.21438e-05 9.53655e-05 0.000154228 0.000233781 0.000330878 0.000435745 0.000532449 0.000602407 0.000630098 0.000604194 0.000540019 0.000444823 0.000337683 0.000236256 0.000152336 9.05254e-05 4.95776e-05 2.50235e-05 1.16401e-05 4.99014e-06 1.9716e-06 0 0 0 0 0 0 0 0 0 0 0 0 0 0 0 0 0 0 0 0 0 0 0 0 0 0 0 0 0 0 0 0 0 0 0 0 0 0 0 0 0 0 0 0 0 0 0 0 0 0 0 0
0 0 0 0 0 0 0 0 0 0 0 0 0 0 0 0 0 0 0 0 0 0 0 0 0 0 0 0 0 0 0 0 0 0 0 0 0 0 0 0 0 0 0 0 0 0 0 0 0 0 0 0 0 0 0 0 0 0 0 0 0 0 0 0 0 0 0 0 0 0 0 0 0 0 1.03156e-05 4.48124e-05 8.44675e-05 0.000151113 0.000255035 0.000405728 0.000606761 0.000849894 0.0011108 0.00135009 0.00152191 0.00158796 0.00153144 0.00136377 0.00112069 0.000847004 0.000592597 0.000382102 0.000227064 0.000124353 6.27656e-05 2.91967e-05 1.25168e-05 4.94532e-06 0 0 0 0 0 0 0 0 0 0 0 0 0 0 0 0 0 0 0 0 0 0 0 0 0 0 0 0 0 0 0 0 0 0 0 0 0 0 0 0 0 0 0 0 0 0 0 0 0 0 0 0
0 0 0 0 0 0 0 0 0 0 0 0 0 0 0 0 0 0 0 0 0 0 0 0 0 0 0 0 0 0 0 0 0 0 0 0 0 0 0 0 0 0 0 0 0 0 0 0 0 0 0 0 0 0 0 0 0 0 0 0 0 0 0 0 0 0 0 0 0 0 0 0 0 3.20785e-05 6.15107e-05 0.000118783 0.000220017 0.000385659 0.000638128 0.000996816 0.00146711 0.00202862 0.00262543 0.00316831 0.00356044 0.00370283 0.00356332 0.00316878 0.00260169 0.00197093 0.00137713 0.000885725 0.000524898 0.000287466 0.000145094 6.74933e-05 2.89347e-05 1.14319e-05 4.16264e-06 0 0 0 0 0 0 0 0 0 0 0 0 0 0 0 0 0 0 0 0 0 0 0 0 0 0 0 0 0 0 0 0 0 0 0 0 0 0 0 0 0 0 0 0 0 0 0 0 0 0 0
0 0 0 0 0 0 0 0 0 0 0 0 0 0 0 0 0 0 0 0 0 0 0 0 0 0 0 0 0 0 0 0 0 0 0 0 0 0 0 0 0 0 0 0 0 0 0 0 0 0 0 0 0 0 0 0 0 0 0 0 0 0 0 8.19549e-05 9.00377e-05 9.36023e-05 9.20787e-05 8.55535e-05 7.49111e-05 6.16217e-05 4.77566e-05 0 5.19337e-05 8.58286e-05 0.000156349 0.000293955 0.000534607 0.000920547 0.00149503 0.00229066 0.0033116 0.00451855 0.00577796 0.00691032 0.00770373 0.00797591 0.00765233 0.00679174 0.00556934 0.00421595 0.00294451 0.00189667 0.00112472 0.000615498 0.000310733 0.00014379 6.16438e-05 2.43553e-05 8.86843e-06 2.97607e-06 0 0 0 0 0 0 0 0 0 0 0 0 0 0 0 0 0 0 0 0 0 0 0 0 0 0 0 0 0 0 0 0 0 0 0 0 0 0 0 0 0 0 0 0 0 0 0 0 0 0
0 0 0 0 0 0 0 0 0 0 0 0 0 0 0 0 0 0 0 0 0 0 0 0 0 0 0 0 0 0 0 0 0 0 0 0 0 0 0 0 0 0 0 0 0 0 0 0 0 0 0 0 0 0 0 0 0 0 0 0 0.000131841 0.000173577 0.000215028 0.000251523 0.000297861 0.000314644 0.000314865 0.000297618 0.000264813 0.000221035 0.00018892 0.000165662 0.000167333 0.000227296 0.00037266 0.000678775 0.00121196 0.00205346 0.00327718 0.00493752 0.00700749 0.00938121 0.0118262 0.013983 0.0154524 0.0159023 0.0151946 0.0134492 0.0110092 0.00832492 0.00581063 0.0037416 0.002222 0.00121668 0.000613614 0.000285634 0.000122185 4.78206e-05 1.74127e-05 5.84335e-06 0 0 0 0 0 0 0 0 0 0 0 0 0 0 0 0 0 0 0 0 0 0 0 0 0 0 0 0 0 0 0 0 0 0 0 0 0 0 0 0 0 0 0 0 0 0 0 0 0 0
0 0 0 0 0 0 0 0 0 0 0 0 0 0 0 0 0 0 0 0 0 0 0 0 0 0 0 0 0 0 0 0 0 0 0 0 0 0 0 0 0 0 0 0 0 0 0 0 0 0 0 0 0 0 0 0 0 0 0.000176039 0.000263944 0.00037045 0.000516267 0.000646311 0.000765329 0.000860357 0.000918421 0.0009289 0.000886743 0.000795391 0.000682083 0.000561898 0.000476051 0.00046435 0.000563249 0.000854758 0.00147997 0.00257193 0.00429189 0.00674019 0.00994737 0.0138622 0.0182228 0.0225878 0.0263416 0.0288 0.0294079 0.0279467 0.0246461 0.020127 0.0151974 0.0105988 0.00682219 0.004051 0.00221841 0.00112014 0.000520987 0.000223641 8.84849e-05 3.15089e-05 1.05739e-05 0 0 0 0 0 0 0 0 0 0 0 0 0 0 0 0 0 0 0 0 0 0 0 0 0 0 0 0 0 0 0 0 0 0 0 0 0 0 0 0 0 0 0 0 0 0 0 0 0 0
0 0 0 0 0 0 0 0 0 0 0 0 0 0 0 0 0 0 0 0 0 0 0 0 0 0 0 0 0 0 0 0 0 0 0 0 0 0 0 0 0 0 0 0 0 0 0 0 0 0 0 0 0 0 0 0 0.000166465 0.000285925 0.000458043 0.000722129 0.00101834 0.00135256 0.00169947 0.00202773 0.00230162 0.0024829 0.00253699 0.0024439 0.00221902 0.00189568 0.00155075 0.00130001 0.00119934 0.00133586 0.00184988 0.00300371 0.0050887 0.00833612 0.0129137 0.0187848 0.0257029 0.0331553 0.0403609 0.0463166 0.0499936 0.050554 0.0477079 0.0418749 0.034093 0.0256949 0.0179016 0.0115173 0.00683879 0.00374604 0.00189239 0.000881475 0.000378273 0.000149811 5.46913e-05 1.816e-05 5.45373e-06 0 0 0 0 0 0 0 0 0 0 0 0 0 0 0 0 0 0 0 0 0 0 0 0 0 0 0 0 0 0 0 0 0 0 0 0 0 0 0 0 0 0 0 0 0 0 0 0 0
0 0 0 0 0 0 0 0 0 0 0 0 0 0 0 0 0 0 0 0 0 0 0 0 0 0 0 0 0 0 0 0 0 0 0 0 0 0 0 0 0 0 0 0 0 0 0 0 0 0 0 0 0 0 0 0.00021928 0.000402431 0.000722213 0.00115919 0.0017416 0.00245828 0.00327546 0.00413975 0.0049808 0.00571021 0.0062245 0.0064218 0.00623698 0.00569465 0.00489935 0.00401001 0.003266 0.00287426 0.00297288 0.00376462 0.00571619 0.00936136 0.0150926 0.0230575 0.0330877 0.0445804 0.0565097 0.0675608 0.0762361 0.081082 0.0810362 0.0758137 0.0661485 0.0536431 0.0403368 0.0280693 0.0180523 0.0107208 0.00587533 0.00297059 0.00138522 0.000595055 0.000236031 8.6314e-05 2.91009e-05 9.04597e-06 0 0 0 0 0 0 0 0 0 0 0 0 0 0 0 0 0 0 0 0 0 0 0 0 0 0 0 0 0 0 0 0 0 0 0 0 0 0 0 0 0 0 0 0 0 0 0 0 0
0 0 0 0 0 0 0 0 0 0 0 0 0 0 0 0 0 0 0 0 0 0 0 0 0 0 0 0 0 0 0 0 0 0 0 0 0 0 0 0 0 0 0 0 0 0 0 0 0 0 0 0 0 0 0.00025184 0.000491972 0.000941944 0.00161409 0.00258597 0.00388355 0.00548993 0.00734404 0.00934385 0.0113433 0.0131372 0.0144651 0.015059 0.0147628 0.013556 0.0116761 0.00953799 0.00765101 0.00648036 0.00628744 0.00731321 0.0102578 0.0160804 0.0254163 0.0383583 0.0543819 0.0722731 0.0901988 0.106023 0.117609 0.123149 0.121485 0.112531 0.0974888 0.0787044 0.0590236 0.0410207 0.0263729 0.0156701 0.00859707 0.00435291 0.0020333 0.000876129 0.000347883 0.000127547 4.31229e-05 1.34453e-05 0 0 0 0 0 0 0 0 0 0 0 0 0 0 0 0 0 0 0 0 0 0 0 0 0 0 0 0 0 0 0 0 0 0 0 0 0 0 0 0 0 0 0 0 0 0 0 0 0
0 0 0 0 0 0 0 0 0 0 0 0 0 0 0 0 0 0 0 0 0 0 0 0 0 0 0 0 0 0 0 0 0 0 0 0 0 0 0 0 0 0 0 0 0 0 0 0 0 0 0 0 0 0.000254956 0.000525828 0.00106898 0.00195152 0.00333374 0.00533213 0.00800759 0.0113443 0.0152477 0.0195446 0.0239509 0.0280232 0.0311565 0.0327317 0.0322861 0.0298023 0.0257545 0.0210271 0.0166939 0.0137206 0.0126212 0.0135787 0.0174899 0.0259085 0.039861 0.0593347 0.0832338 0.109356 0.134695 0.155974 0.170301 0.175604 0.170916 0.156636 0.134661 0.108171 0.0808959 0.0561632 0.0361193 0.0214853 0.0118076 0.00599287 0.00280742 0.00121354 0.000482932 0.000177716 6.03226e-05 1.88871e-05 0 0 0 0 0 0 0 0 0 0 0 0 0 0 0 0 0 0 0 0 0 0 0 0 0 0 0 0 0 0 0 0 0 0 0 0 0 0 0 0 0 0 0 0 0 0 0 0 0
0 0 0 0 0 0 0 0 0 0 0 0 0 0 0 0 0 0 0 0 0 0 0 0 0 0 0 0 0 0 0 0 0 0 0 0 0 0 0 0 0 0 0 0 0 0 0 0 0 0 0 0 0.000231406 0.000497787 0.00106437 0.00205771 0.00373738 0.00636367 0.010163 0.015269 0.0216924 0.0293194 0.0378889 0.0468897 0.0554207 0.0622079 0.0658518 0.0653667 0.0606388 0.052589 0.0429722 0.0339065 0.0272583 0.0239942 0.0241397 0.0284951 0.0393412 0.0583784 0.0854323 0.118565 0.154265 0.187949 0.214956 0.231534 0.235478 0.226319 0.205272 0.175147 0.140022 0.104466 0.072489 0.0466619 0.0278113 0.0153286 0.00780457 0.00367059 0.00159374 0.000638691 0.000236093 8.02287e-05 2.52519e-05 0 0 0 0 0 0 0 0 0 0 0 0 0 0 0 0 0 0 0 0 0 0 0 0 0 0 0 0 0 0 0 0 0 0 0 0 0 0 0 0 0 0 0 0 0 0 0 0 0
0 0 0 0 0 0 0 0 0 0 0 0 0 0 0 0 0 0 0 0 0 0 0 0 0 0 0 0 0 0 0 0 0 0 0 0 0 0 0 0 0 0 0 0 0 0 0 0 0 0 0 0 0.000424833 0.000943711 0.00191148 0.00366453 0.00661769 0.0112288 0.0179078 0.0269285 0.0383927 0.0522246 0.0680899 0.085125 0.101642 0.115095 0.122735 0.122557 0.114241 0.0994552 0.0814479 0.0640837 0.0507639 0.0431652 0.0410637 0.0446882 0.0568354 0.0802636 0.114754 0.157294 0.202775 0.244844 0.277281 0.295454 0.297155 0.282624 0.254116 0.215462 0.171609 0.127852 0.0887564 0.0572419 0.0342197 0.0189324 0.0096844 0.00457602 0.0019979 0.000805566 0.000299652 0.000103087 3.27552e-05 0 0 0 0 0 0 0 0 0 0 0 0 0 0 0 0 0 0 0 0 0 0 0 0 0 0 0 0 0 0 0 0 0 0 0 0 0 0 0 0 0 0 0 0 0 0 0 0 0
0 0 0 0 0 0 0 0 0 0 0 0 0 0 0 0 0 0 0 0 0 0 0 0 0 0 0 0 0 0 0 0 0 0 0 0 0 0 0 0 0 0 0 0 0 0 0 0 0 0 0 0.000331237 0.000726816 0.00159007 0.00318063 0.00604009 0.0108373 0.0183187 0.0291767 0.0439333 0.0629073 0.0861979 0.113466 0.143357 0.172875 0.197446 0.212028 0.212936 0.199449 0.17438 0.143278 0.112783 0.088579 0.0734931 0.0668936 0.0678506 0.0790629 0.104584 0.144574 0.194873 0.248664 0.297819 0.334656 0.353747 0.352935 0.333192 0.29777 0.251438 0.199872 0.148911 0.103551 0.0669766 0.040196 0.0223428 0.0114892 0.00546179 0.00239953 0.00097379 0.000365297 0.000126552 4.05658e-05 0 0 0 0 0 0 0 0 0 0 0 0 0 0 0 0 0 0 0 0 0 0 0 0 0 0 0 0 0 0 0 0 0 0 0 0 0 0 0 0 0 0 0 0 0 0 0 0 0
0 0 0 0 0 0 0 0 0 0 0 0 0 0 0 0 0 0 0 0 0 0 0 0 0 0 0 0 0 0 0 0 0 0 0 0 0 0 0 0 0 0 0 0 0 0 0 0 0 0 0 0.000532031 0.00120409 0.00248637 0.00490639 0.00921906 0.0164202 0.0276384 0.0439664 0.0663272 0.0954669 0.131902 0.175435 0.224067 0.272898 0.314305 0.339831 0.343236 0.323117 0.283851 0.234306 0.185025 0.144967 0.118493 0.104449 0.100207 0.107459 0.131252 0.172768 0.227056 0.285692 0.339059 0.378354 0.397579 0.394614 0.370927 0.330468 0.278609 0.221479 0.16526 0.115237 0.0748171 0.0450995 0.0251973 0.013031 0.00623351 0.00275737 0.00112731 0.00042652 0.00014922 4.83958e-05 0 0 0 0 0 0 0 0 0 0 0 0 0 0 0 0 0 0 0 0 0 0 0 0 0 0 0 0 0 0 0 0 0 0 0 0 0 0 0 0 0 0 0 0 0 0 0 0 0
0 0 0 0 0 0 0 0 0 0 0 0 0 0 0 0 0 0 0 0 0 0 0 0 0 0 0 0 0 0 0 0 0 0 0 0 0 0 0 0 0 0 0 0 0 0 0 0 0 0 0.000354908 0.000796811 0.00177511 0.00360924 0.00702012 0.0130373 0.0230295 0.038581 0.0613014 0.0927099 0.134276 0.187281 0.251919 0.32539 0.400296 0.464891 0.506109 0.514185 0.486671 0.429873 0.356945 0.283558 0.222874 0.181143 0.156584 0.144545 0.144924 0.162702 0.200305 0.252851 0.310909 0.363938 0.402599 0.420661 0.415984 0.390162 0.34731 0.292924 0.233211 0.174452 0.122054 0.0795655 0.0481902 0.0270627 0.0140786 0.00677918 0.00302082 0.00124587 0.00047561 0.000168331 5.5331e-05 0 0 0 0 0 0 0 0 0 0 0 0 0 0 0 0 0 0 0 0 0 0 0 0 0 0 0 0 0 0 0 0 0 0 0 0 0 0 0 0 0 0 0 0 0 0 0 0 0
0 0 0 0 0 0 0 0 0 0 0 0 0 0 0 0 0 0 0 0 0 0 0 0 0 0 0 0 0 0 0 0 0 0 0 0 0 0 0 0 0 0 0 0 0 0 0 0 0 0 0.000495379 0.00115631 0.00242919 0.00486486 0.00932196 0.0170928 0.0299158 0.0498566 0.0791357 0.120082 0.175237 0.247084 0.336475 0.439795 0.546619 0.640232 0.701946 0.717597 0.683265 0.607383 0.508084 0.40715 0.322701 0.26312 0.225902 0.204393 0.196436 0.205543 0.234211 0.278314 0.328701 0.375033 0.408315 0.422569 0.41565 0.388862 0.345936 0.291967 0.232842 0.174612 0.12256 0.0802077 0.0488051 0.0275591 0.0144229 0.00699555 0.00314357 0.00130933 0.000505933 0.00018151 6.07279e-05 0 0 0 0 0 0 0 0 0 0 0 0 0 0 0 0 0 0 0 0 0 0 0 0 0 0 0 0 0 0 0 0 0 0 0 0 0 0 0 0 0 0 0 0 0 0 0 0 0
0 0 0 0 0 0 0 0 0 0 0 0 0 0 0 0 0 0 0 0 0 0 0 0 0 0 0 0 0 0 0 0 0 0 0 0 0 0 0 0 0 0 0 0 0 0 0 0 0 0 0.00064423 0.00148635 0.00308505 0.00608922 0.0114931 0.0207915 0.0360244 0.0597006 0.0946997 0.144348 0.212614 0.303578 0.419057 0.554656 0.696746 0.823261 0.909347 0.935905 0.897121 0.803402 0.67815 0.549731 0.441576 0.364236 0.314512 0.284142 0.269187 0.270648 0.288778 0.31926 0.354386 0.38583 0.406486 0.411609 0.399353 0.370572 0.328172 0.276381 0.220316 0.165371 0.116324 0.07638 0.0466827 0.0265123 0.0139673 0.00683315 0.00310234 0.0013081 0.000513029 0.000187447 6.41846e-05 0 0 0 0 0 0 0 0 0 0 0 0 0 0 0 0 0 0 0 0 0 0 0 0 0 0 0 0 0 0 0 0 0 0 0 0 0 0 0 0 0 0 0 0 0 0 0 0 0
0 0 0 0 0 0 0 0 0 0 0 0 0 0 0 0 0 0 0 0 0 0 0 0 0 0 0 0 0 0 0 0 0 0 0 0 0 0 0 0 0 0 0 0 0 0 0 0 0 0.000328799 0.000770076 0.00176984 0.00363443 0.00707808 0.0131644 0.0234887 0.0402709 0.066362 0.105289 0.161505 0.240649 0.348662 0.488499 0.655157 0.832034 0.992021 1.10433 1.14488 1.10567 0.998648 0.852139 0.70084 0.573341 0.482202 0.423724 0.388649 0.371586 0.37032 0.381045 0.397314 0.412331 0.420806 0.419378 0.406353 0.381474 0.345725 0.301181 0.250878 0.198625 0.148569 0.104437 0.0687001 0.042159 0.0240868 0.0128032 0.00632043 0.00290707 0.00124502 0.000497522 0.000186153 0 0 0 0 0 0 0 0 0 0 0 0 0 0 0 0 0 0 0 0 0 0 0 0 0 0 0 0 0 0 0 0 0 0 0 0 0 0 0 0 0 0 0 0 0 0 0 0 0 0
0 0 0 0 0 0 0 0 0 0 0 0 0 0 0 0 0 0 0 0 0 0 0 0 0 0 0 0 0 0 0 0 0 0 0 0 0 0 0 0 0 0 0 0 0 0 0 0 0 0.000364528 0.000851064 0.00195165 0.0039716 0.00764349 0.0140237 0.0246937 0.0419106 0.0687419 0.109296 0.169171 0.255711 0.37665 0.536049 0.72852 0.935195 1.12501 1.26231 1.31869 1.28393 1.17094 1.01196 0.847066 0.709196 0.612568 0.553329 0.52172 0.510642 0.513836 0.522764 0.528152 0.523151 0.504783 0.473551 0.432087 0.383716 0.331436 0.277661 0.224459 0.173935 0.128295 0.0895012 0.0587406 0.0361225 0.0207616 0.0111314 0.00555077 0.0025947 0.0011327 0.000463074 0.000178101 0 0 0 0 0 0 0 0 0 0 0 0 0 0 0 0 0 0 0 0 0 0 0 0 0 0 0 0 0 0 0 0 0 0 0 0 0 0 0 0 0 0 0 0 0 0 0 0 0 0
0 0 0 0 0 0 0 0 0 0 0 0 0 0 0 0 0 0 0 0 0 0 0 0 0 0 0 0 0 0 0 0 0 0 0 0 0 0 0 0 0 0 0 0 0 0 0 0 0 0.00037742 0.000924193 0.00199399 0.00402872 0.0076795 0.0139327 0.0242706 0.0408871 0.0669684 0.107118 0.167929 0.258108 0.386679 0.558443 0.767855 0.994927 1.20636 1.36358 1.43524 1.40939 1.29924 1.13955 0.974043 0.838597 0.748536 0.700173 0.683292 0.688107 0.703414 0.716078 0.714516 0.6919 0.646944 0.583059 0.506717 0.425454 0.345995 0.273026 0.209023 0.154805 0.110344 0.0752155 0.0487231 0.0298276 0.0171802 0.00925995 0.00469405 0.00221315 0.000987659 0.000414334 0 0 0 0 0 0 0 0 0 0 0 0 0 0 0 0 0 0 0 0 0 0 0 0 0 0 0 0 0 0 0 0 0 0 0 0 0 0 0 0 0 0 0 0 0 0 0 0 0 0 0
0 0 0 0 0 0 0 0 0 0 0 0 0 0 0 0 0 0 0 0 0 0 0 0 0 0 0 0 0 0 0 0 0 0 0 0 0 0 0 0 0 0 0 0 0 0 0 0 0 0.000358429 0.000879722 0.00189228 0.0038064 0.00721472 0.013012 0.0225739 0.0380367 0.0627081 0.101581 0.161845 0.252738 0.383559 0.559151 0.774078 1.0085 1.22919 1.39722 1.48046 1.46622 1.36756 1.22 1.06866 0.950386 0.880823 0.856517 0.866304 0.896616 0.930973 0.952175 0.947047 0.909153 0.83884 0.741997 0.628405 0.509597 0.396327 0.296431 0.213892 0.149221 0.100701 0.065608 0.0411082 0.0246396 0.0140418 0.00758449 0.00382776 0.00180645 0.000825513 0.00035592 0 0 0 0 0 0 0 0 0 0 0 0 0 0 0 0 0 0 0 0 0 0 0 0 0 0 0 0 0 0 0 0 0 0 0 0 0 0 0 0 0 0 0 0 0 0 0 0 0 0 0
0 0 0 0 0 0 0 0 0 0 0 0 0 0 0 0 0 0 0 0 0 0 0 0 0 0 0 0 0 0 0 0 0 0 0 0 0 0 0 0 0 0 0 0 0 0 0 0 0 0.000317297 0.000782219 0.00168264 0.00338654 0.00643236 0.0116665 0.0204493 0.0350193 0.0589062 0.0973171 0.15734 0.247534 0.376089 0.547003 0.75502 0.981803 1.19661 1.36311 1.45114 1.44866 1.36836 1.24475 1.12163 1.03448 0.998268 1.00946 1.05535 1.11821 1.1767 1.21044 1.20507 1.15459 1.06072 0.931656 0.780463 0.622744 0.47341 0.343507 0.238634 0.159242 0.102348 0.0634466 0.0379394 0.0218424 0.0120708 0.00637407 0.0031364 0.00140892 0.000659689 0 0 0 0 0 0 0 0 0 0 0 0 0 0 0 0 0 0 0 0 0 0 0 0 0 0 0 0 0 0 0 0 0 0 0 0 0 0 0 0 0 0 0 0 0 0 0 0 0 0 0 0
0 0 0 0 0 0 0 0 0 0 0 0 0 0 0 0 0 0 0 0 0 0 0 0 0 0 0 0 0 0 0 0 0 0 0 0 0 0 0 0 0 0 0 0 0 0 0 0 0 0.000267198 0.000664206 0.00143716 0.00292131 0.00564677 0.0104913 0.0189879 0.0336642 0.0583377 0.0981811 0.159478 0.248984 0.37245 0.531928 0.722034 0.926912 1.12049 1.27205 1.35612 1.36307 1.30521 1.21429 1.13004 1.08419 1.08981 1.14286 1.22893 1.32671 1.41136 1.46026 1.4581 1.39882 1.28498 1.1267 0.940239 0.745362 0.561189 0.401972 0.274785 0.179896 0.113101 0.068345 0.0396757 0.0221101 0.0118232 0.00607224 0.00303539 0.00128928 0.000442564 0.000304185 0 0 0 0 0 0 0 0 0 0 0 0 0 0 0 0 0 0 0 0 0 0 0 0 0 0 0 0 0 0 0 0 0 0 0 0 0 0 0 0 0 0 0 0 0 0 0 0 0 0 0
0 0 0 0 0 0 0 0 0 0 0 0 0 0 0 0 0 0 0 0 0 0 0 0 0 0 0 0 0 0 0 0 0 0 0 0 0 0 0 0 0 0 0 0 0 0 0 0 0 0.000224641 0.000566417 0.00124335 0.00259543 0.00516964 0.00998967 0.0188441 0.034598 0.0613073 0.10394 0.16771 0.257083 0.374561 0.519173 0.684605 0.85757 1.01809 1.14335 1.21503 1.22759 1.19307 1.13902 1.0988 1.09829 1.14755 1.24173 1.36511 1.49442 1.60313 1.66749 1.67138 1.60809 1.48024 1.29918 1.08388 0.85787 0.644112 0.459746 0.313188 0.204513 0.128408 0.0775361 0.0449468 0.0249674 0.0133116 0.00688157 0.00358414 0.00170166 0.00100357 0.000708732 0.000478155 0.0003079 0 0 0 0 0 0 0 0 0 0 0 0 0 0 0 0 0 0 0 0 0 0 0 0 0 0 0 0 0 0 0 0 0 0 0 0 0 0 0 0 0 0 0 0 0 0 0 0 0
0 0 0 0 0 0 0 0 0 0 0 0 0 0 0 0 0 0 0 0 0 0 0 0 0 0 0 0 0 0 0 0 0 0 0 0 0 0 0 0 0 0 0 0 0 0 0 0 0 4.19872e-05 0.000474353 0.00117646 0.00249806 0.00511462 0.010176 0.0196768 0.0367124 0.0654623 0.110654 0.176517 0.265445 0.376785 0.506229 0.645726 0.783767 0.906392 0.999546 1.0535 1.06794 1.05494 1.03705 1.03972 1.08175 1.16952 1.29716 1.44872 1.60087 1.72732 1.80444 1.81557 1.75303 1.61877 1.4245 1.19089 0.944131 0.710021 0.507909 0.347293 0.228223 0.144664 0.0884752 0.0520719 0.0295008 0.0162226 0.00891011 0.00519353 0.0031758 0.00221426 0.00156076 0.00107998 0.000710909 0.000442504 0.000258782 0 0 0 0 0 0 0 0 0 0 0 0 0 0 0 0 0 0 0 0 0 0 0 0 0 0 0 0 0 0 0 0 0 0 0 0 0 0 0 0 0 0 0 0 0 0 0
0 0 0 0 0 0 0 0 0 0 0 0 0 0 0 0 0 0 0 0 0 0 0 0 0 0 0 0 0 0 0 0 0 0 0 0 0 0 0 0 0 0 0 0 0 0 0 0 0 0 0.000469546 0.00121489 0.00259358 0.00534317 0.0106806 0.0206835 0.0385061 0.0682839 0.114441 0.180375 0.266946 0.371196 0.486241 0.6024 0.70912 0.797064 0.859864 0.895965 0.910439 0.915645 0.929057 0.968119 1.04441 1.16051 1.30967 1.47666 1.63978 1.77474 1.85919 1.87654 1.81823 1.68517 1.48857 1.24941 0.994862 0.752021 0.541467 0.373454 0.248258 0.159722 0.0995141 0.059984 0.0351566 0.0205023 0.0124438 0.00832931 0.00595769 0.00443233 0.00324125 0.00229273 0.0015366 0.000969585 0.000572763 0.000315355 0.000161383 0 0 0 0 0 0 0 0 0 0 0 0 0 0 0 0 0 0 0 0 0 0 0 0 0 0 0 0 0 0 0 0 0 0 0 0 0 0 0 0 0 0 0 0 0
0 0 0 0 0 0 0 0 0 0 0 0 0 0 0 0 0 0 0 0 0 0 0 0 0 0 0 0 0 0 0 0 0 0 0 0 0 0 0 0 0 0 0 0 0 0 0 0 0 7.65757e-05 0.000578001 0.0013546 0.00284638 0.00577144 0.0113492 0.0216225 0.0396668 0.0693175 0.114545 0.178036 0.259587 0.354942 0.45597 0.55238 0.634549 0.69631 0.736645 0.759954 0.775382 0.795302 0.832788 0.898489 0.998001 1.1306 1.28885 1.45877 1.62129 1.7551 1.84009 1.86068 1.80803 1.68205 1.49277 1.26002 1.01013 0.769842 0.559834 0.390796 0.263573 0.172539 0.109834 0.0682134 0.0419912 0.0266758 0.0184054 0.0138729 0.0108289 0.00842409 0.00633834 0.00456619 0.0031044 0.00198035 0.00117995 0.000654667 0.000337732 0.000161979 0 0 0 0 0 0 0 0 0 0 0 0 0 0 0 0 0 0 0 0 0 0 0 0 0 0 0 0 0 0 0 0 0 0 0 0 0 0 0 0 0 0 0 0
0 0 0 0 0 0 0 0 0 0 0 0 0 0 0 0 0 0 0 0 0 0 0 0 0 0 0 0 0 0 0 0 0 0 0 0 0 0 0 0 0 0 0 0 0 0 0 0 7.22157e-05 0.000286839 0.000628448 0.00167015 0.00339589 0.00666043 0.0127359 0.0234904 0.0418034 0.0711521 0.114876 0.174847 0.249993 0.335404 0.42276 0.502361 0.566129 0.610446 0.637561 0.655076 0.673857 0.705362 0.759148 0.841178 0.9531 1.09191 1.2497 1.41378 1.56767 1.69312 1.77286 1.79304 1.74553 1.62968 1.45397 1.23595 0.999622 0.769914 0.566743 0.401068 0.274656 0.183027 0.11931 0.0769888 0.0507811 0.0359591 0.0279297 0.0229378 0.0188978 0.0151716 0.0116861 0.0085261 0.00586284 0.00377505 0.00226881 0.00127062 0.000663001 0.000322689 0.000146797 0 0 0 0 0 0 0 0 0 0 0 0 0 0 0 0 0 0 0 0 0 0 0 0 0 0 0 0 0 0 0 0 0 0 0 0 0 0 0 0 0 0 0
0 0 0 0 0 0 0 0 0 0 0 0 0 0 0 0 0 0 0 0 0 0 0 0 0 0 0 0 0 0 0 0 0 0 0 0 0 0 0 0 0 0 0 0 0 0 0 0 0.000133272 0.000480371 0.00103145 0.00224567 0.00450022 0.00863611 0.0157829 0.0279793 0.0479317 0.0787447 0.123052 0.181712 0.252566 0.329981 0.405633 0.470935 0.519889 0.55153 0.570562 0.586081 0.60884 0.648426 0.711495 0.801177 0.917084 1.05514 1.20736 1.36196 1.50431 1.61865 1.6903 1.70769 1.66403 1.55874 1.39868 1.19861 0.979297 0.76314 0.568928 0.407959 0.283322 0.192114 0.12876 0.08754 0.0631878 0.0500863 0.0426632 0.0370643 0.0315953 0.0258909 0.0202428 0.014945 0.0103747 0.0067426 0.00409533 0.00232403 0.00123348 0.000613505 0.000286622 0.000126018 0 0 0 0 0 0 0 0 0 0 0 0 0 0 0 0 0 0 0 0 0 0 0 0 0 0 0 0 0 0 0 0 0 0 0 0 0 0 0 0 0 0
0 0 0 0 0 0 0 0 0 0 0 0 0 0 0 0 0 0 0 0 0 0 0 0 0 0 0 0 0 0 0 0 0 0 0 0 0 0 0 0 0 0 0 0 0 0 0 0.000101572 0.00022783 0.000751613 0.00158927 0.00318418 0.00647862 0.0118919 0.0210667 0.0361328 0.0598841 0.0952698 0.144371 0.206968 0.279443 0.354757 0.423869 0.478652 0.514901 0.534286 0.544146 0.555213 0.578157 0.620824 0.68733 0.778706 0.89347 1.0273 1.17249 1.31791 1.44995 1.55439 1.61859 1.63308 1.59266 1.49694 1.35141 1.16796 0.964086 0.759744 0.572814 0.415283 0.291909 0.20159 0.140088 0.10215 0.0816038 0.0711526 0.0644788 0.0580075 0.0505084 0.042032 0.0331893 0.0247202 0.0172932 0.0113661 0.00700539 0.00405205 0.00220293 0.00112748 0.000543792 0.000247099 0.00010561 0 0 0 0 0 0 0 0 0 0 0 0 0 0 0 0 0 0 0 0 0 0 0 0 0 0 0 0 0 0 0 0 0 0 0 0 0 0 0 0 0
0 0 0 0 0 0 0 0 0 0 0 0 0 0 0 0 0 0 0 0 0 0 0 0 0 0 0 0 0 0 0 0 0 0 0 0 0 0 0 0 0 0 0 0 0 0 6.63232e-05 0.000160357 0.000492554 0.001096 0.00229384 0.00478348 0.0090518 0.0163391 0.0283075 0.0473976 0.0766476 0.119111 0.176571 0.247936 0.328105 0.408218 0.477769 0.527973 0.555217 0.562808 0.560382 0.561014 0.576973 0.616127 0.680996 0.770532 0.881925 1.01061 1.14919 1.28699 1.41099 1.50796 1.56672 1.57951 1.54237 1.45498 1.32142 1.15108 0.95877 0.762612 0.580127 0.424372 0.301979 0.213689 0.156392 0.124352 0.109244 0.101922 0.0958713 0.0879604 0.0774821 0.0649781 0.0516443 0.0387692 0.0274471 0.0182789 0.0114971 0.00682117 0.00381931 0.00201763 0.00100415 0.000469648 0.000205791 0 0 0 0 0 0 0 0 0 0 0 0 0 0 0 0 0 0 0 0 0 0 0 0 0 0 0 0 0 0 0 0 0 0 0 0 0 0 0 0 0
0 0 0 0 0 0 0 0 0 0 0 0 0 0 0 0 0 0 0 0 0 0 0 0 0 0 0 0 0 0 0 0 0 0 0 0 0 0 0 0 0 0 0 0 0 0 9.65588e-05 0.000233463 0.000675294 0.00148847 0.0033307 0.00653184 0.0121421 0.0215918 0.0367627 0.0603854 0.0957505 0.146087 0.213042 0.294925 0.385484 0.474323 0.549431 0.600955 0.624859 0.62457 0.610413 0.597026 0.599389 0.628079 0.686357 0.771634 0.879044 1.00283 1.13535 1.26612 1.38263 1.47262 1.52632 1.53744 1.50288 1.42218 1.29805 1.13785 0.954384 0.764569 0.585969 0.432814 0.313582 0.230726 0.181532 0.158316 0.149801 0.145749 0.139845 0.129468 0.114523 0.0963491 0.0769461 0.0582682 0.0418321 0.0284654 0.018354 0.0111812 0.00645094 0.0035068 0.00179019 0.000855222 0.000381108 0.000157987 0 0 0 0 0 0 0 0 0 0 0 0 0 0 0 0 0 0 0 0 0 0 0 0 0 0 0 0 0 0 0 0 0 0 0 0 0 0 0 0
0 0 0 0 0 0 0 0 0 0 0 0 0 0 0 0 0 0 0 0 0 0 0 0 0 0 0 0 0 0 0 0 0 0 0 0 0 0 0 0 0 0 0 0 0 4.96172e-05 0.000129593 0.000313372 0.000861572 0.00208967 0.00431907 0.00840616 0.0154788 0.0271256 0.0455755 0.0736457 0.114813 0.17236 0.247842 0.339205 0.439534 0.53757 0.620415 0.677463 0.703796 0.701767 0.680459 0.654147 0.639786 0.652397 0.699051 0.7774 0.880152 0.999072 1.12518 1.24773 1.35477 1.43532 1.4813 1.48807 1.45347 1.37694 1.26021 1.10908 0.934785 0.753274 0.582064 0.436374 0.326249 0.255261 0.21953 0.207953 0.207 0.206174 0.199556 0.185136 0.163751 0.137933 0.110726 0.0847817 0.0619371 0.043121 0.0285381 0.0178887 0.010547 0.00585767 0.00304287 0.00147356 0.000663469 0.000277178 0 0 0 0 0 0 0 0 0 0 0 0 0 0 0 0 0 0 0 0 0 0 0 0 0 0 0 0 0 0 0 0 0 0 0 0 0 0 0 0
0 0 0 0 0 0 0 0 0 0 0 0 0 0 0 0 0 0 0 0 0 0 0 0 0 0 0 0 0 0 0 0 0 0 0 0 0 0 0 0 0 0 0 0 0 6.13749e-05 0.000160333 0.000387803 0.00102233 0.00256272 0.00527552 0.0102151 0.0186859 0.0324708 0.0539067 0.0860009 0.132171 0.195625 0.277773 0.376377 0.484342 0.590324 0.681372 0.746604 0.780151 0.782388 0.75976 0.724507 0.694054 0.687623 0.718129 0.785989 0.882136 0.994977 1.11309 1.22486 1.31887 1.3857 1.41937 1.41724 1.37846 1.30293 1.19196 1.05032 0.887976 0.719768 0.562846 0.432979 0.341148 0.290422 0.273539 0.276048 0.283615 0.285948 0.27748 0.257088 0.227071 0.191584 0.154877 0.120183 0.0894637 0.063661 0.043073 0.0275482 0.0165636 0.00928577 0.0048747 0.00237942 0.00107771 0.000452256 0.000175633 0 0 0 0 0 0 0 0 0 0 0 0 0 0 0 0 0 0 0 0 0 0 0 0 0 0 0 0 0 0 0 0 0 0 0 0 0 0 0
0 0 0 0 0 0 0 0 0 0 0 0 0 0 0 0 0 0 0 0 0 0 0 0 0 0 0 0 0 0 0 0 0 0 0 0 0 0 0 0 0 0 0 0 0 6.99809e-05 0.000182883 0.000442562 0.00134676 0.00295586 0.00607798 0.0117468 0.0214254 0.0370701 0.0611606 0.0967324 0.147182 0.215481 0.302812 0.406807 0.520537 0.633135 0.732274 0.807234 0.851172 0.862042 0.842991 0.803468 0.760183 0.735021 0.746591 0.799932 0.885963 0.989911 1.09731 1.19521 1.27264 1.32184 1.33909 1.32386 1.27698 1.19939 1.09271 0.961294 0.814118 0.664932 0.530272 0.425953 0.362402 0.33934 0.3451 0.363568 0.380532 0.385799 0.374222 0.345964 0.305353 0.258491 0.210799 0.165852 0.125543 0.0908695 0.062427 0.0404286 0.0245442 0.0139106 0.00730082 0.00357879 0.00162619 0.000684131 0.000266217 0 0 0 0 0 0 0 0 0 0 0 0 0 0 0 0 0 0 0 0 0 0 0 0 0 0 0 0 0 0 0 0 0 0 0 0 0 0 0
0 0 0 0 0 0 0 0 0 0 0 0 0 0 0 0 0 0 0 0 0 0 0 0 0 0 0 0 0 0 0 0 0 0 0 0 0 0 0 0 0 0 0 0 0 7.35751e-05 0.000192402 0.000466 0.00145866 0.00320918 0.00661465 0.0128136 0.0234197 0.040584 0.0669849 0.105801 0.160388 0.2335 0.325932 0.434996 0.55388 0.672397 0.77919 0.864059 0.919392 0.940856 0.928457 0.888886 0.837497 0.797043 0.789805 0.825586 0.897217 0.988184 1.08136 1.16249 1.22106 1.25096 1.2504 1.22065 1.16402 1.08265 0.978993 0.85766 0.727283 0.601044 0.495055 0.424324 0.395961 0.404116 0.434021 0.469441 0.496136 0.503712 0.487628 0.449892 0.39728 0.337865 0.278004 0.221309 0.169572 0.124052 0.085937 0.0559905 0.034135 0.0194022 0.0102548 0.00499624 0.00227379 0.000957798 0.000373126 0 0 0 0 0 0 0 0 0 0 0 0 0 0 0 0 0 0 0 0 0 0 0 0 0 0 0 0 0 0 0 0 0 0 0 0 0 0 0
0 0 0 0 0 0 0 0 0 0 0 0 0 0 0 0 0 0 0 0 0 0 0 0 0 0 0 0 0 0 0 0 0 0 0 0 0 0 0 0 0 0 0 0 0 7.13674e-05 0.000186846 0.000453325 0.00148448 0.00328557 0.00681858 0.013313 0.0245558 0.0429574 0.0715772 0.113956 0.173621 0.253086 0.352459 0.468238 0.59311 0.717202 0.830192 0.922921 0.987832 1.01917 1.0146 0.978398 0.924207 0.874134 0.851577 0.869495 0.923458 0.997198 1.07247 1.13458 1.17393 1.18595 1.17021 1.1288 1.06453 0.980172 0.878951 0.766329 0.651655 0.548727 0.473739 0.439382 0.446896 0.485383 0.538873 0.590933 0.62652 0.634891 0.612596 0.563998 0.498477 0.425839 0.352928 0.283183 0.218442 0.160549 0.111518 0.0727453 0.0443641 0.0252132 0.0133226 0.00646216 0.0029423 0.00123999 0.000483306 0 0 0 0 0 0 0 0 0 0 0 0 0 0 0 0 0 0 0 0 0 0 0 0 0 0 0 0 0 0 0 0 0 0 0 0 0 0 0
0 0 0 0 0 0 0 0 0 0 0 0 0 0 0 0 0 0 0 0 0 0 0 0 0 0 0 0 0 0 0 0 0 0 0 0 0 0 0 0 0 0 0 0 2.25661e-05 6.39282e-05 0.000167811 0.000582428 0.00142398 0.0031861 0.00669949 0.0132878 0.0249608 0.0445469 0.0757245 0.122716 0.189464 0.278239 0.388052 0.513696 0.646279 0.775346 0.891411 0.987145 1.05663 1.09444 1.097 1.06658 1.01464 0.961431 0.929516 0.932708 0.96872 1.02283 1.07769 1.11989 1.14167 1.14012 1.11544 1.0692 1.00319 0.919397 0.821167 0.715054 0.612321 0.528818 0.481273 0.478935 0.51737 0.582578 0.657498 0.724209 0.766203 0.772653 0.741856 0.680957 0.601833 0.515558 0.428994 0.34537 0.266822 0.19604 0.135937 0.0884618 0.0538092 0.0305064 0.0160855 0.00787493 0.0035216 0.00148395 0.0005784 0 0 0 0 0 0 0 0 0 0 0 0 0 0 0 0 0 0 0 0 0 0 0 0 0 0 0 0 0 0 0 0 0 0 0 0 0 0 0
0 0 0 0 0 0 0 0 0 0 0 0 0 0 0 0 0 0 0 0 0 0 0 0 0 0 0 0 0 0 0 0 0 0 0 0 0 0 0 0 0 0 0 0 1.86697e-05 5.30694e-05 0.000139991 0.000526816 0.00129698 0.00295573 0.00635492 0.0129384 0.0250209 0.0460073 0.0804233 0.133412 0.209491 0.310654 0.43444 0.573145 0.715122 0.84816 0.963084 1.0551 1.12185 1.16047 1.1677 1.14402 1.09811 1.04747 1.0126 1.00661 1.02804 1.06395 1.09931 1.12359 1.13198 1.12343 1.09807 1.05562 0.995147 0.916342 0.821787 0.71924 0.622813 0.551476 0.523014 0.544062 0.606509 0.693941 0.786852 0.86454 0.908881 0.909596 0.867395 0.792496 0.699006 0.598697 0.49819 0.400571 0.308519 0.225653 0.155649 0.100742 0.0609672 0.0344084 0.0180727 0.00881954 0.00389853 0.00164162 0.000639573 0.000230374 0 0 0 0 0 0 0 0 0 0 0 0 0 0 0 0 0 0 0 0 0 0 0 0 0 0 0 0 0 0 0 0 0 0 0 0 0 0
0 0 0 0 0 0 0 0 0 0 0 0 0 0 0 0 0 0 0 0 0 0 0 0 0 0 0 0 0 0 0 0 0 0 0 0 0 0 0 0 0 0 0 0 1.43525e-05 4.10896e-05 0.000109467 0.000454067 0.00113907 0.0026725 0.00594154 0.0125423 0.0251518 0.0478182 0.0859682 0.145687 0.232072 0.34681 0.485877 0.638796 0.790608 0.926451 1.03667 1.119 1.17583 1.20886 1.2168 1.19884 1.16053 1.11597 1.08307 1.07361 1.08628 1.10964 1.13133 1.14439 1.14727 1.14057 1.12362 1.09308 1.04396 0.972645 0.880635 0.777381 0.680661 0.613297 0.594841 0.630888 0.711014 0.815858 0.922142 1.00586 1.04761 1.03831 0.981663 0.891022 0.78233 0.667677 0.553323 0.442425 0.338332 0.245449 0.167875 0.107767 0.0647264 0.036285 0.0189477 0.00920102 0.0041488 0.00167941 0.000653692 0.000235303 0 0 0 0 0 0 0 0 0 0 0 0 0 0 0 0 0 0 0 0 0 0 0 0 0 0 0 0 0 0 0 0 0 0 0 0 0 0
0 0 0 0 0 0 0 0 0 0 0 0 0 0 0 0 0 0 0 0 0 0 0 0 0 0 0 0 0 0 0 0 0 0 0 0 0 0 0 0 0 0 0 0 0 3.0129e-05 8.1886e-05 0.000382152 0.000990242 0.00241723 0.00559749 0.0122836 0.0254751 0.0497733 0.0913289 0.15696 0.252181 0.378395 0.530275 0.695009 0.854692 0.991838 1.09572 1.16571 1.2085 1.23102 1.23523 1.22007 1.18825 1.15045 1.12195 1.1133 1.12336 1.14222 1.16013 1.17317 1.18228 1.1887 1.18983 1.17831 1.14434 1.08073 0.988361 0.879287 0.775857 0.705307 0.689473 0.733726 0.82563 0.942302 1.05626 1.14036 1.17446 1.15134 1.07788 0.970317 0.846027 0.717137 0.5897 0.467137 0.353447 0.253521 0.171427 0.108846 0.0647126 0.0359452 0.0186187 0.00897791 0.00402395 0.0015901 0.000618005 0.000222197 0 0 0 0 0 0 0 0 0 0 0 0 0 0 0 0 0 0 0 0 0 0 0 0 0 0 0 0 0 0 0 0 0 0 0 0 0 0
0 0 0 0 0 0 0 0 0 0 0 0 0 0 0 0 0 0 0 0 0 0 0 0 0 0 0 0 0 0 0 0 0 0 0 0 0 0 0 0 0 0 0 0 0 2.16564e-05 6.0879e-05 0.000325287 0.000874599 0.00223471 0.00536593 0.0121284 0.025722 0.0510573 0.0946643 0.163703 0.263821 0.396164 0.55463 0.725076 0.887932 1.02406 1.12171 1.18057 1.20979 1.22033 1.21758 1.20148 1.1731 1.14038 1.11638 1.11075 1.12308 1.14538 1.17031 1.19603 1.22442 1.25577 1.28441 1.29816 1.28216 1.22605 1.13088 1.01216 0.897399 0.818472 0.799601 0.846106 0.943583 1.06557 1.18066 1.25922 1.28117 1.24145 1.15002 1.02549 0.886148 0.744099 0.605359 0.473723 0.353677 0.250177 0.16682 0.104497 0.0613371 0.0336701 0.0172545 0.00824105 0.00366282 0.00139536 0.000541125 0 0 0 0 0 0 0 0 0 0 0 0 0 0 0 0 0 0 0 0 0 0 0 0 0 0 0 0 0 0 0 0 0 0 0 0 0 0 0
0 0 0 0 0 0 0 0 0 0 0 0 0 0 0 0 0 0 0 0 0 0 0 0 0 0 0 0 0 0 0 0 0 0 0 0 0 0 0 0 0 0 0 0 0 1.60831e-05 4.70032e-05 0.000289688 0.000806897 0.00211789 0.00519403 0.0119115 0.0254923 0.0508532 0.094477 0.16339 0.263017 0.394253 0.55082 0.718542 0.877909 1.0097 1.10176 1.1532 1.17326 1.17432 1.16418 1.14451 1.11635 1.08618 1.06545 1.0634 1.08088 1.11226 1.15243 1.20066 1.25829 1.32334 1.38618 1.42951 1.43371 1.38598 1.28817 1.15944 1.03223 0.942562 0.91681 0.96044 1.05734 1.17787 1.28745 1.35494 1.36102 1.30308 1.19371 1.05322 0.900439 0.747442 0.600328 0.463209 0.340668 0.237254 0.155739 0.0960563 0.0555426 0.0300569 0.0151986 0.00717044 0.0031516 0.00113743 0.000439733 0 0 0 0 0 0 0 0 0 0 0 0 0 0 0 0 0 0 0 0 0 0 0 0 0 0 0 0 0 0 0 0 0 0 0 0 0 0 0
0 0 0 0 0 0 0 0 0 0 0 0 0 0 0 0 0 0 0 0 0 0 0 0 0 0 0 0 0 0 0 0 0 0 0 0 0 0 0 0 0 0 0 0 0 1.29654e-05 3.8781e-05 0.000271934 0.000768779 0.00202997 0.00500984 0.0114981 0.0245748 0.0488693 0.0904184 0.155667 0.249476 0.372467 0.518698 0.675145 0.823975 0.94751 1.03413 1.08215 1.09904 1.09602 1.08139 1.0584 1.0292 1.00007 0.981546 0.982801 1.00629 1.04894 1.1076 1.18192 1.27197 1.373 1.4713 1.54484 1.57018 1.53287 1.43571 1.3008 1.16416 1.06472 1.03051 1.06755 1.15877 1.27214 1.3708 1.42302 1.41084 1.33406 1.2075 1.05265 0.888691 0.727751 0.576052 0.437714 0.316859 0.217141 0.14023 0.0850853 0.0484041 0.0257777 0.0128338 0.00596567 0.0025858 0.000864153 0.000332683 0 0 0 0 0 0 0 0 0 0 0 0 0 0 0 0 0 0 0 0 0 0 0 0 0 0 0 0 0 0 0 0 0 0 0 0 0 0 0
0 0 0 0 0 0 0 0 0 0 0 0 0 0 0 0 0 0 0 0 0 0 0 0 0 0 0 0 0 0 0 0 0 0 0 0 0 0 0 0 0 0 0 0 0 1.1399e-05 3.39398e-05 0.000265586 0.000746347 0.00195614 0.00478305 0.0108797 0.0230408 0.045406 0.0832793 0.142211 0.226254 0.335719 0.465337 0.603945 0.736482 0.848046 0.928542 0.975701 0.994584 0.99366 0.979959 0.957321 0.929135 0.902041 0.8861 0.89052 0.919341 0.971898 1.04667 1.14343 1.26106 1.39253 1.52087 1.6206 1.66584 1.64121 1.55006 1.41586 1.27602 1.17054 1.12842 1.15677 1.23877 1.34115 1.42574 1.46086 1.43012 1.33547 1.19336 1.02618 0.85349 0.687781 0.535431 0.400141 0.28497 0.192183 0.122148 0.0729305 0.0408174 0.0213805 0.0104691 0.00478677 0.00204153 0.000614714 0.000235352 0 0 0 0 0 0 0 0 0 0 0 0 0 0 0 0 0 0 0 0 0 0 0 0 0 0 0 0 0 0 0 0 0 0 0 0 0 0 0
0 0 0 0 0 0 0 0 0 0 0 0 0 0 0 0 0 0 0 0 0 0 0 0 0 0 0 0 0 0 0 0 0 0 0 0 0 0 0 0 0 0 0 0 0 0 3.08e-05 0.000265916 0.000732815 0.00188509 0.00452375 0.0101295 0.0211312 0.0410765 0.0744017 0.125636 0.197925 0.291273 0.401177 0.518577 0.631569 0.728568 0.801695 0.848759 0.872748 0.879072 0.872512 0.856409 0.834522 0.813468 0.802535 0.81068 0.843217 0.901552 0.985591 1.09538 1.22927 1.37905 1.52616 1.64364 1.70478 1.69394 1.61419 1.48835 1.35276 1.24639 1.19825 1.21692 1.28717 1.37623 1.44585 1.46491 1.41825 1.30916 1.155 0.978569 0.80005 0.632616 0.48301 0.354276 0.247964 0.164553 0.102999 0.0605764 0.0333885 0.0172155 0.00829276 0.00372843 0.00156318 0.000411705 0 0 0 0 0 0 0 0 0 0 0 0 0 0 0 0 0 0 0 0 0 0 0 0 0 0 0 0 0 0 0 0 0 0 0 0 0 0 0 0
0 0 0 0 0 0 0 0 0 0 0 0 0 0 0 0 0 0 0 0 0 0 0 0 0 0 0 0 0 0 0 0 0 0 0 0 0 0 0 0 0 0 0 0 0 0 2.8352e-05 0.000269771 0.000724931 0.00181922 0.00426391 0.00933386 0.0190976 0.0364602 0.0649997 0.108249 0.168509 0.245526 0.335563 0.431539 0.524532 0.606206 0.671148 0.71794 0.748388 0.765531 0.771906 0.769506 0.761225 0.752301 0.750245 0.763077 0.797028 0.855469 0.939761 1.05054 1.18624 1.33872 1.48975 1.61323 1.68341 1.68491 1.61981 1.50837 1.38365 1.28157 1.22977 1.23813 1.29439 1.36841 1.4236 1.42992 1.3729 1.25592 1.09591 0.915421 0.735042 0.568984 0.424676 0.304712 0.209073 0.136346 0.0840338 0.0487207 0.026482 0.0134613 0.00638832 0.00282721 0.00116581 0.000261027 0 0 0 0 0 0 0 0 0 0 0 0 0 0 0 0 0 0 0 0 0 0 0 0 0 0 0 0 0 0 0 0 0 0 0 0 0 0 0 0
0 0 0 0 0 0 0 0 0 0 0 0 0 0 0 0 0 0 0 0 0 0 0 0 0 0 0 0 0 0 0 0 0 0 0 0 0 0 0 0 0 0 0 0 0 0 0 6.68027e-05 0.00071641 0.00175298 0.00400473 0.00854946 0.0170786 0.0319183 0.0558307 0.0914548 0.140409 0.202308 0.27418 0.350706 0.425535 0.493175 0.550568 0.597476 0.635482 0.666328 0.690834 0.709146 0.721824 0.731029 0.741272 0.759099 0.791549 0.844087 0.919845 1.02018 1.14381 1.28343 1.42283 1.53893 1.60871 1.61789 1.56709 1.47294 1.36356 1.27001 1.21697 1.21479 1.2551 1.31263 1.35452 1.35262 1.29256 1.17641 1.01913 0.841834 0.664954 0.503698 0.366565 0.256229 0.171575 0.109555 0.0663359 0.0378852 0.0203166 0.0101948 0.0047751 0.00208414 0.00084673 0.000157289 0 0 0 0 0 0 0 0 0 0 0 0 0 0 0 0 0 0 0 0 0 0 0 0 0 0 0 0 0 0 0 0 0 0 0 0 0 0 0 0
0 0 0 0 0 0 0 0 0 0 0 0 0 0 0 0 0 0 0 0 0 0 0 0 0 0 0 0 0 0 0 0 0 0 0 0 0 0 0 0 0 0 0 0 0 0 0 0 0.000696058 0.00166743 0.00372171 0.00775285 0.0151098 0.0275749 0.0472081 0.0758721 0.114663 0.163217 0.219374 0.279468 0.33939 0.396042 0.448417 0.497588 0.545531 0.593488 0.640883 0.685368 0.723837 0.754329 0.778009 0.800005 0.8281 0.869805 0.930155 1.01128 1.11204 1.22611 1.34032 1.43612 1.49479 1.50418 1.46386 1.3865 1.29433 1.21223 1.16028 1.14823 1.17174 1.21209 1.24205 1.23629 1.18026 1.07357 0.92787 0.761648 0.594337 0.441702 0.31339 0.21272 0.138236 0.0858786 0.0508077 0.0284764 0.0150388 0.00744815 0.0034465 0.00148619 0.000596211 0 0 0 0 0 0 0 0 0 0 0 0 0 0 0 0 0 0 0 0 0 0 0 0 0 0 0 0 0 0 0 0 0 0 0 0 0 0 0 0 0
0 0 0 0 0 0 0 0 0 0 0 0 0 0 0 0 0 0 0 0 0 0 0 0 0 0 0 0 0 0 0 0 0 0 0 0 0 0 0 0 0 0 0 0 0 0 0 0 0.000652412 0.00153915 0.00337392 0.00688532 0.0131304 0.0234141 0.0392045 0.0617302 0.0916961 0.128886 0.172017 0.219062 0.267987 0.317831 0.369359 0.424793 0.4865 0.555176 0.628473 0.700902 0.765444 0.816418 0.852394 0.877453 0.899753 0.92817 0.969192 1.02569 1.09666 1.1768 1.2562 1.3215 1.35935 1.36079 1.32523 1.26171 1.18635 1.11706 1.06834 1.0482 1.05581 1.07946 1.09871 1.09194 1.04453 0.95316 0.825532 0.676758 0.524502 0.384402 0.266843 0.175957 0.11057 0.066371 0.0380493 0.0207693 0.0107421 0.00523369 0.00238975 0.00101855 0.000384771 0 0 0 0 0 0 0 0 0 0 0 0 0 0 0 0 0 0 0 0 0 0 0 0 0 0 0 0 0 0 0 0 0 0 0 0 0 0 0 0 0
0 0 0 0 0 0 0 0 0 0 0 0 0 0 0 0 0 0 0 0 0 0 0 0 0 0 0 0 0 0 0 0 0 0 0 0 0 0 0 0 0 0 0 0 0 0 0 0 0 0.00135552 0.00293474 0.00589912 0.0110674 0.0193815 0.0318089 0.0491282 0.0717976 0.0998312 0.132854 0.170419 0.212522 0.260167 0.315583 0.381664 0.460496 0.551486 0.65004 0.747771 0.834732 0.902858 0.949167 0.976945 0.994113 1.00976 1.03089 1.06075 1.09879 1.14109 1.18105 1.2105 1.22153 1.20903 1.17306 1.11965 1.05911 1.00235 0.958107 0.932059 0.925779 0.933827 0.942703 0.935071 0.896835 0.822218 0.71516 0.587288 0.453978 0.329891 0.225412 0.145127 0.0883562 0.0511022 0.0281815 0.0148378 0.00744384 0.00354134 0.00158801 0.000667418 0.000253825 0 0 0 0 0 0 0 0 0 0 0 0 0 0 0 0 0 0 0 0 0 0 0 0 0 0 0 0 0 0 0 0 0 0 0 0 0 0 0 0 0
0 0 0 0 0 0 0 0 0 0 0 0 0 0 0 0 0 0 0 0 0 0 0 0 0 0 0 0 0 0 0 0 0 0 0 0 0 0 0 0 0 0 0 0 0 0 0 0 0 0 0.00241479 0.00480501 0.00892801 0.0154784 0.0250562 0.0381964 0.0552648 0.0765717 0.102623 0.134406 0.173688 0.2231 0.285861 0.364892 0.461303 0.572766 0.69258 0.810351 0.914507 0.99591 1.05083 1.08186 1.0961 1.10179 1.10532 1.10983 1.11553 1.12052 1.12179 1.11596 1.10001 1.07233 1.03374 0.987716 0.939203 0.892854 0.852411 0.821374 0.802656 0.79553 0.792612 0.781196 0.748653 0.687934 0.600089 0.493595 0.381148 0.275592 0.186403 0.118017 0.0701093 0.0392454 0.0208085 0.0105019 0.00505925 0.00232495 0.00101445 0.00041101 0 0 0 0 0 0 0 0 0 0 0 0 0 0 0 0 0 0 0 0 0 0 0 0 0 0 0 0 0 0 0 0 0 0 0 0 0 0 0 0 0 0
0 0 0 0 0 0 0 0 0 0 0 0 0 0 0 0 0 0 0 0 0 0 0 0 0 0 0 0 0 0 0 0 0 0 0 0 0 0 0 0 0 0 0 0 0 0 0 0 0 0 0.00185199 0.00367874 0.00681961 0.0118531 0.0191207 0.0291475 0.0423594 0.0594325 0.0815794 0.110811 0.150113 0.203222 0.27392 0.36489 0.476143 0.6037 0.739187 0.871023 0.987082 1.07813 1.14026 1.17541 1.18942 1.18894 1.17906 1.16248 1.14028 1.11312 1.08181 1.04732 1.0106 0.972429 0.933506 0.894325 0.854898 0.814961 0.774943 0.737176 0.705405 0.681909 0.664038 0.643655 0.610722 0.558319 0.485763 0.398786 0.307148 0.221133 0.148518 0.0930005 0.0543383 0.0297028 0.0152495 0.0073978 0.00340838 0.00149906 0.000623853 0.0002487 0 0 0 0 0 0 0 0 0 0 0 0 0 0 0 0 0 0 0 0 0 0 0 0 0 0 0 0 0 0 0 0 0 0 0 0 0 0 0 0 0 0
0 0 0 0 0 0 0 0 0 0 0 0 0 0 0 0 0 0 0 0 0 0 0 0 0 0 0 0 0 0 0 0 0 0 0 0 0 0 0 0 0 0 0 0 0 0 0 0 0 0 0 0.00261918 0.0048916 0.00875027 0.0143086 0.0222302 0.0331908 0.0481287 0.0686383 0.097172 0.137325 0.19354 0.270108 0.369538 0.49091 0.628843 0.773746 0.913511 1.03631 1.13345 1.20125 1.24095 1.25691 1.25399 1.23584 1.20477 1.16294 1.11351 1.06088 1.00983 0.964179 0.92552 0.892604 0.861763 0.828457 0.789341 0.743959 0.695109 0.647578 0.60536 0.568881 0.533983 0.49394 0.443256 0.380606 0.309469 0.236545 0.16914 0.112775 0.0700189 0.0404481 0.0217638 0.0109279 0.00514337 0.00227225 0.000953858 0.000382001 0 0 0 0 0 0 0 0 0 0 0 0 0 0 0 0 0 0 0 0 0 0 0 0 0 0 0 0 0 0 0 0 0 0 0 0 0 0 0 0 0 0 0
0 0 0 0 0 0 0 0 0 0 0 0 0 0 0 0 0 0 0 0 0 0 0 0 0 0 0 0 0 0 0 0 0 0 0 0 0 0 0 0 0 0 0 0 0 0 0 0 0 0 0 0 0.00331058 0.00636662 0.0107975 0.0175136 0.0273222 0.0413296 0.0611047 0.0891346 0.129278 0.186482 0.265445 0.368571 0.494175 0.635857 0.783342 0.924639 1.04878 1.14809 1.21928 1.26293 1.28196 1.27967 1.25873 1.22155 1.17144 1.11375 1.05566 1.00464 0.965793 0.939383 0.920068 0.899159 0.868508 0.823937 0.766431 0.701034 0.634246 0.571246 0.513985 0.460917 0.408426 0.353248 0.294421 0.2339 0.175603 0.123804 0.0816067 0.0501393 0.0286624 0.0152416 0.00753779 0.00346879 0.00149514 0.000604127 0.000231662 0 0 0 0 0 0 0 0 0 0 0 0 0 0 0 0 0 0 0 0 0 0 0 0 0 0 0 0 0 0 0 0 0 0 0 0 0 0 0 0 0 0 0
0 0 0 0 0 0 0 0 0 0 0 0 0 0 0 0 0 0 0 0 0 0 0 0 0 0 0 0 0 0 0 0 0 0 0 0 0 0 0 0 0 0 0 0 0 0 0 0 0 0 0 0 0 0.00475736 0.00850773 0.0145065 0.0236195 0.0368721 0.0557216 0.0824914 0.12108 0.176661 0.254089 0.355563 0.478896 0.617162 0.760027 0.896192 1.01597 1.11295 1.18429 1.23008 1.25209 1.25272 1.23451 1.2005 1.15534 1.10596 1.06109 1.02885 1.01301 1.00999 1.00923 0.997723 0.96563 0.90987 0.834414 0.747682 0.658722 0.574023 0.496217 0.424836 0.358056 0.294517 0.234244 0.178588 0.129523 0.0887849 0.0572212 0.0345085 0.0194439 0.010181 0.00497045 0.00225684 0.000954173 0.000373881 0 0 0 0 0 0 0 0 0 0 0 0 0 0 0 0 0 0 0 0 0 0 0 0 0 0 0 0 0 0 0 0 0 0 0 0 0 0 0 0 0 0 0 0
0 0 0 0 0 0 0 0 0 0 0 0 0 0 0 0 0 0 0 0 0 0 0 0 0 0 0 0 0 0 0 0 0 0 0 0 0 0 0 0 0 0 0 0 0 0 0 0 0 0 0 0 0 0.00324728 0.00639484 0.0123853 0.0207057 0.0328688 0.0501169 0.0746693 0.11015 0.161596 0.23366 0.328258 0.442957 0.570888 0.702279 0.826989 0.936857 1.02675 1.09441 1.13967 1.16378 1.16906 1.15868 1.13699 1.10995 1.08531 1.0714 1.07399 1.0925 1.11805 1.13582 1.13075 1.09326 1.02246 0.925791 0.81537 0.703165 0.597323 0.501065 0.414107 0.335077 0.263343 0.199456 0.144643 0.0999525 0.0655297 0.0406013 0.023673 0.0129792 0.00665382 0.00317734 0.00141905 0.000589953 0 0 0 0 0 0 0 0 0 0 0 0 0 0 0 0 0 0 0 0 0 0 0 0 0 0 0 0 0 0 0 0 0 0 0 0 0 0 0 0 0 0 0 0 0
0 0 0 0 0 0 0 0 0 0 0 0 0 0 0 0 0 0 0 0 0 0 0 0 0 0 0 0 0 0 0 0 0 0 0 0 0 0 0 0 0 0 0 0 0 0 0 0 0 0 0 0 0 0.00284414 0.00560094 0.0102467 0.0177208 0.0283476 0.0434305 0.064888 0.0959847 0.141246 0.204794 0.288195 0.389041 0.50102 0.615448 0.723673 0.819084 0.897814 0.958249 1.00034 1.02548 1.03664 1.03837 1.03659 1.03832 1.05072 1.07915 1.12414 1.17917 1.23095 1.26278 1.25989 1.21431 1.12773 1.01067 0.8784 0.745485 0.621647 0.510722 0.412422 0.325208 0.248208 0.181793 0.12689 0.0840128 0.0525885 0.0310601 0.0172863 0.00906829 0.00447741 0.00207415 0.000887902 0.000136289 0 0 0 0 0 0 0 0 0 0 0 0 0 0 0 0 0 0 0 0 0 0 0 0 0 0 0 0 0 0 0 0 0 0 0 0 0 0 0 0 0 0 0 0 0
0 0 0 0 0 0 0 0 0 0 0 0 0 0 0 0 0 0 0 0 0 0 0 0 0 0 0 0 0 0 0 0 0 0 0 0 0 0 0 0 0 0 0 0 0 0 0 0 0 0 0 0 0 0.00221651 0.00460163 0.00842607 0.0143964 0.0231894 0.0356866 0.0535908 0.0795173 0.117301 0.170328 0.239803 0.323576 0.416233 0.510521 0.599413 0.677794 0.74291 0.79385 0.831037 0.856474 0.874293 0.890693 0.913124 0.948657 1.00201 1.07341 1.15715 1.24174 1.31167 1.35071 1.34602 1.29205 1.19285 1.06114 0.914138 0.767876 0.632966 0.513554 0.409363 0.318521 0.239743 0.172932 0.118553 0.0767829 0.0467784 0.0267242 0.0142988 0.00718611 0.00338815 0.00149824 0.00036992 0.000129561 0 0 0 0 0 0 0 0 0 0 0 0 0 0 0 0 0 0 0 0 0 0 0 0 0 0 0 0 0 0 0 0 0 0 0 0 0 0 0 0 0 0 0 0 0
0 0 0 0 0 0 0 0 0 0 0 0 0 0 0 0 0 0 0 0 0 0 0 0 0 0 0 0 0 0 0 0 0 0 0 0 0 0 0 0 0 0 0 0 0 0 0 0 0 0 0 0 0 0.00115382 0.00353693 0.00648735 0.0111099 0.0179724 0.0277761 0.041863 0.0624014 0.092325 0.13423 0.188988 0.254846 0.327493 0.401226 0.470606 0.531853 0.583132 0.624199 0.656071 0.681559 0.70599 0.736994 0.782717 0.848967 0.936658 1.04075 1.15074 1.25242 1.33017 1.36972 1.3611 1.30147 1.19683 1.06088 0.91107 0.763221 0.62756 0.507956 0.404027 0.313862 0.23602 0.170154 0.116537 0.0752882 0.0456144 0.0258374 0.0136054 0.00670157 0.00307297 0.00118599 0.000456445 0.000121974 0 0 0 0 0 0 0 0 0 0 0 0 0 0 0 0 0 0 0 0 0 0 0 0 0 0 0 0 0 0 0 0 0 0 0 0 0 0 0 0 0 0 0 0 0
0 0 0 0 0 0 0 0 0 0 0 0 0 0 0 0 0 0 0 0 0 0 0 0 0 0 0 0 0 0 0 0 0 0 0 0 0 0 0 0 0 0 0 0 0 0 0 0 0 0 0 0 0 0.000886324 0.00248642 0.0046709 0.00805957 0.0130938 0.0203822 0.0309378 0.0464418 0.0689927 0.100485 0.141542 0.190873 0.245295 0.300593 0.352765 0.399101 0.438476 0.471097 0.498438 0.52389 0.553487 0.595421 0.65744 0.743286 0.850497 0.9706 1.0908 1.19626 1.27265 1.30838 1.29672 1.2375 1.1379 1.01122 0.873272 0.737632 0.612626 0.50118 0.402913 0.316369 0.240545 0.175376 0.12145 0.0792618 0.0484635 0.0276344 0.0146132 0.0072038 0.00323081 0.00135948 0.000529046 0.000114573 0 0 0 0 0 0 0 0 0 0 0 0 0 0 0 0 0 0 0 0 0 0 0 0 0 0 0 0 0 0 0 0 0 0 0 0 0 0 0 0 0 0 0 0 0
0 0 0 0 0 0 0 0 0 0 0 0 0 0 0 0 0 0 0 0 0 0 0 0 0 0 0 0 0 0 0 0 0 0 0 0 0 0 0 0 0 0 0 0 0 0 0 0 0 0 0 0 0 0.000629398 0.00168099 0.00310499 0.005491 0.00900151 0.0141663 0.0217499 0.0329618 0.0492828 0.0720458 0.10173 0.137514 0.177242 0.217997 0.256958 0.292197 0.322958 0.349615 0.373686 0.398528 0.430011 0.475858 0.54279 0.632992 0.742404 0.861515 0.977383 1.07613 1.14552 1.17695 1.16669 1.11668 1.03439 0.931187 0.819148 0.707733 0.602193 0.504386 0.414488 0.332195 0.257523 0.191227 0.134707 0.0893164 0.0553863 0.0319386 0.0171054 0.00848366 0.00390474 0.0016622 0.000654222 0.00023803 0 0 0 0 0 0 0 0 0 0 0 0 0 0 0 0 0 0 0 0 0 0 0 0 0 0 0 0 0 0 0 0 0 0 0 0 0 0 0 0 0 0 0 0 0
0 0 0 0 0 0 0 0 0 0 0 0 0 0 0 0 0 0 0 0 0 0 0 0 0 0 0 0 0 0 0 0 0 0 0 0 0 0 0 0 0 0 0 0 0 0 0 0 0 0 0 0 0 0.000414435 0.000822153 0.00197375 0.0035249 0.00590405 0.00944409 0.01474 0.0226381 0.0342156 0.0504 0.0716477 0.0975692 0.126858 0.157612 0.187864 0.216136 0.24171 0.264714 0.286267 0.309053 0.338 0.379736 0.440115 0.520931 0.618341 0.723646 0.825329 0.911651 0.973019 1.00364 1.00225 0.971816 0.918597 0.850183 0.773141 0.691717 0.608303 0.524667 0.442465 0.362992 0.287433 0.217558 0.155883 0.104912 0.0659258 0.0385269 0.0208753 0.0104834 0.00485945 0.00208932 0.000830477 0.000305179 0 0 0 0 0 0 0 0 0 0 0 0 0 0 0 0 0 0 0 0 0 0 0 0 0 0 0 0 0 0 0 0 0 0 0 0 0 0 0 0 0 0 0 0 0
0 0 0 0 0 0 0 0 0 0 0 0 0 0 0 0 0 0 0 0 0 0 0 0 0 0 0 0 0 0 0 0 0 0 0 0 0 0 0 0 0 0 0 0 0 0 0 0 0 0 0 0 0 0 0.000510384 0.00118892 0.00221777 0.00377158 0.00620253 0.00990141 0.0155066 0.0238007 0.0355315 0.0511881 0.0707382 0.0935032 0.118279 0.143617 0.168182 0.191013 0.211709 0.230687 0.249708 0.272466 0.304382 0.350731 0.413771 0.491022 0.575808 0.659227 0.732507 0.789031 0.825491 0.841886 0.840492 0.824204 0.794912 0.753029 0.698638 0.633221 0.560036 0.482696 0.403857 0.325499 0.25023 0.181743 0.123745 0.0785578 0.0463134 0.0253278 0.0128236 0.00598768 0.00259614 0.00104084 0.000376928 0 0 0 0 0 0 0 0 0 0 0 0 0 0 0 0 0 0 0 0 0 0 0 0 0 0 0 0 0 0 0 0 0 0 0 0 0 0 0 0 0 0 0 0 0
0 0 0 0 0 0 0 0 0 0 0 0 0 0 0 0 0 0 0 0 0 0 0 0 0 0 0 0 0 0 0 0 0 0 0 0 0 0 0 0 0 0 0 0 0 0 0 0 0 0 0 0 0 0 0.000303771 0.000663602 0.00141196 0.00247844 0.00419048 0.00689201 0.0110471 0.0172804 0.0262732 0.0385579 0.0543699 0.0734587 0.0950764 0.118073 0.141079 0.162732 0.18196 0.19838 0.212838 0.227942 0.248044 0.277984 0.320754 0.37577 0.439117 0.505265 0.568965 0.626616 0.676575 0.718336 0.751031 0.772087 0.777205 0.762236 0.725788 0.670583 0.6022 0.526087 0.445733 0.363436 0.282289 0.206879 0.141985 0.0907929 0.0539093 0.0296805 0.0151308 0.00713862 0.00310644 0.00125568 0.000464688 0.000160922 0 0 0 0 0 0 0 0 0 0 0 0 0 0 0 0 0 0 0 0 0 0 0 0 0 0 0 0 0 0 0 0 0 0 0 0 0 0 0 0 0 0 0 0
0 0 0 0 0 0 0 0 0 0 0 0 0 0 0 0 0 0 0 0 0 0 0 0 0 0 0 0 0 0 0 0 0 0 0 0 0 0 0 0 0 0 0 0 0 0 0 0 0 0 0 0 0 0 0 0.000458297 0.000884019 0.00176286 0.00308132 0.0051952 0.00849724 0.0135226 0.0208798 0.0311928 0.0448913 0.0620714 0.0823615 0.104843 0.128061 0.150161 0.169276 0.184097 0.194586 0.202506 0.211483 0.226127 0.250233 0.285219 0.330185 0.383277 0.442875 0.507854 0.576816 0.646714 0.711762 0.763585 0.793186 0.794178 0.765572 0.712295 0.642439 0.5633 0.479142 0.392377 0.306184 0.225466 0.155509 0.09996 0.0596893 0.0330578 0.0169618 0.00805872 0.00353062 0.00143196 0.00054043 0.000188808 0 0 0 0 0 0 0 0 0 0 0 0 0 0 0 0 0 0 0 0 0 0 0 0 0 0 0 0 0 0 0 0 0 0 0 0 0 0 0 0 0 0 0 0
0 0 0 0 0 0 0 0 0 0 0 0 0 0 0 0 0 0 0 0 0 0 0 0 0 0 0 0 0 0 0 0 0 0 0 0 0 0 0 0 0 0 0 0 0 0 0 0 0 0 0 0 0 0 0 0.000352078 0.000707261 0.00134233 0.00250988 0.00430213 0.00710317 0.0113705 0.0177008 0.0267921 0.0393193 0.055752 0.0760908 0.0996244 0.124737 0.149007 0.16968 0.184461 0.192428 0.194674 0.194452 0.196474 0.205444 0.224661 0.256032 0.301089 0.361314 0.437021 0.52573 0.620965 0.712168 0.786332 0.831198 0.839223 0.810331 0.751687 0.674159 0.587379 0.496958 0.40561 0.316162 0.233011 0.161108 0.103938 0.0623717 0.0347417 0.0179425 0.00858688 0.00378792 0.00155397 0.000591648 0.000208575 0 0 0 0 0 0 0 0 0 0 0 0 0 0 0 0 0 0 0 0 0 0 0 0 0 0 0 0 0 0 0 0 0 0 0 0 0 0 0 0 0 0 0 0
0 0 0 0 0 0 0 0 0 0 0 0 0 0 0 0 0 0 0 0 0 0 0 0 0 0 0 0 0 0 0 0 0 0 0 0 0 0 0 0 0 0 0 0 0 0 0 0 0 0 0 0 0 0 0 0.000262098 0.000614168 0.00118802 0.00216305 0.00378395 0.00624064 0.00996838 0.0155679 0.0238665 0.0358325 0.0523307 0.0736898 0.0992854 0.127241 0.154537 0.177602 0.193291 0.199938 0.198145 0.190997 0.183535 0.181421 0.189576 0.212059 0.252946 0.315882 0.401857 0.507087 0.622177 0.73279 0.822258 0.875777 0.884922 0.850432 0.781558 0.691951 0.594096 0.495705 0.400201 0.309795 0.227614 0.157374 0.101789 0.0613412 0.0343599 0.0178643 0.00861359 0.00382165 0.00158509 0.000608788 0.000216488 0 0 0 0 0 0 0 0 0 0 0 0 0 0 0 0 0 0 0 0 0 0 0 0 0 0 0 0 0 0 0 0 0 0 0 0 0 0 0 0 0 0 0 0
0 0 0 0 0 0 0 0 0 0 0 0 0 0 0 0 0 0 0 0 0 0 0 0 0 0 0 0 0 0 0 0 0 0 0 0 0 0 0 0 0 0 0 0 0 0 0 0 0 0 0 0 0 0 0 0.000245837 0.00052054 0.00106655 0.00194599 0.0033482 0.0055233 0.00879777 0.0138234 0.0215954 0.0333713 0.0503161 0.0729405 0.100572 0.131029 0.160798 0.18572 0.202086 0.207772 0.20309 0.191081 0.177109 0.167668 0.168907 0.186209 0.225062 0.290428 0.383757 0.500422 0.628938 0.752164 0.850701 0.907874 0.914723 0.872666 0.79259 0.690438 0.581352 0.475406 0.377164 0.288293 0.21027 0.144994 0.0938606 0.0567581 0.031961 0.0167257 0.00812405 0.00365774 0.00151783 0.000587746 0.000210663 0 0 0 0 0 0 0 0 0 0 0 0 0 0 0 0 0 0 0 0 0 0 0 0 0 0 0 0 0 0 0 0 0 0 0 0 0 0 0 0 0 0 0 0
0 0 0 0 0 0 0 0 0 0 0 0 0 0 0 0 0 0 0 0 0 0 0 0 0 0 0 0 0 0 0 0 0 0 0 0 0 0 0 0 0 0 0 0 0 0 0 0 0 0 0 0 0 0 0 0.000219482 0.000464639 0.000912312 0.00169422 0.00290569 0.00475899 0.00761932 0.0121577 0.0195218 0.0311553 0.0483483 0.0716418 0.100236 0.131729 0.162325 0.187585 0.203595 0.20809 0.201306 0.186274 0.168514 0.154991 0.152571 0.167182 0.204691 0.27065 0.366903 0.488451 0.622635 0.75071 0.851818 0.908501 0.911748 0.863511 0.775566 0.665047 0.548732 0.438564 0.34033 0.255531 0.184157 0.126216 0.0815884 0.0494367 0.027959 0.0147166 0.0071944 0.00326362 0.00136184 0.000531206 0.000191706 0 0 0 0 0 0 0 0 0 0 0 0 0 0 0 0 0 0 0 0 0 0 0 0 0 0 0 0 0 0 0 0 0 0 0 0 0 0 0 0 0 0 0 0
0 0 0 0 0 0 0 0 0 0 0 0 0 0 0 0 0 0 0 0 0 0 0 0 0 0 0 0 0 0 0 0 0 0 0 0 0 0 0 0 0 0 0 0 0 0 0 0 0 0 0 0 0 0 0 0 0.000387494 0.000759429 0.00138595 0.00239225 0.00393249 0.00637346 0.0104451 0.0173502 0.028541 0.0452767 0.0680178 0.0958779 0.126379 0.155703 0.17948 0.193924 0.196928 0.188809 0.172552 0.153561 0.138798 0.135203 0.148495 0.18413 0.247651 0.341189 0.459848 0.590857 0.715349 0.812596 0.865525 0.865581 0.815019 0.725528 0.614082 0.497661 0.388959 0.29466 0.216445 0.153418 0.104064 0.0669543 0.0405553 0.0229959 0.0121565 0.00597622 0.00272682 0.00114245 0.000448328 0.000162715 0 0 0 0 0 0 0 0 0 0 0 0 0 0 0 0 0 0 0 0 0 0 0 0 0 0 0 0 0 0 0 0 0 0 0 0 0 0 0 0 0 0 0 0
0 0 0 0 0 0 0 0 0 0 0 0 0 0 0 0 0 0 0 0 0 0 0 0 0 0 0 0 0 0 0 0 0 0 0 0 0 0 0 0 0 0 0 0 0 0 0 0 0 0 0 0 0 0 0 0 0.000299759 0.000587048 0.00107139 0.0018452 0.00307674 0.00511157 0.00867739 0.0149107 0.0251425 0.0404757 0.0612629 0.0866053 0.114123 0.140249 0.160984 0.172967 0.174432 0.165847 0.150061 0.132092 0.118385 0.115306 0.1277 0.160097 0.217639 0.302636 0.410757 0.530165 0.643391 0.731299 0.778289 0.776651 0.728511 0.644562 0.54037 0.431736 0.330933 0.244902 0.175621 0.121911 0.081452 0.0519404 0.0313436 0.0177712 0.00941729 0.00464652 0.00212909 0.000893862 0.000352464 0.000128484 0 0 0 0 0 0 0 0 0 0 0 0 0 0 0 0 0 0 0 0 0 0 0 0 0 0 0 0 0 0 0 0 0 0 0 0 0 0 0 0 0 0 0 0
0 0 0 0 0 0 0 0 0 0 0 0 0 0 0 0 0 0 0 0 0 0 0 0 0 0 0 0 0 0 0 0 0 0 0 0 0 0 0 0 0 0 0 0 0 0 0 0 0 0 0 0 0 0 0 0 0.000214428 0.000420185 0.000769023 0.00133607 0.00226916 0.00390258 0.00689365 0.012212 0.020969 0.034064 0.0517395 0.0731551 0.0962234 0.117823 0.134587 0.143723 0.143913 0.135752 0.121823 0.1065 0.0953339 0.0935832 0.104834 0.132489 0.181076 0.252967 0.344711 0.446264 0.542663 0.617521 0.65744 0.655738 0.614075 0.541448 0.451085 0.356663 0.269136 0.195048 0.136527 0.0925437 0.0606197 0.0381235 0.0228217 0.0128948 0.00683048 0.00337503 0.00155018 0.000650804 0.000257528 0 0 0 0 0 0 0 0 0 0 0 0 0 0 0 0 0 0 0 0 0 0 0 0 0 0 0 0 0 0 0 0 0 0 0 0 0 0 0 0 0 0 0 0 0
0 0 0 0 0 0 0 0 0 0 0 0 0 0 0 0 0 0 0 0 0 0 0 0 0 0 0 0 0 0 0 0 0 0 0 0 0 0 0 0 0 0 0 0 0 0 0 0 0 0 0 0 0 0 0 0 0 0.000278167 0.000512162 0.000903179 0.00157948 0.0028295 0.0051874 0.00941825 0.0163794 0.0267496 0.0406847 0.0574705 0.0753976 0.0919652 0.104518 0.110929 0.110299 0.103274 0.0920472 0.0801885 0.0721205 0.0717629 0.0813728 0.103319 0.14139 0.197875 0.270325 0.350916 0.427808 0.487942 0.520466 0.51979 0.486935 0.428818 0.355937 0.279391 0.208287 0.148299 0.101477 0.0670861 0.0429217 0.0264893 0.0156528 0.00877712 0.00463237 0.00228647 0.00102621 0.000440059 0.000174552 0 0 0 0 0 0 0 0 0 0 0 0 0 0 0 0 0 0 0 0 0 0 0 0 0 0 0 0 0 0 0 0 0 0 0 0 0 0 0 0 0 0 0 0 0
0 0 0 0 0 0 0 0 0 0 0 0 0 0 0 0 0 0 0 0 0 0 0 0 0 0 0 0 0 0 0 0 0 0 0 0 0 0 0 0 0 0 0 0 0 0 0 0 0 0 0 0 0 0 0 0 0 0.000170314 0.000316694 0.000570752 0.00103571 0.00193696 0.00367079 0.00678909 0.011904 0.0194987 0.0296632 0.0418419 0.0547435 0.0665238 0.0752374 0.07938 0.0783981 0.0729043 0.0646233 0.0562798 0.051116 0.0517345 0.0593403 0.0754624 0.103108 0.144318 0.197577 0.257288 0.314791 0.360351 0.385707 0.386346 0.36264 0.319499 0.264714 0.206736 0.152688 0.107132 0.0718393 0.0463403 0.0288943 0.0174236 0.0101124 0.00560174 0.00293485 0.00144298 0.000642876 0.000275921 0.00010959 0 0 0 0 0 0 0 0 0 0 0 0 0 0 0 0 0 0 0 0 0 0 0 0 0 0 0 0 0 0 0 0 0 0 0 0 0 0 0 0 0 0 0 0 0
0 0 0 0 0 0 0 0 0 0 0 0 0 0 0 0 0 0 0 0 0 0 0 0 0 0 0 0 0 0 0 0 0 0 0 0 0 0 0 0 0 0 0 0 0 0 0 0 0 0 0 0 0 0 0 0 0 0 0.000182071 0.000337777 0.000639551 0.00124643 0.00242687 0.00454897 0.00801974 0.0131573 0.0200086 0.0281791 0.0367723 0.0445217 0.050132 0.0526014 0.0516265 0.0477108 0.0421218 0.0367807 0.0338848 0.0349598 0.0404903 0.051445 0.0700479 0.0979818 0.134447 0.175781 0.216098 0.248623 0.267415 0.269006 0.253307 0.223518 0.185061 0.144003 0.105568 0.073177 0.0482144 0.0303977 0.0184625 0.0108456 0.00615453 0.00335202 0.00173631 0.000847739 0.00037355 0.000160222 0 0 0 0 0 0 0 0 0 0 0 0 0 0 0 0 0 0 0 0 0 0 0 0 0 0 0 0 0 0 0 0 0 0 0 0 0 0 0 0 0 0 0 0 0 0
0 0 0 0 0 0 0 0 0 0 0 0 0 0 0 0 0 0 0 0 0 0 0 0 0 0 0 0 0 0 0 0 0 0 0 0 0 0 0 0 0 0 0 0 0 0 0 0 0 0 0 0 0 0 0 0 0 0 9.75202e-05 0.000187551 0.000371401 0.000750794 0.00149264 0.0028242 0.00499659 0.00820386 0.0124681 0.0175326 0.0228257 0.0275475 0.0308718 0.0322402 0.0314716 0.02893 0.0254765 0.0223754 0.020989 0.0220926 0.0257986 0.0326864 0.0442949 0.0618957 0.085172 0.111912 0.138402 0.160227 0.173369 0.175304 0.165717 0.14654 0.12131 0.094129 0.0685816 0.0470541 0.0305365 0.0188611 0.0111698 0.00638354 0.00352936 0.00188152 0.000959473 0.000463597 0.000201202 8.61287e-05 0 0 0 0 0 0 0 0 0 0 0 0 0 0 0 0 0 0 0 0 0 0 0 0 0 0 0 0 0 0 0 0 0 0 0 0 0 0 0 0 0 0 0 0 0 0
0 0 0 0 0 0 0 0 0 0 0 0 0 0 0 0 0 0 0 0 0 0 0 0 0 0 0 0 0 0 0 0 0 0 0 0 0 0 0 0 0 0 0 0 0 0 0 0 0 0 0 0 0 0 0 0 0 0 0 9.78158e-05 0.00020237 0.000421712 0.000851455 0.00162154 0.00287524 0.00472223 0.00717173 0.0100707 0.0130838 0.0157453 0.0175791 0.0182792 0.0177435 0.0162332 0.0142974 0.0126756 0.0121449 0.013046 0.0153322 0.0193475 0.026075 0.0363965 0.0502523 0.0664157 0.0827055 0.0964286 0.105026 0.106796 0.101374 0.089848 0.0743872 0.0575798 0.041728 0.0283782 0.0181775 0.0110265 0.00637968 0.00354808 0.00190737 0.000991485 0.000495627 0.000219814 0.000100407 0 0 0 0 0 0 0 0 0 0 0 0 0 0 0 0 0 0 0 0 0 0 0 0 0 0 0 0 0 0 0 0 0 0 0 0 0 0 0 0 0 0 0 0 0 0 0
0 0 0 0 0 0 0 0 0 0 0 0 0 0 0 0 0 0 0 0 0 0 0 0 0 0 0 0 0 0 0 0 0 0 0 0 0 0 0 0 0 0 0 0 0 0 0 0 0 0 0 0 0 0 0 0 0 0 0 0 0.000103167 0.000220189 0.000449554 0.000859928 0.00152691 0.00250789 0.0038061 0.00533781 0.00692214 0.00830951 0.00924656 0.00955484 0.00925538 0.00844315 0.00743877 0.00667695 0.00656717 0.00719429 0.00849856 0.0106708 0.0142957 0.0199333 0.0276267 0.0367521 0.046113 0.0541669 0.0593978 0.0607363 0.0578857 0.0514157 0.0425712 0.0328796 0.0237146 0.0160038 0.0101357 0.00605245 0.00342976 0.00185911 0.000971242 0.000490956 0.000239635 0.000102678 0 0 0 0 0 0 0 0 0 0 0 0 0 0 0 0 0 0 0 0 0 0 0 0 0 0 0 0 0 0 0 0 0 0 0 0 0 0 0 0 0 0 0 0 0 0 0 0
0 0 0 0 0 0 0 0 0 0 0 0 0 0 0 0 0 0 0 0 0 0 0 0 0 0 0 0 0 0 0 0 0 0 0 0 0 0 0 0 0 0 0 0 0 0 0 0 0 0 0 0 0 0 0 0 0 0 0 0 0 0.000106612 0.000219385 0.000420902 0.000748005 0.00122843 0.0018631 0.00260997 0.00337924 0.00404762 0.00449093 0.00462302 0.00446414 0.00405567 0.00359612 0.00328678 0.00331454 0.00370296 0.00439353 0.00548779 0.00730495 0.0101732 0.0141575 0.0189643 0.0239777 0.0283773 0.0313218 0.032196 0.0307962 0.0274047 0.022691 0.0174889 0.0125599 0.00841845 0.00527962 0.00311011 0.00173056 0.000916397 0.000465686 0.000228614 9.47406e-05 4.45698e-05 0 0 0 0 0 0 0 0 0 0 0 0 0 0 0 0 0 0 0 0 0 0 0 0 0 0 0 0 0 0 0 0 0 0 0 0 0 0 0 0 0 0 0 0 0 0 0 0
0 0 0 0 0 0 0 0 0 0 0 0 0 0 0 0 0 0 0 0 0 0 0 0 0 0 0 0 0 0 0 0 0 0 0 0 0 0 0 0 0 0 0 0 0 0 0 0 0 0 0 0 0 0 0 0 0 0 0 0 0 0 9.88638e-05 0.000190053 0.00033792 0.000554851 0.000841007 0.00117702 0.00152183 0.00181935 0.0020134 0.00206569 0.00196828 0.00180571 0.00161566 0.00150887 0.00156697 0.0017825 0.00212265 0.00263604 0.00348412 0.00484317 0.00676579 0.00912357 0.0116217 0.0138488 0.0153792 0.0158821 0.0152393 0.0135813 0.0112433 0.00864872 0.00618721 0.00412235 0.0025633 0.00149239 0.000817419 0.000423909 0.000209944 0.000100103 3.90854e-05 0 0 0 0 0 0 0 0 0 0 0 0 0 0 0 0 0 0 0 0 0 0 0 0 0 0 0 0 0 0 0 0 0 0 0 0 0 0 0 0 0 0 0 0 0 0 0 0 0
0 0 0 0 0 0 0 0 0 0 0 0 0 0 0 0 0 0 0 0 0 0 0 0 0 0 0 0 0 0 0 0 0 0 0 0 0 0 0 0 0 0 0 0 0 0 0 0 0 0 0 0 0 0 0 0 0 0 0 0 0 0 0 7.91421e-05 0.000140756 0.000231063 0.000350044 0.000489486 0.000632125 0.000754456 0.000833062 0.000852155 0.000808847 0.000713843 0.000661792 0.000647717 0.000693825 0.000802523 0.000957755 0.00118287 0.00155144 0.00215081 0.00301381 0.00408939 0.0052446 0.00628908 0.00702051 0.00727874 0.00700112 0.00624785 0.00517075 0.00397033 0.00283055 0.00187592 0.00115785 0.000667341 0.000360593 0.000183705 8.89097e-05 3.21157e-05 0 0 0 0 0 0 0 0 0 0 0 0 0 0 0 0 0 0 0 0 0 0 0 0 0 0 0 0 0 0 0 0 0 0 0 0 0 0 0 0 0 0 0 0 0 0 0 0 0 0
0 0 0 0 0 0 0 0 0 0 0 0 0 0 0 0 0 0 0 0 0 0 0 0 0 0 0 0 0 0 0 0 0 0 0 0 0 0 0 0 0 0 0 0 0 0 0 0 0 0 0 0 0 0 0 0 0 0 0 0 0 0 0 0 0 8.87093e-05 0.000134324 0.000187698 0.000242145 0.000288596 0.000318045 0.000324475 0.000306935 0.000269698 0.000220633 0.000260211 0.000287782 0.000338183 0.000404407 0.000496237 0.000645416 0.000890898 0.00125104 0.00170626 0.00219997 0.00265355 0.00297546 0.00309373 0.00298302 0.00266413 0.00220393 0.0016894 0.00120091 0.00079226 0.000485887 0.00027764 0.000148299 7.43174e-05 0 0 0 0 0 0 0 0 0 0 0 0 0 0 0 0 0 0 0 0 0 0 0 0 0 0 0 0 0 0 0 0 0 0 0 0 0 0 0 0 0 0 0 0 0 0 0 0 0 0 0 0
0 0 0 0 0 0 0 0 0 0 0 0 0 0 0 0 0 0 0 0 0 0 0 0 0 0 0 0 0 0 0 0 0 0 0 0 0 0 0 0 0 0 0 0 0 0 0 0 0 0 0 0 0 0 0 0 0 0 0 0 0 0 0 0 0 0 0 6.63585e-05 8.55331e-05 0.000101817 0.000112018 0.000114022 0.000107527 9.41158e-05 7.66114e-05 5.81627e-05 0.000111891 0.000133425 0.00015886 0.000194399 0.00025067 0.000344053 0.000483422 0.000661945 0.000857444 0.00103895 0.00116907 0.00121879 0.00117708 0.00105186 0.000869797 0.000665747 0.000471929 0.000310107 0.000189138 0.000107274 5.67321e-05 0 0 0 0 0 0 0 0 0 0 0 0 0 0 0 0 0 0 0 0 0 0 0 0 0 0 0 0 0 0 0 0 0 0 0 0 0 0 0 0 0 0 0 0 0 0 0 0 0 0 0 0 0
0 0 0 0 0 0 0 0 0 0 0 0 0 0 0 0 0 0 0 0 0 0 0 0 0 0 0 0 0 0 0 0 0 0 0 0 0 0 0 0 0 0 0 0 0 0 0 0 0 0 0 0 0 0 0 0 0 0 0 0 0 0 0 0 0 0 0 0 0 0 0 0 0 0 0 0 0 3.42994e-05 5.8887e-05 7.14669e-05 9.09271e-05 0.0001236 0.000173076 0.000237593 0.000309862 0.000376965 0.000424931 0.000444354 0.000429631 0.000384133 0.000317504 0.0002427 0.000171655 0.000112421 6.20886e-05 3.41029e-05 0 0 0 0 0 0 0 0 0 0 0 0 0 0 0 0 0 0 0 0 0 0 0 0 0 0 0 0 0 0 0 0 0 0 0 0 0 0 0 0 0 0 0 0 0 0 0 0 0 0 0 0 0 0
0 0 0 0 0 0 0 0 0 0 0 0 0 0 0 0 0 0 0 0 0 0 0 0 0 0 0 0 0 0 0 0 0 0 0 0 0 0 0 0 0 0 0 0 0 0 0 0 0 0 0 0 0 0 0 0 0 0 0 0 0 0 0 0 0 0 0 0 0 0 0 0 0 0 0 0 0 0 1.62759e-05 2.04685e-05 3.08158e-05 4.14388e-05 5.70164e-05 7.90154e-05 0.000102373 0.000125269 0.000141649 0.000147928 0.000142616 0.000126895 0.000104152 7.88477e-05 5.51136e-05 3.55113e-05 0 0 0 0 0 0 0 0 0 0 0 0 0 0 0 0 0 0 0 0 0 0 0 0 0 0 0 0 0 0 0 0 0 0 0 0 0 0 0 0 0 0 0 0 0 0 0 0 0 0 0 0 0 0 0 0
0 0 0 0 0 0 0 0 0 0 0 0 0 0 0 0 0 0 0 0 0 0 0 0 0 0 0 0 0 0 0 0 0 0 0 0 0 0 0 0 0 0 0 0 0 0 0 0 0 0 0 0 0 0 0 0 0 0 0 0 0 0 0 0 0 0 0 0 0 0 0 0 0 0 0 0 0 0 0 6.84129e-06 8.71699e-06 1.12313e-05 1.64505e-05 2.39094e-05 3.17535e-05 3.89668e-05 4.41624e-05 4.6203e-05 4.46068e-05 3.97291e-05 3.2636e-05 2.45618e-05 1.7182e-05 0 0 0 0 0 0 0 0 0 0 0 0 0 0 0 0 0 0 0 0 0 0 0 0 0 0 0 0 0 0 0 0 0 0 0 0 0 0 0 0 0 0 0 0 0 0 0 0 0 0 0 0 0 0 0 0 0
0 0 0 0 0 0 0 0 0 0 0 0 0 0 0 0 0 0 0 0 0 0 0 0 0 0 0 0 0 0 0 0 0 0 0 0 0 0 0 0 0 0 0 0 0 0 0 0 0 0 0 0 0 0 0 0 0 0 0 0 0 0 0 0 0 0 0 0 0 0 0 0 0 0 0 0 0 0 0 0 2.25479e-06 2.84508e-06 4.50228e-06 6.56628e-06 8.82572e-06 1.09328e-05 1.24814e-05 1.31322e-05 1.27338e-05 1.13796e-05 0 0 0 0 0 0 0 0 0 0 0 0 0 0 0 0 0 0 0 0 0 0 0 0 0 0 0 0 0 0 0 0 0 0 0 0 0 0 0 0 0 0 0 0 0 0 0 0 0 0 0 0 0 0 0 0 0 0 0 0
0 0 0 0 0 0 0 0 0 0 0 0 0 0 0 0 0 0 0 0 0 0 0 0 0 0 0 0 0 0 0 0 0 0 0 0 0 0 0 0 0 0 0 0 0 0 0 0 0 0 0 0 0 0 0 0 0 0 0 0 0 0 0 0 0 0 0 0 0 0 0 0 0 0 0 0 0 0 0 0 0 0 0 0 0 0 0 0 0 0 0 0 0 0 0 0 0 0 0 0 0 0 0 0 0 0 0 0 0 0 0 0 0 0 0 0 0 0 0 0 0 0 0 0 0 0 0 0 0 0 0 0 0 0 0 0 0 0 0 0 0 0 0 0 0 0 0 0 0 0
0 0 0 0 0 0 0 0 0 0 0 0 0 0 0 0 0 0 0 0 0 0 0 0 0 0 0 0 0 0 0 0 0 0 0 0 0 0 0 0 0 0 0 0 0 0 0 0 0 0 0 0 0 0 0 0 0 0 0 0 0 0 0 0 0 0 0 0 0 0 0 0 0 0 0 0 0 0 0 0 0 0 0 0 0 0 0 0 0 0 0 0 0 0 0 0 0 0 0 0 0 0 0 0 0 0 0 0 0 0 0 0 0 0 0 0 0 0 0 0 0 0 0 0 0 0 0 0 0 0 0 0 0 0 0 0 0 0 0 0 0 0 0 0 0 0 0 0 0 0
0 0 0 0 0 0 0 0 0 0 0 0 0 0 0 0 0 0 0 0 0 0 0 0 0 0 0 0 0 0 0 0 0 0 0 0 0 0 0 0 0 0 0 0 0 0 0 0 0 0 0 0 0 0 0 0 0 0 0 0 0 0 0 0 0 0 0 0 0 0 0 0 0 0 0 0 0 0 0 0 0 0 0 0 0 0 0 0 0 0 0 0 0 0 0 0 0 0 0 0 0 0 0 0 0 0 0 0 0 0 0 0 0 0 0 0 0 0 0 0 0 0 0 0 0 0 0 0 0 0 0 0 0 0 0 0 0 0 0 0 0 0 0 0 0 0 0 0 0 0
0 0 0 0 0 0 0 0 0 0 0 0 0 0 0 0 0 0 0 0 0 0 0 0 0 0 0 0 0 0 0 0 0 0 0 0 0 0 0 0 0 0 0 0 0 0 0 0 0 0 0 0 0 0 0 0 0 0 0 0 0 0 0 0 0 0 0 0 0 0 0 0 0 0 0 0 0 0 0 0 0 0 0 0 0 0 0 0 0 0 0 0 0 0 0 0 0 0 0 0 0 0 0 0 0 0 0 0 0 0 0 0 0 0 0 0 0 0 0 0 0 0 0 0 0 0 0 0 0 0 0 0 0 0 0 0 0 0 0 0 0 0 0 0 0 0 0 0 0 0
0 0 0 0 0 0 0 0 0 0 0 0 0 0 0 0 0 0 0 0 0 0 0 0 0 0 0 0 0 0 0 0 0 0 0 0 0 0 0 0 0 0 0 0 0 0 0 0 0 0 0 0 0 0 0 0 0 0 0 0 0 0 0 0 0 0 0 0 0 0 0 0 0 0 0 0 0 0 0 0 0 0 0 0 0 0 0 0 0 0 0 0 0 0 0 0 0 0 0 0 0 0 0 0 0 0 0 0 0 0 0 0 0 0 0 0 0 0 0 0 0 0 0 0 0 0 0 0 0 0 0 0 0 0 0 0 0 0 0 0 0 0 0 0 0 0 0 0 0 0
0 0 0 0 0 0 0 0 0 0 0 0 0 0 0 0 0 0 0 0 0 0 0 0 0 0 0 0 0 0 0 0 0 0 0 0 0 0 0 0 0 0 0 0 0 0 0 0 0 0 0 0 0 0 0 0 0 0 0 0 0 0 0 0 0 0 0 0 0 0 0 0 0 0 0 0 0 0 0 0 0 0 0 0 0 0 0 0 0 0 0 0 0 0 0 0 0 0 0 0 0 0 0 0 0 0 0 0 0 0 0 0 0 0 0 0 0 0 0 0 0 0 0 0 0 0 0 0 0 0 0 0 0 0 0 0 0 0 0 0 0 0 0 0 0 0 0 0 0 0
0 0 0 0 0 0 0 0 0 0 0 0 0 0 0 0 0 0 0 0 0 0 0 0 0 0 0 0 0 0 0 0 0 0 0 0 0 0 0 0 0 0 0 0 0 0 0 0 0 0 0 0 0 0 0 0 0 0 0 0 0 0 0 0 0 0 0 0 0 0 0 0 0 0 0 0 0 0 0 0 0 0 0 0 0 0 0 0 0 0 0 0 0 0 0 0 0 0 0 0 0 0 0 0 0 0 0 0 0 0 0 0 0 0 0 0 0 0 0 0 0 0 0 0 0 0 0 0 0 0 0 0 0 0 0 0 0 0 0 0 0 0 0 0 0 0 0 0 0 0
0 0 0 0 0 0 0 0 0 0 0 0 0 0 0 0 0 0 0 0 0 0 0 0 0 0 0 0 0 0 0 0 0 0 0 0 0 0 0 0 0 0 0 0 0 0 0 0 0 0 0 0 0 0 0 0 0 0 0 0 0 0 0 0 0 0 0 0 0 0 0 0 0 0 0 0 0 0 0 0 0 0 0 0 0 0 0 0 0 0 0 0 0 0 0 0 0 0 0 0 0 0 0 0 0 0 0 0 0 0 0 0 0 0 0 0 0 0 0 0 0 0 0 0 0 0 0 0 0 0 0 0 0 0 0 0 0 0 0 0 0 0 0 0 0 0 0 0 0 0
0 0 0 0 0 0 0 0 0 0 0 0 0 0 0 0 0 0 0 0 0 0 0 0 0 0 0 0 0 0 0 0 0 0 0 0 0 0 0 0 0 0 0 0 0 0 0 0 0 0 0 0 0 0 0 0 0 0 0 0 0 0 0 0 0 0 0 0 0 0 0 0 0 0 0 0 0 0 0 0 0 0 0 0 0 0 0 0 0 0 0 0 0 0 0 0 0 0 0 0 0 0 0 0 0 0 0 0 0 0 0 0 0 0 0 0 0 0 0 0 0 0 0 0 0 0 0 0 0 0 0 0 0 0 0 0 0 0 0 0 0 0 0 0 0 0 0 0 0 0
0 0 0 0 0 0 0 0 0 0 0 0 0 0 0 0 0 0 0 0 0 0 0 0 0 0 0 0 0 0 0 0 0 0 0 0 0 0 0 0 0 0 0 0 0 0 0 0 0 0 0 0 0 0 0 0 0 0 0 0 0 0 0 0 0 0 0 0 0 0 0 0 0 0 0 0 0 0 0 0 0 0 0 0 0 0 0 0 0 0 0 0 0 0 0 0 0 0 0 0 0 0 0 0 0 0 0 0 0 0 0 0 0 0 0 0 0 0 0 0 0 0 0 0 0 0 0 0 0 0 0 0 0 0 0 0 0 0 0 0 0 0 0 0 0 0 0 0 0 0
0 0 0 0 0 0 0 0 0 0 0 0 0 0 0 0 0 0 0 0 0 0 0 0 0 0 0 0 0 0 0 0 0 0 0 0 0 0 0 0 0 0 0 0 0 0 0 0 0 0 0 0 0 0 0 0 0 0 0 0 0 0 0 0 0 0 0 0 0 0 0 0 0 0 0 0 0 0 0 0 0 0 0 0 0 0 0 0 0 0 0 0 0 0 0 0 0 0 0 0 0 0 0 0 0 0 0 0 0 0 0 0 0 0 0 0 0 0 0 0 0 0 0 0 0 0 0 0 0 0 0 0 0 0 0 0 0 0 0 0 0 0 0 0 0 0 0 0 0 0
0 0 0 0 0 0 0 0 0 0 0 0 0 0 0 0 0 0 0 0 0 0 0 0 0 0 0 0 0 0 0 0 0 0 0 0 0 0 0 0 0 0 0 0 0 0 0 0 0 0 0 0 0 0 0 0 0 0 0 0 0 0 0 0 0 0 0 0 0 0 0 0 0 0 0 0 0 0 0 0 0 0 0 0 0 0 0 0 0 0 0 0 0 0 0 0 0 0 0 0 0 0 0 0 0 0 0 0 0 0 0 0 0 0 0 0 0 0 0 0 0 0 0 0 0 0 0 0 0 0 0 0 0 0 0 0 0 0 0 0 0 0 0 0 0 0 0 0 0 0
0 0 0 0 0 0 0 0 0 0 0 0 0 0 0 0 0 0 0 0 0 0 0 0 0 0 0 0 0 0 0 0 0 0 0 0 0 0 0 0 0 0 0 0 0 0 0 0 0 0 0 0 0 0 0 0 0 0 0 0 0 0 0 0 0 0 0 0 0 0 0 0 0 0 0 0 0 0 0 0 0 0 0 0 0 0 0 0 0 0 0 0 0 0 0 0 0 0 0 0 0 0 0 0 0 0 0 0 0 0 0 0 0 0 0 0 0 0 0 0 0 0 0 0 0 0 0 0 0 0 0 0 0 0 0 0 0 0 0 0 0 0 0 0 0 0 0 0 0 0
0 0 0 0 0 0 0 0 0 0 0 0 0 0 0 0 0 0 0 0 0 0 0 0 0 0 0 0 0 0 0 0 0 0 0 0 0 0 0 0 0 0 0 0 0 0 0 0 0 0 0 0 0 0 0 0 0 0 0 0 0 0 0 0 0 0 0 0 0 0 0 0 0 0 0 0 0 0 0 0 0 0 0 0 0 0 0 0 0 0 0 0 0 0 0 0 0 0 0 0 0 0 0 0 0 0 0 0 0 0 0 0 0 0 0 0 0 0 0 0 0 0 0 0 0 0 0 0 0 0 0 0 0 0 0 0 0 0 0 0 0 0 0 0 0 0 0 0 0 0
0 0 0 0 0 0 0 0 0 0 0 0 0 0 0 0 0 0 0 0 0 0 0 0 0 0 0 0 0 0 0 0 0 0 0 0 0 0 0 0 0 0 0 0 0 0 0 0 0 0 0 0 0 0 0 0 0 0 0 0 0 0 0 0 0 0 0 0 0 0 0 0 0 0 0 0 0 0 0 0 0 0 0 0 0 0 0 0 0 0 0 0 0 0 0 0 0 0 0 0 0 0 0 0 0 0 0 0 0 0 0 0 0 0 0 0 0 0 0 0 0 0 0 0 0 0 0 0 0 0 0 0 0 0 0 0 0 0 0 0 0 0 0 0 0 0 0 0 0 0
0 0 0 0 0 0 0 0 0 0 0 0 0 0 0 0 0 0 0 0 0 0 0 0 0 0 0 0 0 0 0 0 0 0 0 0 0 0 0 0 0 0 0 0 0 0 0 0 0 0 0 0 0 0 0 0 0 0 0 0 0 0 0 0 0 0 0 0 0 0 0 0 0 0 0 0 0 0 0 0 0 0 0 0 0 0 0 0 0 0 0 0 0 0 0 0 0 0 0 0 0 0 0 0 0 0 0 0 0 0 0 0 0 0 0 0 0 0 0 0 0 0 0 0 0 0 0 0 0 0 0 0 0 0 0 0 0 0 0 0 0 0 0 0 0 0 0 0 0 0
0 0 0 0 0 0 0 0 0 0 0 0 0 0 0 0 0 0 0 0 0 0 0 0 0 0 0 0 0 0 0 0 0 0 0 0 0 0 0 0 0 0 0 0 0 0 0 0 0 0 0 0 0 0 0 0 0 0 0 0 0 0 0 0 0 0 0 0 0 0 0 0 0 0 0 0 0 0 0 0 0 0 0 0 0 0 0 0 0 0 0 0 0 0 0 0 0 0 0 0 0 0 0 0 0 0 0 0 0 0 0 0 0 0 0 0 0 0 0 0 0 0 0 0 0 0 0 0 0 0 0 0 0 0 0 0 0 0 0 0 0 0 0 0 0 0 0 0 0 0
0 0 0 0 0 0 0 0 0 0 0 0 0 0 0 0 0 0 0 0 0 0 0 0 0 0 0 0 0 0 0 0 0 0 0 0 0 0 0 0 0 0 0 0 0 0 0 0 0 0 0 0 0 0 0 0 0 0 0 0 0 0 0 0 0 0 0 0 0 0 0 0 0 0 0 0 0 0 0 0 0 0 0 0 0 0 0 0 0 0 0 0 0 0 0 0 0 0 0 0 0 0 0 0 0 0 0 0 0 0 0 0 0 0 0 0 0 0 0 0 0 0 0 0 0 0 0 0 0 0 0 0 0 0 0 0 0 0 0 0 0 0 0 0 0 0 0 0 0 0
0 0 0 0 0 0 0 0 0 0 0 0 0 0 0 0 0 0 0 0 0 0 0 0 0 0 0 0 0 0 0 0 0 0 0 0 0 0 0 0 0 0 0 0 0 0 0 0 0 0 0 0 0 0 0 0 0 0 0 0 0 0 0 0 0 0 0 0 0 0 0 0 0 0 0 0 0 0 0 0 0 0 0 0 0 0 0 0 0 0 0 0 0 0 0 0 0 0 0 0 0 0 0 0 0 0 0 0 0 0 0 0 0 0 0 0 0 0 0 0 0 0 0 0 0 0 0 0 0 0 0 0 0 0 0 0 0 0 0 0 0 0 0 0 0 0 0 0 0 0
0 0 0 0 0 0 0 0 0 0 0 0 0 0 0 0 0 0 0 0 0 0 0 0 0 0 0 0 0 0 0 0 0 0 0 0 0 0 0 0 0 0 0 0 0 0 0 0 0 0 0 0 0 0 0 0 0 0 0 0 0 0 0 0 0 0 0 0 0 0 0 0 0 0 0 0 0 0 0 0 0 0 0 0 0 0 0 0 0 0 0 0 0 0 0 0 0 0 0 0 0 0 0 0 0 0 0 0 0 0 0 0 0 0 0 0 0 0 0 0 0 0 0 0 0 0 0 0 0 0 0 0 0 0 0 0 0 0 0 0 0 0 0 0 0 0 0 0 0 0
0 0 0 0 0 0 0 0 0 0 0 0 0 0 0 0 0 0 0 0 0 0 0 0 0 0 0 0 0 0 0 0 0 0 0 0 0 0 0 0 0 0 0 0 0 0 0 0 0 0 0 0 0 0 0 0 0 0 0 0 0 0 0 0 0 0 0 0 0 0 0 0 0 0 0 0 0 0 0 0 0 0 0 0 0 0 0 0 0 0 0 0 0 0 0 0 0 0 0 0 0 0 0 0 0 0 0 0 0 0 0 0 0 0 0 0 0 0 0 0 0 0 0 0 0 0 0 0 0 0 0 0 0 0 0 0 0 0 0 0 0 0 0 0 0 0 0 0 0 0
0 0 0 0 0 0 0 0 0 0 0 0 0 0 0 0 0 0 0 0 0 0 0 0 0 0 0 0 0 0 0 0 0 0 0 0 0 0 0 0 0 0 0 0 0 0 0 0 0 0 0 0 0 0 0 0 0 0 0 0 0 0 0 0 0 0 0 0 0 0 0 0 0 0 0 0 0 0 0 0 0 0 0 0 0 0 0 0 0 0 0 0 0 0 0 0 0 0 0 0 0 0 0 0 0 0 0 0 0 0 0 0 0 0 0 0 0 0 0 0 0 0 0 0 0 0 0 0 0 0 0 0 0 0 0 0 0 0 0 0 0 0 0 0 0 0 0 0 0 0
0 0 0 0 0 0 0 0 0 0 0 0 0 0 0 0 0 0 0 0 0 0 0 0 0 0 0 0 0 0 0 0 0 0 0 0 0 0 0 0 0 0 0 0 0 0 0 0 0 0 0 0 0 0 0 0 0 0 0 0 0 0 0 0 0 0 0 0 0 0 0 0 0 0 0 0 0 0 0 0 0 0 0 0 0 0 0 0 0 0 0 0 0 0 0 0 0 0 0 0 0 0 0 0 0 0 0 0 0 0 0 0 0 0 0 0 0 0 0 0 0 0 0 0 0 0 0 0 0 0 0 0 0 0 0 0 0 0 0 0 0 0 0 0 0 0 0 0 0 0
0 0 0 0 0 0 0 0 0 0 0 0 0 0 0 0 0 0 0 0 0 0 0 0 0 0 0 0 0 0 0 0 0 0 0 0 0 0 0 0 0 0 0 0 0 0 0 0 0 0 0 0 0 0 0 0 0 0 0 0 0 0 0 0 0 0 0 0 0 0 0 0 0 0 0 0 0 0 0 0 0 0 0 0 0 0 0 0 0 0 0 0 0 0 0 0 0 0 0 0 0 0 0 0 0 0 0 0 0 0 0 0 0 0 0 0 0 0 0 0 0 0 0 0 0 0 0 0 0 0 0 0 0 0 0 0 0 0 0 0 0 0 0 0 0 0 0 0 0 0
0 0 0 0 0 0 0 0 0 0 0 0 0 0 0 0 0 0 0 0 0 0 0 0 0 0 0 0 0 0 0 0 0 0 0 0 0 0 0 0 0 0 0 0 0 0 0 0 0 0 0 0 0 0 0 0 0 0 0 0 0 0 0 0 0 0 0 0 0 0 0 0 0 0 0 0 0 0 0 0 0 0 0 0 0 0 0 0 0 0 0 0 0 0 0 0 0 0 0 0 0 0 0 0 0 0 0 0 0 0 0 0 0 0 0 0 0 0 0 0 0 0 0 0 0 0 0 0 0 0 0 0 0 0 0 0 0 0 0 0 0 0 0 0 0 0 0 0 0 0
0 0 0 0 0 0 0 0 0 0 0 0 0 0 0 0 0 0 0 0 0 0 0 0 0 0 0 0 0 0 0 0 0 0 0 0 0 0 0 0 0 0 0 0 0 0 0 0 0 0 0 0 0 0 0 0 0 0 0 0 0 0 0 0 0 0 0 0 0 0 0 0 0 0 0 0 0 0 0 0 0 0 0 0 0 0 0 0 0 0 0 0 0 0 0 0 0 0 0 0 0 0 0 0 0 0 0 0 0 0 0 0 0 0 0 0 0 0 0 0 0 0 0 0 0 0 0 0 0 0 0 0 0 0 0 0 0 0 0 0 0 0 0 0 0 0 0 0 0 0
0 0 0 0 0 0 0 0 0 0 0 0 0 0 0 0 0 0 0 0 0 0 0 0 0 0 0 0 0 0 0 0 0 0 0 0 0 0 0 0 0 0 0 0 0 0 0 0 0 0 0 0 0 0 0 0 0 0 0 0 0 0 0 0 0 0 0 0 0 0 0 0 0 0 0 0 0 0 0 0 0 0 0 0 0 0 0 0 0 0 0 0 0 0 0 0 0 0 0 0 0 0 0 0 0 0 0 0 0 0 0 0 0 0 0 0 0 0 0 0 0 0 0 0 0 0 0 0 0 0 0 0 0 0 0 0 0 0 0 0 0 0 0 0 0 0 0 0 0 0
0 0 0 0 0 0 0 0 0 0 0 0 0 0 0 0 0 0 0 0 0 0 0 0 0 0 0 0 0 0 0 0 0 0 0 0 0 0 0 0 0 0 0 0 0 0 0 0 0 0 0 0 0 0 0 0 0 0 0 0 0 0 0 0 0 0 0 0 0 0 0 0 0 0 0 0 0 0 0 0 0 0 0 0 0 0 0 0 0 0 0 0 0 0 0 0 0 0 0 0 0 0 0 0 0 0 0 0 0 0 0 0 0 0 0 0 0 0 0 0 0 0 0 0 0 0 0 0 0 0 0 0 0 0 0 0 0 0 0 0 0 0 0 0 0 0 0 0 0 0
0 0 0 0 0 0 0 0 0 0 0 0 0 0 0 0 0 0 0 0 0 0 0 0 0 0 0 0 0 0 0 0 0 0 0 0 0 0 0 0 0 0 0 0 0 0 0 0 0 0 0 0 0 0 0 0 0 0 0 0 0 0 0 0 0 0 0 0 0 0 0 0 0 0 0 0 0 0 0 0 0 0 0 0 0 0 0 0 0 0 0 0 0 0 0 0 0 0 0 0 0 0 0 0 0 0 0 0 0 0 0 0 0 0 0 0 0 0 0 0 0 0 0 0 0 0 0 0 0 0 0 0 0 0 0 0 0 0 0 0 0 0 0 0 0 0 0 0 0 0
0 0 0 0 0 0 0 0 0 0 0 0 0 0 0 0 0 0 0 0 0 0 0 0 0 0 0 0 0 0 0 0 0 0 0 0 0 0 0 0 0 0 0 0 0 0 0 0 0 0 0 0 0 0 0 0 0 0 0 0 0 0 0 0 0 0 0 0 0 0 0 0 0 0 0 0 0 0 0 0 0 0 0 0 0 0 0 0 0 0 0 0 0 0 0 0 0 0 0 0 0 0 0 0 0 0 0 0 0 0 0 0 0 0 0 0 0 0 0 0 0 0 0 0 0 0 0 0 0 0 0 0 0 0 0 0 0 0 0 0 0 0 0 0 0 0 0 0 0 0
