0 0 0 0 0 0 0 0 0 0 0 0 0 0 0 0 0 0 0 0 0 0 0 0 0 0 0 0 0 0 0 0 0 0 0 0 0 0 0 0 0 0 0 0 0 0 0 0 0 0 0 0 0 0 0 0 0 0 0 0 0 0 0 0 0 0 0 0 0 0 0 0 0 0 0 0 0 0 0 0 0 0 0 0 0 0 0 0 0 0 0 0 0 0 0 0 0 0 0 0 0 0 0 0 0 0 0 0 0 0 0 0 0 0 0 0 0 0 0 0 0 0 0 0 0 0 0 0 0 0 0 0 0 0 0 0 0 0 0 0 0 0 0 0 0 0 0 0 0 0
0 0 0 0 0 0 0 0 0 0 0 0 0 0 0 0 0 0 0 0 0 0 0 0 0 0 0 0 0 0 0 0 0 0 0 0 0 0 0 0 0 0 0 0 0 0 0 0 0 0 0 0 0 0 0 0 0 0 0 0 0 0 0 0 0 0 0 0 0 0 0 0 0 0 0 0 0 0 0 0 0 0 0 0 0 0 0 0 0 0 0 0 0 0 0 0 0 0 0 0 0 0 0 0 0 0 0 0 0 0 0 0 0 0 0 0 0 0 0 0 0 0 0 0 0 0 0 0 0 0 0 0 0 0 0 0 0 0 0 0 0 0 0 0 0 0 0 0 0 0
0 0 0 0 0 0 0 0 0 0 0 0 0 0 0 0 0 0 0 0 0 0 0 0 0 0 0 0 0 0 0 0 0 0 0 0 0 0 0 0 0 0 0 0 0 0 0 0 0 0 0 0 0 0 0 0 0 0 0 0 0 0 0 0 0 0 0 0 0 0 0 0 0 0 0 0 0 0 0 0 0 0 0 0 0 0 0 0 0 0 0 0 0 0 0 0 0 0 0 0 0 0 0 0 0 0 0 0 0 0 0 0 0 0 0 0 0 0 0 0 0 0 0 0 0 0 0 0 0 0 0 0 0 0 0 0 0 0 0 0 0 0 0 0 0 0 0 0 0 0
0 0 0 0 0 0 0 0 0 0 0 0 0 0 0 0 0 0 0 0 0 0 0 0 0 0 0 0 0 0 0 0 0 0 0 0 0 0 0 0 0 0 0 0 0 0 0 0 0 0 0 0 0 0 0 0 0 0 0 0 0 0 0 0 0 0 0 0 0 0 0 0 0 0 0 0 0 0 0 0 0 0 0 0 0 0 0 0 0 0 0 0 0 0 0 0 0 0 0 0 0 0 0 0 0 0 0 0 0 0 0 0 0 0 0 0 0 0 0 0 0 0 0 0 0 0 0 0 0 0 0 0 0 0 0 0 0 0 0 0 0 0 0 0 0 0 0 0 0 0
0 0 0 0 0 0 0 0 0 0 0 0 0 0 0 0 0 0 0 0 0 0 0 0 0 0 0 0 0 0 0 0 0 0 0 0 0 0 0 0 0 0 0 0 0 0 0 0 0 0 0 0 0 0 0 0 0 0 0 0 0 0 0 0 0 0 0 0 0 0 0 0 0 0 0 0 0 0 0 0 0 0 0 0 0 0 0 0 0 0 0 0 0 0 0 0 0 0 0 0 0 0 0 0 0 0 0 0 0 0 0 0 0 0 0 0 0 0 0 0 0 0 0 0 0 0 0 0 0 0 0 0 0 0 0 0 0 0 0 0 0 0 0 0 0 0 0 0 0 0
0 0 0 0 0 0 0 0 0 0 0 0 0 0 0 0 0 0 0 0 0 0 0 0 0 0 0 0 0 0 0 0 0 0 0 0 0 0 0 0 0 0 0 0 0 0 0 0 0 0 0 0 0 0 0 0 0 0 0 0 0 0 0 0 0 0 0 0 0 0 0 0 0 0 0 0 0 0 0 0 0 0 0 0 0 0 0 0 0 0 0 0 0 0 0 0 0 0 0 0 0 0 0 0 0 0 0 0 0 0 0 0 0 0 0 0 0 0 0 0 0 0 0 0 0 0 0 0 0 0 0 0 0 0 0 0 0 0 0 0 0 0 0 0 0 0 0 0 0 0
0 0 0 0 0 0 0 0 0 0 0 0 0 0 0 0 0 0 0 0 0 0 0 0 0 0 0 0 0 0 0 0 0 0 0 0 0 0 0 0 0 0 0 0 0 0 0 0 0 0 0 0 0 0 0 0 0 0 0 0 0 0 0 0 0 0 0 0 0 0 0 0 0 0 0 0 0 0 0 0 0 0 0 0 0 0 0 0 0 0 0 0 0 0 0 0 0 0 0 0 0 0 0 0 0 0 0 0 0 0 0 0 0 0 0 0 0 0 0 0 0 0 0 0 0 0 0 0 0 0 0 0 0 0 0 0 0 0 0 0 0 0 0 0 0 0 0 0 0 0
0 0 0 0 0 0 0 0 0 0 0 0 0 0 0 0 0 0 0 0 0 0 0 0 0 0 0 0 0 0 0 0 0 0 0 0 0 0 0 0 0 0 0 0 0 0 0 0 0 0 0 0 0 0 0 0 0 0 0 0 0 0 0 0 0 0 0 0 0 0 0 0 0 0 0 0 0 0 0 0 0 0 0 0 0 0 0 0 0 0 0 0 0 0 0 0 0 0 0 0 0 0 0 0 0 0 0 0 0 0 0 0 0 0 0 0 0 0 0 0 0 0 0 0 0 0 0 0 0 0 0 0 0 0 0 0 0 0 0 0 0 0 0 0 0 0 0 0 0 0
0 0 0 0 0 0 0 0 0 0 0 0 0 0 0 0 0 0 0 0 0 0 0 0 0 0 0 0 0 0 0 0 0 0 0 0 0 0 0 0 0 0 0 0 0 0 0 0 0 0 0 0 0 0 0 0 0 0 0 0 0 0 0 0 0 0 0 0 0 0 0 0 0 0 0 0 0 0 0 0 0 0 0 0 0 0 0 0 0 0 0 0 0 0 0 0 0 0 0 0 0 0 0 0 0 0 0 0 0 0 0 0 0 0 0 0 0 0 0 0 0 0 0 0 0 0 0 0 0 0 0 0 0 0 0 0 0 0 0 0 0 0 0 0 0 0 0 0 0 0
0 0 0 0 0 0 0 0 0 0 0 0 0 0 0 0 0 0 0 0 0 0 0 0 0 0 0 0 0 0 0 0 0 0 0 0 0 0 0 0 0 0 0 0 0 0 0 0 0 0 0 0 0 0 0 0 0 0 0 0 0 0 0 0 0 0 0 0 0 0 0 0 0 0 0 0 0 0 0 0 0 0 0 0 0 0 0 0 0 0 0 0 0 0 0 0 0 0 0 0 0 0 0 0 0 0 0 0 0 0 0 0 0 0 0 0 0 0 0 0 0 0 0 0 0 0 0 0 0 0 0 0 0 0 0 0 0 0 0 0 0 0 0 0 0 0 0 0 0 0
0 0 0 0 0 0 0 0 0 0 0 0 0 0 0 0 0 0 0 0 0 0 0 0 0 0 0 0 0 0 0 0 0 0 0 0 0 0 0 0 0 0 0 0 0 0 0 0 0 0 0 0 0 0 0 0 0 0 0 0 0 0 0 0 0 0 0 0 0 0 0 0 0 0 0 0 0 0 0 0 0 0 0 0 0 0 0 0 0 0 0 0 0 0 0 0 0 0 0 0 0 0 0 0 0 0 0 0 0 0 0 0 0 0 0 0 0 0 0 0 0 0 0 0 0 0 0 0 0 0 0 0 0 0 0 0 0 0 0 0 0 0 0 0 0 0 0 0 0 0
0 0 0 0 0 0 0 0 0 0 0 0 0 0 0 0 0 0 0 0 0 0 0 0 0 0 0 0 0 0 0 0 0 0 0 0 0 0 0 0 0 0 0 0 0 0 0 0 0 0 0 0 0 0 0 0 0 0 0 0 0 0 0 0 0 0 0 0 0 0 0 0 0 0 0 0 0 0 0 0 0 0 0 0 0 0 0 0 0 0 0 0 0 0 0 0 0 0 0 0 0 0 0 0 0 0 0 0 0 0 0 0 0 0 0 0 0 0 0 0 0 0 0 0 0 0 0 0 0 0 0 0 0 0 0 0 0 0 0 0 0 0 0 0 0 0 0 0 0 0
0 0 0 0 0 0 0 0 0 0 0 0 0 0 0 0 0 0 0 0 0 0 0 0 0 0 0 0 0 0 0 0 0 0 0 0 0 0 0 0 0 0 0 0 0 0 0 0 0 0 0 0 0 0 0 0 0 0 0 0 0 0 0 0 0 0 0 0 0 0 0 0 0 0 0 0 0 0 0 0 0 0 0 0 0 0 0 0 0 0 0 0 0 0 0 0 0 0 0 0 0 0 0 0 0 0 0 0 0 0 0 0 0 0 0 0 0 0 0 0 0 0 0 0 0 0 0 0 0 0 0 0 0 0 0 0 0 0 0 0 0 0 0 0 0 0 0 0 0 0
0 0 0 0 0 0 0 0 0 0 0 0 0 0 0 0 0 0 0 0 0 0 0 0 0 0 0 0 0 0 0 0 0 0 0 0 0 0 0 0 0 0 0 0 0 0 0 0 0 0 0 0 0 0 0 0 0 0 0 0 0 0 0 0 0 0 0 0 0 0 0 0 0 0 0 0 0 0 0 0 0 0 0 0 0 0 0 0 0 0 0 0 0 0 0 0 0 0 0 0 0 0 0 0 0 0 0 0 0 0 0 0 0 0 0 0 0 0 0 0 0 0 0 0 0 0 0 0 0 0 0 0 0 0 0 0 0 0 0 0 0 0 0 0 0 0 0 0 0 0
0 0 0 0 0 0 0 0 0 0 0 0 0 0 0 0 0 0 0 0 0 0 0 0 0 0 0 0 0 0 0 0 0 0 0 0 0 0 0 0 0 0 0 0 0 0 0 0 0 0 0 0 0 0 0 0 0 0 0 0 0 0 0 0 0 0 0 0 0 0 0 0 0 0 0 0 0 0 0 0 0 0 0 0 0 0 0 0 0 0 0 0 0 0 0 0 0 0 0 0 0 0 0 0 0 0 0 0 0 0 0 0 0 0 0 0 0 0 0 0 0 0 0 0 0 0 0 0 0 0 0 0 0 0 0 0 0 0 0 0 0 0 0 0 0 0 0 0 0 0
0 0 0 0 0 0 0 0 0 0 0 0 0 0 0 0 0 0 0 0 0 0 0 0 0 0 0 0 0 0 0 0 0 0 0 0 0 0 0 0 0 0 0 0 0 0 0 0 0 0 0 0 0 0 0 0 0 0 0 0 0 0 0 0 0 0 0 0 0 0 0 0 0 0 0 0 0 0 0 0 0 0 0 0 0 0 0 0 0 0 0 0 0 0 0 0 0 0 0 0 0 0 0 0 0 0 0 0 0 0 0 0 0 0 0 0 0 0 0 0 0 0 0 0 0 0 0 0 0 0 0 0 0 0 0 0 0 0 0 0 0 0 0 0 0 0 0 0 0 0
0 0 0 0 0 0 0 0 0 0 0 0 0 0 0 0 0 0 0 0 0 0 0 0 0 0 0 0 0 0 0 0 0 0 0 0 0 0 0 0 0 0 0 0 0 0 0 0 0 0 0 0 0 0 0 0 0 0 0 0 0 0 0 0 0 0 0 0 0 0 0 0 0 0 0 0 0 0 0 0 0 0 0 0 0 0 0 0 0 0 0 0 0 0 0 0 0 0 0 0 0 0 0 0 0 0 0 0 0 0 0 0 0 0 0 0 0 0 0 0 0 0 0 0 0 0 0 0 0 0 0 0 0 0 0 0 0 0 0 0 0 0 0 0 0 0 0 0 0 0
0 0 0 0 0 0 0 0 0 0 0 0 0 0 0 0 0 0 0 0 0 0 0 0 0 0 0 0 0 0 0 0 0 0 0 0 0 0 0 0 0 0 0 0 0 0 0 0 0 0 0 0 0 0 0 0 0 0 0 0 0 0 0 0 0 0 0 0 0 0 0 0 0 0 0 0 0 0 0 0 0 0 0 0 0 0 0 0 0 0 0 0 0 0 0 0 0 0 0 0 0 0 0 0 0 0 0 0 0 0 0 0 0 0 0 0 0 0 0 0 0 0 0 0 0 0 0 0 0 0 0 0 0 0 0 0 0 0 0 0 0 0 0 0 0 0 0 0 0 0
0 0 0 0 0 0 0 0 0 0 0 0 0 0 0 0 0 0 0 0 0 0 0 0 0 0 0 0 0 0 0 0 0 0 0 0 0 0 0 0 0 0 0 0 0 0 0 0 0 0 0 0 0 0 0 0 0 0 0 0 0 0 0 0 0 0 0 0 0 0 0 0 0 0 0 0 0 0 0 0 0 0 0 0 0 0 0 0 0 0 0 0 0 0 0 0 0 0 0 0 0 0 0 0 0 0 0 0 0 0 0 0 0 0 0 0 0 0 0 0 0 0 0 0 0 0 0 0 0 0 0 0 0 0 0 0 0 0 0 0 0 0 0 0 0 0 0 0 0 0
0 0 0 0 0 0 0 0 0 0 0 0 0 0 0 0 0 0 0 0 0 0 0 0 0 0 0 0 0 0 0 0 0 0 0 0 0 0 0 0 0 0 0 0 0 0 0 0 0 0 0 0 0 0 0 0 0 0 0 0 0 0 0 0 0 0 0 0 0 0 0 0 0 0 0 0 0 0 0 0 0 0 0 0 0 0 0 0 0 0 0 0 0 0 0 0 0 0 0 0 0 0 0 0 0 0 0 0 0 0 0 0 0 0 0 0 0 0 0 0 0 0 0 0 0 0 0 0 0 0 0 0 0 0 0 0 0 0 0 0 0 0 0 0 0 0 0 0 0 0
0 0 0 0 0 0 0 0 0 0 0 0 0 0 0 0 0 0 0 0 0 0 0 0 0 0 0 0 0 0 0 0 0 0 0 0 0 0 0 0 0 0 0 0 0 0 0 0 0 0 0 0 0 0 0 0 0 0 0 0 0 0 0 0 0 0 0 0 0 0 0 0 0 0 0 0 0 0 0 0 0 0 0 0 0 0 0 0 0 0 0 0 0 0 0 0 0 0 0 0 0 0 0 0 0 0 0 0 0 0 0 0 0 0 0 0 0 0 0 0 0 0 0 0 0 0 0 0 0 0 0 0 0 0 0 0 0 0 0 0 0 0 0 0 0 0 0 0 0 0
0 0 0 0 0 0 0 0 0 0 0 0 0 0 0 0 0 0 0 0 0 0 0 0 0 0 0 0 0 0 0 0 0 0 0 0 0 0 0 0 0 0 0 0 0 0 0 0 0 0 0 0 0 0 0 0 0 0 0 0 0 0 0 0 0 0 0 0 0 0 0 0 0 0 0 0 0 0 0 0 0 0 0 0 0 0 0 0 0 0 0 0 0 0 0 0 0 0 0 0 0 0 0 0 0 0 0 0 0 0 0 0 0 0 0 0 0 0 0 0 0 0 0 0 0 0 0 0 0 0 0 0 0 0 0 0 0 0 0 0 0 0 0 0 0 0 0 0 0 0
0 0 0 0 0 0 0 0 0 0 0 0 0 0 0 0 0 0 0 0 0 0 0 0 0 0 0 0 0 0 0 0 0 0 0 0 0 0 0 0 0 0 0 0 0 0 0 0 0 0 0 0 0 0 0 0 0 0 0 0 0 0 0 0 0 0 0 0 0 0 0 0 0 0 0 0 0 0 0 0 0 0 0 0 0 0 0 0 0 0 0 0 0 0 0 0 0 0 0 0 0 0 0 0 0 0 0 0 0 0 0 0 0 0 0 0 0 0 0 0 0 0 0 0 0 0 0 0 0 0 0 0 0 0 0 0 0 0 0 0 0 0 0 0 0 0 0 0 0 0
0 0 0 0 0 0 0 0 0 0 0 0 0 0 0 0 0 0 0 0 0 0 0 0 0 0 0 0 0 0 0 0 0 0 0 0 0 0 0 0 0 0 0 0 0 0 0 0 0 0 0 0 0 0 0 0 0 0 0 0 0 0 0 0 0 0 0 0 0 0 0 0 0 0 0 0 0 0 0 0 0 0 0 0 0 0 0 0 0 0 0 0 0 0 0 0 0 0 0 0 0 0 0 0 0 0 0 0 0 0 0 0 0 0 0 0 0 0 0 0 0 0 0 0 0 0 0 0 0 0 0 0 0 0 0 0 0 0 0 0 0 0 0 0 0 0 0 0 0 0
0 0 0 0 0 0 0 0 0 0 0 0 0 0 0 0 0 0 0 0 0 0 0 0 0 0 0 0 0 0 0 0 0 0 0 0 0 0 0 0 0 0 0 0 0 0 0 0 0 0 0 0 0 0 0 0 0 0 0 0 0 0 0 0 0 0 0 0 0 0 0 0 0 0 0 0 0 0 0 0 0 0 0 0 0 0 0 0 0 0 0 0 0 0 0 0 0 0 0 0 0 0 0 0 0 0 0 0 0 0 0 0 0 0 0 0 0 0 0 0 0 0 0 0 0 0 0 0 0 0 0 0 0 0 0 0 0 0 0 0 0 0 0 0 0 0 0 0 0 0
0 0 0 0 0 0 0 0 0 0 0 0 0 0 0 0 0 0 0 0 0 0 0 0 0 0 0 0 0 0 0 0 0 0 0 0 0 0 0 0 0 0 0 0 0 0 0 0 0 0 0 0 0 0 0 0 0 0 0 0 0 0 0 0 0 0 0 0 0 0 0 0 0 0 0 0 0 0 0 0 0 0 0 0 0 0 0 0 0 0 0 0 0 0 0 0 0 0 0 0 0 0 0 0 0 0 0 0 0 0 0 0 0 0 0 0 0 0 0 0 0 0 0 0 0 0 0 0 0 0 0 0 0 0 0 0 0 0 0 0 0 0 0 0 0 0 0 0 0 0
0 0 0 0 0 0 0 0 0 0 0 0 0 0 0 0 0 0 0 0 0 0 0 0 0 0 0 0 0 0 0 0 0 0 0 0 0 0 0 0 0 0 0 0 0 0 0 0 0 0 0 0 0 0 0 0 0 0 0 0 0 0 0 0 0 0 0 0 0 0 0 0 0 0 0 0 0 0 0 0 0 0 0 0 0 0 0 0 0 0 0 0 0 0 0 0 0 0 0 0 0 0 0 0 0 0 0 0 0 0 0 0 0 0 0 0 0 0 0 0 0 0 0 0 0 0 0 0 0 0 0 0 0 0 0 0 0 0 0 0 0 0 0 0 0 0 0 0 0 0
0 0 0 0 0 0 0 0 0 0 0 0 0 0 0 0 0 0 0 0 0 0 0 0 0 0 0 0 0 0 0 0 0 0 0 0 0 0 0 0 0 0 0 0 0 0 0 0 0 0 0 0 0 0 0 0 0 0 0 0 0 0 0 0 0 0 0 0 0 0 0 0 0 0 0 0 0 0 0 0 0 0 0 0 0 0 0 0 0 0 0 0 0 0 0 0 0 0 0 0 0 0 0 0 0 0 0 0 0 0 0 0 0 0 0 0 0 0 0 0 0 0 0 0 0 0 0 0 0 0 0 0 0 0 0 0 0 0 0 0 0 0 0 0 0 0 0 0 0 0
0 0 0 0 0 0 0 0 0 0 0 0 0 0 0 0 0 0 0 0 0 0 0 0 0 0 0 0 0 0 0 0 0 0 0 0 0 0 0 0 0 0 0 0 0 0 0 0 0 0 0 0 0 0 0 0 0 0 0 0 0 0 0 0 0 0 0 0 0 0 0 0 0 0 0 0 0 0 0 0 0 0 0 0 0 0 0 0 0 0 0 0 0 0 0 0 0 0 0 0 0 0 0 0 0 0 0 0 0 0 0 0 0 0 0 0 0 0 0 0 0 0 0 0 0 0 0 0 0 0 0 0 0 0 0 0 0 0 0 0 0 0 0 0 0 0 0 0 0 0
0 0 0 0 0 0 0 0 0 0 0 0 0 0 0 0 0 0 0 0 0 0 0 0 0 0 0 0 0 0 0 0 0 0 0 0 0 0 0 0 0 0 0 0 0 0 0 0 0 0 0 0 0 0 0 0 0 0 0 0 0 0 0 0 0 0 0 0 0 0 0 0 0 4.66988e-06 6.95965e-06 9.55932e-06 1.21008e-05 1.41171e-05 1.51782e-05 1.50399e-05 1.37347e-05 0 0 0 0 0 0 0 0 0 0 0 0 0 0 0 0 0 0 0 0 0 0 0 0 0 0 0 0 0 0 0 0 0 0 0 0 0 0 0 0 0 0 0 0 0 0 0 0 0 0 0 0 0 0 0 0 0 0 0 0 0 0 0 0 0 0 0 0 0
0 0 0 0 0 0 0 0 0 0 0 0 0 0 0 0 0 0 0 0 0 0 0 0 0 0 0 0 0 0 0 0 0 0 0 0 0 0 0 0 0 0 0 0 0 0 0 0 0 0 0 0 0 0 0 0 0 0 0 0 0 0 0 0 0 0 0 0 0 0 2.64195e-06 5.03007e-06 8.82603e-06 1.42727e-05 2.12714e-05 2.92169e-05 3.69839e-05 4.31465e-05 4.63903e-05 4.59676e-05 4.19781e-05 3.53298e-05 2.74036e-05 1.95896e-05 0 0 0 0 0 0 0 0 0 0 0 0 0 0 0 0 0 0 0 0 0 0 0 0 0 0 0 0 0 0 0 0 0 0 0 0 0 0 0 0 0 0 0 0 0 0 0 0 0 0 0 0 0 0 0 0 0 0 0 0 0 0 0 0 0 0
0 0 0 0 0 0 0 0 0 0 0 0 0 0 0 0 0 0 0 0 0 0 0 0 0 0 0 0 0 0 0 0 0 0 0 0 0 0 0 0 0 0 0 0 0 0 0 0 0 0 0 0 0 0 0 0 0 0 0 0 0 0 0 0 0 0 1.08102e-06 1.9045e-06 3.49098e-06 5.89085e-06 9.87071e-06 1.64477e-05 2.52538e-05 4.07647e-05 6.45977e-05 8.28217e-05 0.000104642 0.000121785 0.000130893 0.000129661 0.000118378 9.96107e-05 7.725e-05 5.52139e-05 3.63527e-05 2.20723e-05 0 0 0 0 0 0 0 0 0 0 0 0 0 0 0 0 0 0 0 0 0 0 0 0 0 0 0 0 0 0 0 0 0 0 0 0 0 0 0 0 0 0 0 0 0 0 0 0 0 0 0 0 0 0 0 0 0 0 0 0 0 0 0 0
0 0 0 0 0 0 0 0 0 0 0 0 0 0 0 0 0 0 0 0 0 0 0 0 0 0 0 0 0 0 0 0 0 0 0 0 0 0 0 0 0 0 0 0 0 0 0 0 0 0 0 0 0 0 0 0 0 0 0 0 0 0 0 0 0 1.5707e-06 2.99726e-06 5.5515e-06 1.01935e-05 1.74523e-05 2.98473e-05 4.92802e-05 7.88633e-05 0.000120289 0.000172599 0.000229804 0.000286504 0.000331249 0.000352892 0.000347034 0.000308893 0.00026 0.000201715 0.000144242 9.50705e-05 5.77562e-05 3.23196e-05 1.65353e-05 0 0 0 0 0 0 0 0 0 0 0 0 0 0 0 0 0 0 0 0 0 0 0 0 0 0 0 0 0 0 0 0 0 0 0 0 0 0 0 0 0 0 0 0 0 0 0 0 0 0 0 0 0 0 0 0 0 0 0 0 0 0
0 0 0 0 0 0 0 0 0 0 0 0 0 0 0 0 0 0 0 0 0 0 0 0 0 0 0 0 0 0 0 0 0 0 0 0 0 0 0 0 0 0 0 0 0 0 0 0 0 0 0 0 0 0 0 0 0 0 0 0 0 0 0 0 0 4.01384e-06 8.0341e-06 1.47601e-05 2.58831e-05 4.54844e-05 7.56024e-05 0.000123492 0.000195758 0.000296302 0.000424462 0.000565852 0.000701167 0.000804249 0.000855147 0.000840088 0.00076213 0.000638127 0.000485657 0.00034742 0.000229094 0.000139253 7.80261e-05 4.03011e-05 1.91738e-05 0 0 0 0 0 0 0 0 0 0 0 0 0 0 0 0 0 0 0 0 0 0 0 0 0 0 0 0 0 0 0 0 0 0 0 0 0 0 0 0 0 0 0 0 0 0 0 0 0 0 0 0 0 0 0 0 0 0 0 0 0
0 0 0 0 0 0 0 0 0 0 0 0 0 0 0 0 0 0 0 0 0 0 0 0 0 0 0 0 0 0 0 0 0 0 0 0 0 0 0 0 0 0 0 0 0 0 0 0 0 0 0 0 0 0 0 0 0 0 0 0 0 0 0 0 4.57194e-06 9.69465e-06 1.89114e-05 3.76724e-05 6.49659e-05 0.000108716 0.00017864 0.000288382 0.000452263 0.000683623 0.000968833 0.00128467 0.00158527 0.00181482 0.00192256 0.0018855 0.00170855 0.00142981 0.00110454 0.000787649 0.00051224 0.000311712 0.000174886 9.04644e-05 4.31449e-05 1.89521e-05 0 0 0 0 0 0 0 0 0 0 0 0 0 0 0 0 0 0 0 0 0 0 0 0 0 0 0 0 0 0 0 0 0 0 0 0 0 0 0 0 0 0 0 0 0 0 0 0 0 0 0 0 0 0 0 0 0 0 0 0
0 0 0 0 0 0 0 0 0 0 0 0 0 0 0 0 0 0 0 0 0 0 0 0 0 0 0 0 0 0 0 0 0 0 0 0 0 0 0 0 0 0 0 0 0 0 0 0 0 0 0 0 0 0 0 0 0 0 0 0 0 0 0 0 1.00603e-05 2.10472e-05 4.8526e-05 8.666e-05 0.000147812 0.000244396 0.000396309 0.000638373 0.000990049 0.00147107 0.00206779 0.0027241 0.00334461 0.00381419 0.00403184 0.00394394 0.00356977 0.00298602 0.00230727 0.00164617 0.00108439 0.000651956 0.000366665 0.000190189 9.09845e-05 4.01451e-05 1.63141e-05 0 0 0 0 0 0 0 0 0 0 0 0 0 0 0 0 0 0 0 0 0 0 0 0 0 0 0 0 0 0 0 0 0 0 0 0 0 0 0 0 0 0 0 0 0 0 0 0 0 0 0 0 0 0 0 0 0 0 0
0 0 0 0 0 0 0 0 0 0 0 0 0 0 0 0 0 0 0 0 0 0 0 0 0 0 0 0 0 0 0 0 0 0 0 0 0 0 0 0 0 0 0 0 0 0 0 0 0 0 0 0 0 0 0 0 0 0 0 0 0 0 0 0 2.01462e-05 5.77531e-05 0.000107811 0.000189951 0.000319601 0.000520861 0.000846539 0.00133067 0.00203585 0.00299018 0.00416158 0.00543903 0.00663664 0.00753405 0.00793875 0.00775295 0.00700888 0.00586319 0.00453474 0.00324121 0.00214012 0.00130519 0.000734986 0.000378901 0.000182187 8.08305e-05 3.30922e-05 1.24789e-05 0 0 0 0 0 0 0 0 0 0 0 0 0 0 0 0 0 0 0 0 0 0 0 0 0 0 0 0 0 0 0 0 0 0 0 0 0 0 0 0 0 0 0 0 0 0 0 0 0 0 0 0 0 0 0 0 0 0
0 0 0 0 0 0 0 0 0 0 0 0 0 0 0 0 0 0 0 0 0 0 0 0 0 0 0 0 0 0 0 0 0 0 0 0 0 0 0 0 0 0 0 0 0 0 0 0 0 0 0 0 0 0 0 0 0 0 0 0 0 0 0 1.64818e-05 6.37852e-05 0.000125357 0.000230637 0.000400369 0.000663315 0.00108971 0.00171874 0.00265873 0.00400557 0.00580287 0.0079843 0.0103393 0.0125269 0.0141477 0.0148575 0.0144847 0.0130933 0.0109628 0.00849762 0.00609344 0.00404027 0.0024762 0.00140247 0.000733818 0.000351777 0.000157287 6.49009e-05 2.47249e-05 0 0 0 0 0 0 0 0 0 0 0 0 0 0 0 0 0 0 0 0 0 0 0 0 0 0 0 0 0 0 0 0 0 0 0 0 0 0 0 0 0 0 0 0 0 0 0 0 0 0 0 0 0 0 0 0 0 0
0 0 0 0 0 0 0 0 0 0 0 0 0 0 0 0 0 0 0 0 0 0 0 0 0 0 0 0 0 0 0 0 0 0 0 0 0 0 0 0 0 0 0 0 0 0 0 0 0 0 0 0 0 0 0 0 0 0 0 0 0 0 0 6.45442e-05 0.00013467 0.000261523 0.000475002 0.000813258 0.00136937 0.00217353 0.00337428 0.00513734 0.00761925 0.0108795 0.014784 0.0189529 0.0227884 0.0256 0.0268001 0.0260973 0.0236046 0.0198092 0.0154085 0.0111016 0.00740348 0.00456744 0.00260545 0.00137383 0.000662784 0.000298956 0.000124491 4.78546e-05 1.69688e-05 0 0 0 0 0 0 0 0 0 0 0 0 0 0 0 0 0 0 0 0 0 0 0 0 0 0 0 0 0 0 0 0 0 0 0 0 0 0 0 0 0 0 0 0 0 0 0 0 0 0 0 0 0 0 0 0 0
0 0 0 0 0 0 0 0 0 0 0 0 0 0 0 0 0 0 0 0 0 0 0 0 0 0 0 0 0 0 0 0 0 0 0 0 0 0 0 0 0 0 0 0 0 0 0 0 0 0 0 0 0 0 0 0 0 0 0 0 0 0 0 0.00013057 0.000270364 0.000520541 0.000936325 0.00164135 0.00266802 0.00418788 0.00641975 0.0096346 0.0140837 0.0198382 0.0266384 0.033819 0.0403645 0.0451211 0.0471114 0.0458517 0.0415282 0.034952 0.027303 0.0197766 0.0132697 0.00824168 0.00473511 0.00251529 0.00123477 0.000554667 0.000232777 9.01584e-05 3.22242e-05 0 0 0 0 0 0 0 0 0 0 0 0 0 0 0 0 0 0 0 0 0 0 0 0 0 0 0 0 0 0 0 0 0 0 0 0 0 0 0 0 0 0 0 0 0 0 0 0 0 0 0 0 0 0 0 0 0
0 0 0 0 0 0 0 0 0 0 0 0 0 0 0 0 0 0 0 0 0 0 0 0 0 0 0 0 0 0 0 0 0 0 0 0 0 0 0 0 0 0 0 0 0 0 0 0 0 0 0 0 0 0 0 0 0 0 0 0 0 0 0.000108441 0.0002481 0.000511279 0.000988895 0.0017686 0.00308842 0.0049808 0.00774981 0.0117589 0.0174549 0.0252207 0.0351259 0.0466922 0.0587857 0.0697225 0.0776132 0.0808622 0.0786765 0.0713517 0.0602119 0.0472097 0.0343464 0.0231609 0.0144619 0.00835474 0.00446261 0.00220279 0.00100434 0.000418958 0.000163137 5.86027e-05 1.94201e-05 0 0 0 0 0 0 0 0 0 0 0 0 0 0 0 0 0 0 0 0 0 0 0 0 0 0 0 0 0 0 0 0 0 0 0 0 0 0 0 0 0 0 0 0 0 0 0 0 0 0 0 0 0 0 0 0
0 0 0 0 0 0 0 0 0 0 0 0 0 0 0 0 0 0 0 0 0 0 0 0 0 0 0 0 0 0 0 0 0 0 0 0 0 0 0 0 0 0 0 0 0 0 0 0 0 0 0 0 0 0 0 0 0 0 0 0 0 0 0.000195098 0.000439807 0.000920399 0.00178583 0.00325873 0.00548838 0.00880528 0.0136285 0.0205468 0.0302675 0.0433611 0.059874 0.0789664 0.0987613 0.116536 0.129265 0.134405 0.130689 0.118583 0.100215 0.078747 0.0574443 0.0388551 0.0243343 0.0141047 0.0075588 0.00374327 0.00171211 0.000714975 0.000279325 0.000100659 3.34588e-05 0 0 0 0 0 0 0 0 0 0 0 0 0 0 0 0 0 0 0 0 0 0 0 0 0 0 0 0 0 0 0 0 0 0 0 0 0 0 0 0 0 0 0 0 0 0 0 0 0 0 0 0 0 0 0 0
0 0 0 0 0 0 0 0 0 0 0 0 0 0 0 0 0 0 0 0 0 0 0 0 0 0 0 0 0 0 0 0 0 0 0 0 0 0 0 0 0 0 0 0 0 0 0 0 0 0 0 0 0 0 0 0 0 0 0 0 0 0 0.000324072 0.000790831 0.00160394 0.00301107 0.00547893 0.0091794 0.014672 0.0226245 0.0339623 0.0497597 0.0708467 0.0971992 0.127415 0.158509 0.186225 0.205879 0.213568 0.207365 0.18803 0.1589 0.124918 0.091206 0.0617591 0.0387401 0.0224891 0.012061 0.00598188 0.00274022 0.00115894 0.000447603 0.000161632 5.38482e-05 0 0 0 0 0 0 0 0 0 0 0 0 0 0 0 0 0 0 0 0 0 0 0 0 0 0 0 0 0 0 0 0 0 0 0 0 0 0 0 0 0 0 0 0 0 0 0 0 0 0 0 0 0 0 0 0
0 0 0 0 0 0 0 0 0 0 0 0 0 0 0 0 0 0 0 0 0 0 0 0 0 0 0 0 0 0 0 0 0 0 0 0 0 0 0 0 0 0 0 0 0 0 0 0 0 0 0 0 0 0 0 0 0 0 0 0 0 0.000207915 0.000581277 0.00130503 0.00258867 0.00493498 0.00868569 0.0144605 0.0230122 0.0353447 0.0528426 0.0770642 0.109156 0.148962 0.19427 0.240554 0.28146 0.310083 0.320731 0.310681 0.281194 0.2373 0.18637 0.135993 0.0920592 0.0577471 0.0335311 0.0180079 0.00893885 0.00408558 0.00172905 0.000666788 0.000241155 8.0492e-05 0 0 0 0 0 0 0 0 0 0 0 0 0 0 0 0 0 0 0 0 0 0 0 0 0 0 0 0 0 0 0 0 0 0 0 0 0 0 0 0 0 0 0 0 0 0 0 0 0 0 0 0 0 0 0 0
0 0 0 0 0 0 0 0 0 0 0 0 0 0 0 0 0 0 0 0 0 0 0 0 0 0 0 0 0 0 0 0 0 0 0 0 0 0 0 0 0 0 0 0 0 0 0 0 0 0 0 0 0 0 0 0 0 0 0 0 0 0.000421163 0.000992983 0.00206235 0.00403456 0.00753546 0.0130961 0.0215768 0.0340585 0.0519877 0.0772975 0.112122 0.157944 0.214388 0.278175 0.34283 0.399407 0.438304 0.451742 0.436185 0.393674 0.33142 0.259767 0.189251 0.127966 0.0802047 0.0465546 0.0250028 0.0124162 0.00569872 0.00239163 0.000920172 0.000333301 0.000111509 3.45527e-05 0 0 0 0 0 0 0 0 0 0 0 0 0 0 0 0 0 0 0 0 0 0 0 0 0 0 0 0 0 0 0 0 0 0 0 0 0 0 0 0 0 0 0 0 0 0 0 0 0 0 0 0 0 0 0
0 0 0 0 0 0 0 0 0 0 0 0 0 0 0 0 0 0 0 0 0 0 0 0 0 0 0 0 0 0 0 0 0 0 0 0 0 0 0 0 0 0 0 0 0 0 0 0 0 0 0 0 0 0 0 0 0 0 0 0 0.000257853 0.000730609 0.00159811 0.00321421 0.00613756 0.011163 0.0189815 0.030767 0.0479282 0.0723796 0.106638 0.153425 0.214519 0.289219 0.373011 0.457227 0.530067 0.579048 0.594292 0.571603 0.514078 0.43145 0.3373 0.245243 0.165595 0.103718 0.0602017 0.0323546 0.0160923 0.00739119 0.00314271 0.00121364 0.000426282 0.000143125 4.47195e-05 0 0 0 0 0 0 0 0 0 0 0 0 0 0 0 0 0 0 0 0 0 0 0 0 0 0 0 0 0 0 0 0 0 0 0 0 0 0 0 0 0 0 0 0 0 0 0 0 0 0 0 0 0 0 0
0 0 0 0 0 0 0 0 0 0 0 0 0 0 0 0 0 0 0 0 0 0 0 0 0 0 0 0 0 0 0 0 0 0 0 0 0 0 0 0 0 0 0 0 0 0 0 0 0 0 0 0 0 0 0 0 0 0 0 0 0.000451944 0.00120223 0.00252579 0.00500637 0.00919209 0.016194 0.0268238 0.042488 0.064883 0.0962945 0.139737 0.198393 0.274237 0.36616 0.468399 0.570189 0.657068 0.713972 0.729264 0.698402 0.625745 0.523525 0.408299 0.296399 0.200022 0.125338 0.0728706 0.0392826 0.0196249 0.00908775 0.00390158 0.00153297 0.000555252 0.000170499 5.40652e-05 0 0 0 0 0 0 0 0 0 0 0 0 0 0 0 0 0 0 0 0 0 0 0 0 0 0 0 0 0 0 0 0 0 0 0 0 0 0 0 0 0 0 0 0 0 0 0 0 0 0 0 0 0 0 0
0 0 0 0 0 0 0 0 0 0 0 0 0 0 0 0 0 0 0 0 0 0 0 0 0 0 0 0 0 0 0 0 0 0 0 0 0 0 0 0 0 0 0 0 0 0 0 0 0 0 0 0 0 0 0 0 0 0 0 0.000353913 0.000851979 0.00197641 0.00399595 0.00760071 0.0136881 0.0232013 0.037379 0.0575866 0.0856137 0.123922 0.175734 0.244434 0.33198 0.43683 0.552255 0.665939 0.761572 0.822364 0.835645 0.796933 0.711748 0.594225 0.463066 0.336376 0.227537 0.143196 0.083789 0.0455678 0.0230357 0.0108256 0.00473681 0.00193293 0.000728844 0.000189215 6.16381e-05 0 0 0 0 0 0 0 0 0 0 0 0 0 0 0 0 0 0 0 0 0 0 0 0 0 0 0 0 0 0 0 0 0 0 0 0 0 0 0 0 0 0 0 0 0 0 0 0 0 0 0 0 0 0 0
0 0 0 0 0 0 0 0 0 0 0 0 0 0 0 0 0 0 0 0 0 0 0 0 0 0 0 0 0 0 0 0 0 0 0 0 0 0 0 0 0 0 0 0 0 0 0 0 0 0 0 0 0 0 0 0 0 0 0.000256601 0.000640157 0.00143109 0.0031137 0.00612891 0.0113631 0.0199179 0.0329352 0.0516008 0.0772173 0.111343 0.156184 0.214741 0.290125 0.384036 0.494609 0.614705 0.731547 0.828368 0.888046 0.897898 0.853783 0.761809 0.636807 0.498051 0.364077 0.248555 0.158366 0.0941443 0.0522102 0.0270104 0.0130515 0.00589359 0.00249659 0.000988332 0.00037938 6.73666e-05 0 0 0 0 0 0 0 0 0 0 0 0 0 0 0 0 0 0 0 0 0 0 0 0 0 0 0 0 0 0 0 0 0 0 0 0 0 0 0 0 0 0 0 0 0 0 0 0 0 0 0 0 0 0 0
0 0 0 0 0 0 0 0 0 0 0 0 0 0 0 0 0 0 0 0 0 0 0 0 0 0 0 0 0 0 0 0 0 0 0 0 0 0 0 0 0 0 0 0 0 0 0 0 0 0 0 0 0 0 0 0 0 0.000140293 0.000494983 0.00108589 0.00238433 0.00482977 0.00924921 0.0167216 0.0286292 0.0461782 0.0705558 0.102686 0.143521 0.19451 0.257771 0.335697 0.429445 0.537023 0.651728 0.761797 0.851849 0.906159 0.913022 0.868596 0.778466 0.656209 0.51963 0.386141 0.269031 0.175589 0.10728 0.0613206 0.0327971 0.0164092 0.00769982 0.0033962 0.00141738 0.000581075 0.000246368 0 0 0 0 0 0 0 0 0 0 0 0 0 0 0 0 0 0 0 0 0 0 0 0 0 0 0 0 0 0 0 0 0 0 0 0 0 0 0 0 0 0 0 0 0 0 0 0 0 0 0 0 0 0 0
0 0 0 0 0 0 0 0 0 0 0 0 0 0 0 0 0 0 0 0 0 0 0 0 0 0 0 0 0 0 0 0 0 0 0 0 0 0 0 0 0 0 0 0 0 0 0 0 0 0 0 0 0 0 0 0 0.000139734 0.000402037 0.00086616 0.00187751 0.00383059 0.00744114 0.0137823 0.0242855 0.0405057 0.0638534 0.0953011 0.135169 0.183425 0.240145 0.30612 0.382547 0.469919 0.566436 0.666791 0.761802 0.839326 0.886634 0.893738 0.856493 0.778133 0.668656 0.542307 0.414269 0.297454 0.200381 0.126461 0.0746905 0.0412661 0.021323 0.0103379 0.00473734 0.0020806 0.000921804 0.000433293 0.000185323 0 0 0.000104022 0.000102084 9.27864e-05 0 0 0 0 0 0 0 0 0 0 0 0 0 0 0 0 0 0 0 0 0 0 0 0 0 0 0 0 0 0 0 0 0 0 0 0 0 0 0 0 0 0 0 0 0 0 0 0 0
0 0 0 0 0 0 0 0 0 0 0 0 0 0 0 0 0 0 0 0 0 0 0 0 0 0 0 0 0 0 0 0 0 0 0 0 0 0 0 0 0 0 0 0 0 0 0 0 0 0 0 0 0 0 0 0.000131237 0.000310113 0.000726911 0.00156482 0.00315393 0.00609593 0.0113537 0.0203388 0.0347294 0.0564259 0.0868876 0.126755 0.175518 0.231692 0.293691 0.360576 0.432249 0.508743 0.589004 0.669955 0.746139 0.809908 0.852365 0.86513 0.842477 0.783309 0.692106 0.578593 0.455854 0.337354 0.233933 0.151751 0.0920337 0.0521975 0.0277211 0.0138593 0.00659298 0.00306005 0.0014979 0.000815525 0.000506577 0.000340969 0.000280921 0.000299013 0.000295057 0.000269421 0.000227437 0.000177519 0.000128138 8.55672e-05 5.28789e-05 0 0 0 0 0 0 0 0 0 0 0 0 0 0 0 0 0 0 0 0 0 0 0 0 0 0 0 0 0 0 0 0 0 0 0 0 0 0 0 0 0 0 0 0
0 0 0 0 0 0 0 0 0 0 0 0 0 0 0 0 0 0 0 0 0 0 0 0 0 0 0 0 0 0 0 0 0 0 0 0 0 0 0 0 0 0 0 0 0 0 0 0 0 0 0 0 0 0 0.000113317 0.000255253 0.000634744 0.00136288 0.00272087 0.005187 0.00956322 0.0171301 0.0295208 0.0488337 0.0771463 0.115973 0.165396 0.223792 0.288091 0.354758 0.421116 0.486081 0.549887 0.613041 0.675344 0.735229 0.78925 0.831554 0.854157 0.848528 0.808482 0.73319 0.628799 0.50747 0.384074 0.272028 0.180137 0.111537 0.064666 0.0352187 0.018159 0.00904783 0.00456109 0.00249906 0.00150755 0.0010378 0.000808469 0.00079783 0.00080003 0.00079368 0.000728498 0.000618405 0.000485591 0.00035281 0.000237257 0.000147723 8.51836e-05 4.55049e-05 0 0 0 0 0 0 0 0 0 0 0 0 0 0 0 0 0 0 0 0 0 0 0 0 0 0 0 0 0 0 0 0 0 0 0 0 0 0 0 0 0 0
0 0 0 0 0 0 0 0 0 0 0 0 0 0 0 0 0 0 0 0 0 0 0 0 0 0 0 0 0 0 0 0 0 0 0 0 0 0 0 0 0 0 0 0 0 0 0 0 0 0 0 0 0 0 0.000297633 0.000611032 0.00122062 0.00244144 0.00457345 0.00833485 0.0147546 0.0253252 0.0420403 0.0672658 0.103215 0.15124 0.210764 0.278984 0.351129 0.421827 0.486992 0.54521 0.597892 0.648035 0.698453 0.750237 0.801679 0.847446 0.878546 0.884026 0.854566 0.786521 0.684441 0.560435 0.43048 0.309717 0.208657 0.131738 0.0781257 0.0437487 0.0234311 0.012377 0.00684534 0.00417749 0.00281479 0.00207831 0.00184301 0.00192854 0.00199459 0.00199003 0.00183715 0.00156921 0.00124039 0.00090761 0.000614924 0.000385864 0.000224299 0.000120797 6.02749e-05 0 0 0 0 0 0 0 0 0 0 0 0 0 0 0 0 0 0 0 0 0 0 0 0 0 0 0 0 0 0 0 0 0 0 0 0 0 0 0 0 0
0 0 0 0 0 0 0 0 0 0 0 0 0 0 0 0 0 0 0 0 0 0 0 0 0 0 0 0 0 0 0 0 0 0 0 0 0 0 0 0 0 0 0 0 0 0 0 0 0 0 0 0 0.000130109 0.000299852 0.000596022 0.00118728 0.00225507 0.0041827 0.00750056 0.0130841 0.0222237 0.0366228 0.0585463 0.0904946 0.134668 0.192103 0.2615 0.338914 0.418142 0.492466 0.557087 0.611158 0.658132 0.703904 0.753405 0.807774 0.86349 0.91305 0.946214 0.951817 0.920743 0.849564 0.742919 0.61294 0.475842 0.347168 0.238048 0.15359 0.0935309 0.0541517 0.0303537 0.0171546 0.0103863 0.00693696 0.00507988 0.00421875 0.00406173 0.00438997 0.00467069 0.00465735 0.00432656 0.00372013 0.00296124 0.00218274 0.00149011 0.000942317 0.000552039 0.000299609 0.000150636 7.0157e-05 3.02648e-05 0 0 0 0 0 0 0 0 0 0 0 0 0 0 0 0 0 0 0 0 0 0 0 0 0 0 0 0 0 0 0 0 0 0 0 0 0 0 0
0 0 0 0 0 0 0 0 0 0 0 0 0 0 0 0 0 0 0 0 0 0 0 0 0 0 0 0 0 0 0 0 0 0 0 0 0 0 0 0 0 0 0 0 0 0 0 0 0 0 0 0.000130579 0.000275699 0.000597665 0.00116903 0.00218925 0.00396439 0.00700043 0.0119927 0.0200603 0.0326675 0.0517532 0.0796688 0.118881 0.17137 0.237667 0.315825 0.401034 0.486285 0.564407 0.630928 0.686415 0.736653 0.789554 0.850045 0.916529 0.981446 1.03428 1.06413 1.06129 1.01908 0.93618 0.818416 0.678221 0.531484 0.39342 0.275077 0.181881 0.1141 0.0685144 0.0402761 0.0242791 0.0158339 0.0113412 0.00891506 0.00809717 0.0085373 0.00939082 0.0101249 0.0101852 0.00952357 0.00824471 0.00660951 0.00490742 0.00337492 0.00215001 0.00126873 0.000693454 0.000351023 0.000164554 7.14414e-05 2.87369e-05 0 0 0 0 0 0 0 0 0 0 0 0 0 0 0 0 0 0 0 0 0 0 0 0 0 0 0 0 0 0 0 0 0 0 0 0 0 0
0 0 0 0 0 0 0 0 0 0 0 0 0 0 0 0 0 0 0 0 0 0 0 0 0 0 0 0 0 0 0 0 0 0 0 0 0 0 0 0 0 0 0 0 0 0 0 0 0 0 0.00011406 0.000258995 0.000566958 0.00113287 0.00215887 0.00390938 0.00678191 0.0114311 0.018732 0.0300197 0.0469488 0.0715581 0.106152 0.152923 0.213398 0.287477 0.372715 0.463965 0.554345 0.637448 0.710243 0.775191 0.839555 0.911066 0.992156 1.0773 1.15529 1.21348 1.24068 1.22841 1.17207 1.07263 0.937702 0.780685 0.617784 0.464182 0.33106 0.224267 0.144731 0.0898302 0.0549915 0.0348534 0.0240005 0.018137 0.0152686 0.0150289 0.0167302 0.0189735 0.0205432 0.0208269 0.0196003 0.0170819 0.0137879 0.0103079 0.00713777 0.00457782 0.00271904 0.00149549 0.00076155 0.000359059 0.000156775 6.34435e-05 2.38486e-05 0 0 0 0 0 0 0 0 0 0 0 0 0 0 0 0 0 0 0 0 0 0 0 0 0 0 0 0 0 0 0 0 0 0 0 0 0
0 0 0 0 0 0 0 0 0 0 0 0 0 0 0 0 0 0 0 0 0 0 0 0 0 0 0 0 0 0 0 0 0 0 0 0 0 0 0 0 0 0 0 0 0 0 0 0 0 8.68981e-05 0.000211621 0.000478342 0.00102786 0.00204348 0.00381092 0.00669706 0.0112567 0.0182074 0.0286206 0.0439997 0.0661336 0.0971146 0.139026 0.193595 0.261636 0.342397 0.433115 0.529009 0.624429 0.714949 0.799828 0.883065 0.971505 1.0701 1.17737 1.2846 1.37888 1.4468 1.47674 1.46001 1.39235 1.27577 1.11949 0.938607 0.750788 0.572399 0.415673 0.287546 0.18995 0.120995 0.0763148 0.0500858 0.0358592 0.0283876 0.0254828 0.0267778 0.0309763 0.0357248 0.0390834 0.0398373 0.0377069 0.0330681 0.0268602 0.0202071 0.0140787 0.00908326 0.00542581 0.00300043 0.00153585 0.000727819 0.000319486 0.000130116 4.93283e-05 1.74993e-05 0 0 0 0 0 0 0 0 0 0 0 0 0 0 0 0 0 0 0 0 0 0 0 0 0 0 0 0 0 0 0 0 0 0 0 0
0 0 0 0 0 0 0 0 0 0 0 0 0 0 0 0 0 0 0 0 0 0 0 0 0 0 0 0 0 0 0 0 0 0 0 0 0 0 0 0 0 0 0 0 0 0 0 0 5.956e-05 0.000152738 0.000367358 0.000832103 0.00174717 0.00344734 0.00633715 0.0109522 0.0179657 0.0281871 0.0427736 0.0632495 0.091558 0.12975 0.179645 0.242363 0.31787 0.404722 0.500086 0.600231 0.701665 0.802866 0.905525 1.01404 1.13277 1.26224 1.39707 1.52689 1.63883 1.71976 1.75745 1.74185 1.66751 1.5362 1.35803 1.14976 0.93102 0.720275 0.53185 0.374678 0.252365 0.164114 0.105888 0.0713011 0.0525993 0.0433624 0.0411786 0.045518 0.0540141 0.0630302 0.0694284 0.0712107 0.0677554 0.0597538 0.0488074 0.0369198 0.0258602 0.0167696 0.0100662 0.00559228 0.00287558 0.00136907 0.000604218 0.000247849 9.50239e-05 3.44053e-05 0 0 0 0 0 0 0 0 0 0 0 0 0 0 0 0 0 0 0 0 0 0 0 0 0 0 0 0 0 0 0 0 0 0 0 0
0 0 0 0 0 0 0 0 0 0 0 0 0 0 0 0 0 0 0 0 0 0 0 0 0 0 0 0 0 0 0 0 0 0 0 0 0 0 0 0 0 0 0 0 0 0 0 4.02953e-05 0.000103818 0.000256637 0.000602693 0.00134117 0.00280138 0.00545596 0.0099459 0.0170092 0.0274594 0.0421816 0.0622526 0.0891249 0.124669 0.170909 0.229411 0.300702 0.383888 0.476871 0.576939 0.6818 0.790718 0.905276 1.02907 1.16568 1.31571 1.47504 1.6352 1.78519 1.9131 2.00659 2.05312 2.0414 1.9646 1.8236 1.62822 1.3956 1.14647 0.901236 0.676902 0.485358 0.332891 0.22059 0.145198 0.0999062 0.0755623 0.0644868 0.0640387 0.0733249 0.0885209 0.104099 0.115281 0.118825 0.113592 0.100656 0.0826086 0.0627794 0.0441714 0.0287674 0.0173393 0.00967175 0.0049936 0.00238843 0.0010604 0.000438896 0.00017078 6.33561e-05 2.27904e-05 0 0 0 0 0 0 0 0 0 0 0 0 0 0 0 0 0 0 0 0 0 0 0 0 0 0 0 0 0 0 0 0 0 0 0
0 0 0 0 0 0 0 0 0 0 0 0 0 0 0 0 0 0 0 0 0 0 0 0 0 0 0 0 0 0 0 0 0 0 0 0 0 0 0 0 0 0 0 0 0 0 0 7.42749e-05 0.000180225 0.000422027 0.000951402 0.0020604 0.00422179 0.00813733 0.0147265 0.0250168 0.0400258 0.0606697 0.087847 0.122668 0.166692 0.221719 0.289124 0.369022 0.45985 0.558968 0.663901 0.77389 0.890883 1.01921 1.16361 1.32605 1.50346 1.68772 1.868 2.03305 2.17202 2.27381 2.32654 2.31919 2.24454 2.10231 1.90036 1.65365 1.38176 1.10591 0.845892 0.617607 0.431332 0.291191 0.195451 0.137197 0.10596 0.0928979 0.0952262 0.111509 0.136013 0.160794 0.178721 0.184906 0.177474 0.157853 0.130055 0.0992181 0.0700694 0.045799 0.0277022 0.0155074 0.00803823 0.00386394 0.00172808 0.000723875 0.000287387 0.000110018 4.13151e-05 0 0 0 0 0 0 0 0 0 0 0 0 0 0 0 0 0 0 0 0 0 0 0 0 0 0 0 0 0 0 0 0 0 0 0
0 0 0 0 0 0 0 0 0 0 0 0 0 0 0 0 0 0 0 0 0 0 0 0 0 0 0 0 0 0 0 0 0 0 0 0 0 0 0 0 0 0 0 0 0 0 5.63598e-05 0.000136606 0.000314289 0.000693575 0.00148161 0.00306274 0.00608829 0.0115256 0.02065 0.0348722 0.0555075 0.083529 0.119555 0.164089 0.217949 0.282341 0.358328 0.445837 0.543084 0.647218 0.756134 0.870425 0.994203 1.13379 1.29433 1.47619 1.67322 1.87442 2.06715 2.23992 2.38284 2.48659 2.5417 2.53949 2.47384 2.34296 2.15027 1.90519 1.62319 1.32481 1.0327 0.767883 0.546074 0.37566 0.257207 0.183998 0.144458 0.128922 0.134703 0.159653 0.195712 0.231955 0.258423 0.268037 0.257999 0.230169 0.190223 0.145569 0.103119 0.0676062 0.0410202 0.0230413 0.0119941 0.00580016 0.00261913 0.00111528 0.000454773 0.000180838 7.09366e-05 2.73106e-05 0 0 0 0 0 0 0 0 0 0 0 0 0 0 0 0 0 0 0 0 0 0 0 0 0 0 0 0 0 0 0 0 0 0
0 0 0 0 0 0 0 0 0 0 0 0 0 0 0 0 0 0 0 0 0 0 0 0 0 0 0 0 0 0 0 0 0 0 0 0 0 0 0 0 0 0 0 0 0 0 0.000103409 0.000244626 0.000542908 0.00114148 0.00230498 0.0045052 0.00855857 0.0157146 0.0276619 0.046298 0.0733532 0.109942 0.156358 0.212248 0.277198 0.351237 0.434744 0.527595 0.628336 0.734603 0.844962 0.961127 1.08863 1.23479 1.40462 1.59699 1.80368 2.01173 2.20735 2.37889 2.51764 2.61702 2.67185 2.67786 2.63102 2.52689 2.36166 2.13568 1.85784 1.54686 1.22853 0.929929 0.67335 0.472305 0.330087 0.240358 0.190832 0.171689 0.180705 0.214883 0.26348 0.312268 0.348119 0.361567 0.34866 0.311724 0.258236 0.198101 0.140691 0.0924849 0.0562809 0.0317272 0.0165982 0.00809028 0.00370268 0.00161226 0.000679727 0.000281909 0.000115241 4.58093e-05 0 0 0 0 0 0 0 0 0 0 0 0 0 0 0 0 0 0 0 0 0 0 0 0 0 0 0 0 0 0 0 0 0 0
0 0 0 0 0 0 0 0 0 0 0 0 0 0 0 0 0 0 0 0 0 0 0 0 0 0 0 0 0 0 0 0 0 0 0 0 0 0 0 0 0 0 0 0 0 7.09483e-05 0.000178563 0.000416822 0.000906066 0.00184936 0.00357019 0.00662218 0.0119238 0.0209667 0.0358551 0.059064 0.0928609 0.138625 0.196332 0.264595 0.341354 0.424847 0.514228 0.609226 0.709285 0.813385 0.921428 1.03616 1.16373 1.31137 1.48326 1.67698 1.88296 2.08715 2.27521 2.43587 2.5623 2.65201 2.70576 2.72503 2.70776 2.64506 2.52318 2.33128 2.07048 1.75738 1.42103 1.09478 0.807694 0.578485 0.413069 0.305631 0.243936 0.219078 0.229725 0.271853 0.331849 0.39217 0.436655 0.453517 0.43769 0.39188 0.325183 0.249959 0.177915 0.117253 0.0715764 0.0405216 0.0213383 0.0105146 0.00490138 0.0021969 0.000963366 0.000416463 0.00017636 7.18065e-05 0 0 0 0 0 0 0 0 0 0 0 0 0 0 0 0 0 0 0 0 0 0 0 0 0 0 0 0 0 0 0 0 0 0
0 0 0 0 0 0 0 0 0 0 0 0 0 0 0 0 0 0 0 0 0 0 0 0 0 0 0 0 0 0 0 0 0 0 0 0 0 0 0 0 0 0 0 0 0 0.000114961 0.000287688 0.000666345 0.0014316 0.00287026 0.00539038 0.0096137 0.0165055 0.0276689 0.0455334 0.0731605 0.113478 0.168233 0.237135 0.317685 0.405946 0.497974 0.591243 0.685117 0.780232 0.877768 0.979721 1.09005 1.21484 1.36023 1.52881 1.71671 1.91336 2.10421 2.27499 2.41557 2.52218 2.59781 2.65035 2.68716 2.70699 2.69469 2.62541 2.47721 2.24391 1.9401 1.59724 1.25379 0.944455 0.692224 0.505271 0.378778 0.301958 0.268119 0.277157 0.323738 0.391364 0.459639 0.51001 0.528892 0.510327 0.457198 0.37986 0.292495 0.208646 0.13789 0.0844935 0.0481045 0.0255621 0.0127881 0.0061083 0.00283518 0.00129524 0.000581724 0.000253123 0.000104751 4.06955e-05 0 0 0 0 0 0 0 0 0 0 0 0 0 0 0 0 0 0 0 0 0 0 0 0 0 0 0 0 0 0 0 0 0
0 0 0 0 0 0 0 0 0 0 0 0 0 0 0 0 0 0 0 0 0 0 0 0 0 0 0 0 0 0 0 0 0 0 0 0 0 0 0 0 0 0 0 0 0 0.000172953 0.000430852 0.000992514 0.00211703 0.00420118 0.00776283 0.013504 0.0223922 0.0360042 0.0569024 0.0886159 0.134763 0.197546 0.276477 0.367966 0.466194 0.565008 0.660082 0.750257 0.837408 0.925301 1.01866 1.1229 1.24375 1.38556 1.54861 1.72713 1.90942 2.08053 2.22674 2.33991 2.42052 2.47812 2.52805 2.58275 2.64019 2.67837 2.66264 2.56239 2.36558 2.08423 1.74999 1.40357 1.08274 0.813433 0.60611 0.458315 0.362573 0.31556 0.318385 0.363993 0.433174 0.503536 0.555269 0.573925 0.553041 0.495466 0.41207 0.317864 0.227329 0.150781 0.0928739 0.0532996 0.0286868 0.0146474 0.00721065 0.00347653 0.00165019 0.000763913 0.000338962 0.000141888 5.54079e-05 0 0 0 0 0 0 0 0 0 0 0 0 0 0 0 0 0 0 0 0 0 0 0 0 0 0 0 0 0 0 0 0 0
0 0 0 0 0 0 0 0 0 0 0 0 0 0 0 0 0 0 0 0 0 0 0 0 0 0 0 0 0 0 0 0 0 0 0 0 0 0 0 0 0 0 0 0 0 0.000241514 0.000599074 0.00137372 0.00292058 0.00574575 0.0105126 0.0180111 0.0291976 0.0455299 0.0695009 0.104888 0.155881 0.225166 0.312124 0.412199 0.517914 0.621221 0.716207 0.801249 0.879299 0.956607 1.0407 1.13867 1.25599 1.39502 1.55338 1.72279 1.88982 2.03888 2.15696 2.23862 2.28933 2.32559 2.36962 2.43747 2.52549 2.60613 2.63872 2.58751 2.43588 2.19156 1.8826 1.54779 1.22508 0.942448 0.713838 0.541389 0.422673 0.358174 0.34973 0.388126 0.451726 0.517242 0.565014 0.58087 0.558361 0.500055 0.416367 0.32197 0.231134 0.154129 0.0956755 0.0555444 0.0304223 0.0159355 0.00811165 0.00405513 0.00198588 0.000939399 0.000422141 0.000177893 6.96722e-05 0 0 0 0 0 0 0 0 0 0 0 0 0 0 0 0 0 0 0 0 0 0 0 0 0 0 0 0 0 0 0 0 0
0 0 0 0 0 0 0 0 0 0 0 0 0 0 0 0 0 0 0 0 0 0 0 0 0 0 0 0 0 0 0 0 0 0 0 0 0 0 0 0 0 0 0 0 0 0.000313136 0.000773303 0.00176541 0.00373681 0.00731272 0.013289 0.0225441 0.0360291 0.0550388 0.0818775 0.120344 0.174997 0.248926 0.341443 0.447255 0.557623 0.66306 0.75661 0.836302 0.905891 0.973571 1.04927 1.14181 1.25673 1.39476 1.55077 1.71357 1.86743 1.99571 2.08612 2.13616 2.15644 2.16984 2.20409 2.27745 2.38486 2.49642 2.57003 2.56807 2.46966 2.27528 2.00502 1.69178 1.3718 1.07567 0.822962 0.622537 0.477831 0.392652 0.368775 0.394554 0.446311 0.50088 0.540077 0.551113 0.528031 0.47282 0.394577 0.306438 0.221378 0.148905 0.0935255 0.0551783 0.0308914 0.0166409 0.00874057 0.00449735 0.00224989 0.00107823 0.000487905 0.000206295 8.09992e-05 0 0 0 0 0 0 0 0 0 0 0 0 0 0 0 0 0 0 0 0 0 0 0 0 0 0 0 0 0 0 0 0 0
0 0 0 0 0 0 0 0 0 0 0 0 0 0 0 0 0 0 0 0 0 0 0 0 0 0 0 0 0 0 0 0 0 0 0 0 0 0 0 0 0 0 0 0 0 0.000377124 0.000927026 0.00210671 0.00444042 0.00864848 0.0156319 0.0263375 0.0416934 0.062849 0.091883 0.132479 0.189347 0.265835 0.361242 0.469806 0.58202 0.687583 0.778933 0.853929 0.916765 0.976828 1.04582 1.13414 1.24776 1.3862 1.54183 1.7005 1.844 1.95458 2.02079 2.04289 2.03597 2.0279 2.05012 2.12204 2.23851 2.37086 2.4793 2.52628 2.48562 2.34773 2.12151 1.83208 1.51399 1.20195 0.922908 0.693364 0.522237 0.41553 0.374176 0.384271 0.420646 0.460918 0.489241 0.494953 0.472854 0.424097 0.35576 0.278561 0.203449 0.138733 0.0886077 0.0533378 0.0305612 0.0168714 0.00906151 0.00474052 0.00239523 0.0011534 0.000522886 0.000221173 8.68451e-05 0 0 0 0 0 0 0 0 0 0 0 0 0 0 0 0 0 0 0 0 0 0 0 0 0 0 0 0 0 0 0 0 0
0 0 0 0 0 0 0 0 0 0 0 0 0 0 0 0 0 0 0 0 0 0 0 0 0 0 0 0 0 0 0 0 0 0 0 0 0 0 0 0 0 0 0 0 0 0.000422051 0.00103251 0.00233539 0.00490149 0.0095028 0.0170946 0.0286451 0.0450592 0.067358 0.0974382 0.138823 0.196195 0.272975 0.368447 0.476702 0.587965 0.691732 0.780286 0.851389 0.909351 0.964079 1.02838 1.11393 1.22719 1.36672 1.52262 1.67813 1.81308 1.90913 1.95582 1.95589 1.9277 1.90221 1.91269 1.97922 2.09813 2.24454 2.38286 2.47565 2.49032 2.40596 2.22005 1.95067 1.63187 1.30331 0.999508 0.743903 0.549649 0.423619 0.365465 0.359805 0.380851 0.407316 0.425783 0.427817 0.40891 0.369094 0.313031 0.248664 0.184741 0.128392 0.0836692 0.0513851 0.0299802 0.0167794 0.00907991 0.00475725 0.00239815 0.00115072 0.000519949 0.000219397 8.5999e-05 0 0 0 0 0 0 0 0 0 0 0 0 0 0 0 0 0 0 0 0 0 0 0 0 0 0 0 0 0 0 0 0 0
0 0 0 0 0 0 0 0 0 0 0 0 0 0 0 0 0 0 0 0 0 0 0 0 0 0 0 0 0 0 0 0 0 0 0 0 0 0 0 0 0 0 0 0 0 0.000438987 0.00106877 0.00240583 0.00502802 0.00970437 0.0173809 0.0290007 0.0454183 0.0675941 0.0973114 0.137943 0.193989 0.268707 0.361318 0.465984 0.573215 0.672849 0.757455 0.824874 0.879304 0.930777 0.992714 1.07761 1.19199 1.33317 1.48913 1.64114 1.76803 1.85173 1.88324 1.86736 1.82438 1.7864 1.78691 1.84651 1.96409 2.11959 2.28137 2.41141 2.47074 2.42879 2.27411 2.01996 1.70065 1.36011 1.03875 0.765139 0.554988 0.414937 0.343269 0.324405 0.333223 0.349687 0.362313 0.364222 0.35106 0.321443 0.277626 0.22507 0.170762 0.121111 0.0803657 0.0500554 0.029433 0.016469 0.00883763 0.00456715 0.00226833 0.00107458 0.000480913 0.000201669 7.87312e-05 0 0 0 0 0 0 0 0 0 0 0 0 0 0 0 0 0 0 0 0 0 0 0 0 0 0 0 0 0 0 0 0 0
0 0 0 0 0 0 0 0 0 0 0 0 0 0 0 0 0 0 0 0 0 0 0 0 0 0 0 0 0 0 0 0 0 0 0 0 0 0 0 0 0 0 0 0 0 0.000424339 0.00102828 0.00230375 0.00479499 0.00921477 0.0164395 0.0273407 0.0427228 0.0635313 0.0915297 0.12995 0.182945 0.253351 0.340189 0.437891 0.537628 0.630147 0.708765 0.771703 0.823229 0.873398 0.935909 1.02338 1.14151 1.28565 1.44162 1.58941 1.7079 1.78036 1.79975 1.77261 1.71996 1.67339 1.66536 1.71676 1.8294 1.98756 2.16251 2.3154 2.40284 2.38833 2.25532 2.01432 1.69963 1.35731 1.0309 0.751543 0.535888 0.389568 0.309679 0.281741 0.282845 0.294485 0.306295 0.311828 0.306147 0.286337 0.252748 0.209194 0.161698 0.116478 0.0781814 0.0489814 0.0287602 0.0159267 0.00838374 0.00422409 0.00204301 0.000945754 0.000415959 0.000172359 6.67805e-05 0 0 0 0 0 0 0 0 0 0 0 0 0 0 0 0 0 0 0 0 0 0 0 0 0 0 0 0 0 0 0 0 0
0 0 0 0 0 0 0 0 0 0 0 0 0 0 0 0 0 0 0 0 0 0 0 0 0 0 0 0 0 0 0 0 0 0 0 0 0 0 0 0 0 0 0 0 0 0.000381083 0.000919368 0.00205056 0.00425208 0.00813945 0.0144745 0.0240276 0.037553 0.0560371 0.0812697 0.116309 0.164789 0.228889 0.307331 0.394887 0.483743 0.565949 0.636086 0.693232 0.742118 0.793075 0.85982 0.954181 1.07968 1.2288 1.38511 1.52794 1.63729 1.69869 1.70752 1.67188 1.61263 1.55957 1.54319 1.58414 1.68661 1.83823 2.01236 2.17023 2.2673 2.26553 2.14688 1.92048 1.6195 1.28936 0.973398 0.70276 0.493528 0.34995 0.268199 0.235802 0.233351 0.244287 0.258647 0.269513 0.270983 0.259022 0.232962 0.195821 0.153219 0.111359 0.0751321 0.0470988 0.0275036 0.0150307 0.00773887 0.00378359 0.00176843 0.000792203 0.000339162 0.000137785 0 0 0 0 0 0 0 0 0 0 0 0 0 0 0 0 0 0 0 0 0 0 0 0 0 0 0 0 0 0 0 0 0 0
0 0 0 0 0 0 0 0 0 0 0 0 0 0 0 0 0 0 0 0 0 0 0 0 0 0 0 0 0 0 0 0 0 0 0 0 0 0 0 0 0 0 0 0 0 0.000317785 0.000763603 0.00169622 0.00350621 0.00669021 0.011873 0.0197113 0.0309204 0.0465318 0.0683536 0.099189 0.141997 0.198181 0.266156 0.341148 0.416522 0.485943 0.545613 0.595995 0.64284 0.697068 0.772086 0.877649 1.01372 1.16923 1.32571 1.46251 1.56151 1.61123 1.60987 1.56697 1.50261 1.44397 1.41862 1.44622 1.53228 1.66679 1.82513 1.97043 2.06043 2.05941 1.95061 1.74252 1.46573 1.16222 0.872114 0.624134 0.432662 0.300474 0.223151 0.190471 0.187186 0.199064 0.216296 0.231357 0.237788 0.231199 0.210612 0.17871 0.140775 0.102757 0.0694546 0.0434852 0.0252571 0.0136493 0.00689659 0.00328018 0.00148023 0.000638106 0.0002635 0.000103948 0 0 0 0 0 0 0 0 0 0 0 0 0 0 0 0 0 0 0 0 0 0 0 0 0 0 0 0 0 0 0 0 0 0
0 0 0 0 0 0 0 0 0 0 0 0 0 0 0 0 0 0 0 0 0 0 0 0 0 0 0 0 0 0 0 0 0 0 0 0 0 0 0 0 0 0 0 0 0 0 0.000588827 0.00130345 0.00268817 0.00511859 0.00908109 0.0151213 0.0239146 0.0365083 0.0546622 0.0807817 0.117092 0.164282 0.220559 0.281741 0.342481 0.398146 0.446783 0.49062 0.53686 0.597114 0.683642 0.802797 0.950154 1.11129 1.26633 1.39523 1.48223 1.51921 1.50745 1.45783 1.3893 1.32585 1.29138 1.30344 1.36779 1.47613 1.60637 1.72542 1.79608 1.78776 1.68675 1.50105 1.25752 0.992457 0.74038 0.525865 0.360795 0.246649 0.178751 0.148909 0.145883 0.158059 0.176167 0.19267 0.201312 0.197981 0.181778 0.155068 0.122587 0.0896628 0.0606371 0.0379154 0.0219368 0.011764 0.00586537 0.00273204 0.00119695 0.000497134 0.000197119 7.48322e-05 0 0 0 0 0 0 0 0 0 0 0 0 0 0 0 0 0 0 0 0 0 0 0 0 0 0 0 0 0 0 0 0 0 0
0 0 0 0 0 0 0 0 0 0 0 0 0 0 0 0 0 0 0 0 0 0 0 0 0 0 0 0 0 0 0 0 0 0 0 0 0 0 0 0 0 0 0 0 0 0 0.000421286 0.000930063 0.00190149 0.00364649 0.00648419 0.0108734 0.017437 0.0271825 0.0416863 0.0628756 0.0922877 0.130075 0.174455 0.221962 0.268553 0.311293 0.350098 0.389059 0.436898 0.505311 0.604194 0.735677 0.891492 1.05505 1.20584 1.32469 1.39819 1.42154 1.39915 1.3433 1.27172 1.20487 1.16234 1.15859 1.19865 1.27561 1.37059 1.45578 1.50077 1.48145 1.38792 1.22772 1.02309 0.803374 0.59616 0.420902 0.2867 0.194035 0.138351 0.11307 0.110248 0.121069 0.137482 0.152711 0.161285 0.159768 0.147364 0.126109 0.0998865 0.073135 0.0494683 0.030904 0.0178374 0.00952042 0.00470717 0.00216252 0.000927454 0.000373792 0.000142672 0 0 0 0 0 0 0 0 0 0 0 0 0 0 0 0 0 0 0 0 0 0 0 0 0 0 0 0 0 0 0 0 0 0 0
0 0 0 0 0 0 0 0 0 0 0 0 0 0 0 0 0 0 0 0 0 0 0 0 0 0 0 0 0 0 0 0 0 0 0 0 0 0 0 0 0 0 0 0 0 0 0.000279482 0.000615969 0.00125851 0.00242076 0.00433056 0.0073539 0.0120399 0.0192833 0.0303773 0.0467556 0.0693915 0.0981288 0.131443 0.166632 0.200971 0.233132 0.264761 0.30159 0.353129 0.429911 0.538506 0.677566 0.836734 0.99854 1.1424 1.24988 1.30948 1.31929 1.28663 1.22528 1.152 1.08368 1.03528 1.01743 1.03371 1.07854 1.13686 1.18687 1.20553 1.17541 1.09026 0.956871 0.792545 0.619362 0.457764 0.321988 0.21851 0.147214 0.104033 0.0836525 0.0805722 0.0886447 0.101571 0.113808 0.120952 0.120328 0.111284 0.0954055 0.0756506 0.0554222 0.0374902 0.023409 0.0134927 0.00718184 0.00353364 0.00160987 0.000681105 0.000268798 9.96043e-05 0 0 0 0 0 0 0 0 0 0 0 0 0 0 0 0 0 0 0 0 0 0 0 0 0 0 0 0 0 0 0 0 0 0 0
0 0 0 0 0 0 0 0 0 0 0 0 0 0 0 0 0 0 0 0 0 0 0 0 0 0 0 0 0 0 0 0 0 0 0 0 0 0 0 0 0 0 0 0 0 0 0 0.000378619 0.000774714 0.00150019 0.00271448 0.00470178 0.00791775 0.013088 0.0211862 0.0331877 0.0497058 0.0704907 0.0943379 0.119454 0.144359 0.169204 0.197068 0.234556 0.290569 0.373244 0.486441 0.627207 0.784714 0.941468 1.077 1.17338 1.22042 1.21835 1.1769 1.11133 1.0377 0.969773 0.917895 0.888669 0.883967 0.899438 0.924131 0.942421 0.938251 0.900094 0.824538 0.717179 0.590531 0.459943 0.339414 0.238624 0.161913 0.108975 0.0765422 0.0604268 0.0567803 0.0616256 0.0704965 0.0791692 0.0843996 0.0841479 0.0779351 0.0668845 0.0530686 0.0388915 0.0263092 0.0164228 0.00945874 0.0050271 0.00246666 0.00111843 0.000469373 0.000182841 0 0 0 0 0 0 0 0 0 0 0 0 0 0 0 0 0 0 0 0 0 0 0 0 0 0 0 0 0 0 0 0 0 0 0 0
0 0 0 0 0 0 0 0 0 0 0 0 0 0 0 0 0 0 0 0 0 0 0 0 0 0 0 0 0 0 0 0 0 0 0 0 0 0 0 0 0 0 0 0 0 0 0 0 0.000444383 0.000858071 0.00160677 0.00286425 0.00499524 0.00853755 0.0141658 0.0225083 0.033983 0.0483427 0.0648591 0.0826173 0.101346 0.122461 0.149816 0.189572 0.248747 0.333351 0.446122 0.584032 0.736595 0.886587 1.01377 1.10065 1.13791 1.12718 1.07979 1.01201 0.93932 0.872904 0.81922 0.781344 0.759517 0.750547 0.747329 0.739931 0.718322 0.67557 0.610071 0.525861 0.431114 0.335594 0.248156 0.174992 0.118975 0.0799325 0.055545 0.0426666 0.0385109 0.0405327 0.0457364 0.0512235 0.0546186 0.054492 0.0504962 0.0433592 0.0344141 0.0252244 0.0170639 0.0106501 0.00613134 0.00325602 0.00159525 0.000721392 0.000301387 0 0 0 0 0 0 0 0 0 0 0 0 0 0 0 0 0 0 0 0 0 0 0 0 0 0 0 0 0 0 0 0 0 0 0 0 0
0 0 0 0 0 0 0 0 0 0 0 0 0 0 0 0 0 0 0 0 0 0 0 0 0 0 0 0 0 0 0 0 0 0 0 0 0 0 0 0 0 0 0 0 0 0 0 0 0.000238622 0.000469462 0.000907765 0.00168145 0.00305008 0.00538075 0.00911031 0.0146779 0.0223423 0.03204 0.0435723 0.0568963 0.0728202 0.0934584 0.122379 0.164205 0.224199 0.307504 0.41689 0.549694 0.6958 0.838358 0.957644 1.03681 1.06736 1.05177 1.002 0.934441 0.863752 0.79911 0.744308 0.700024 0.665442 0.638244 0.614307 0.588171 0.554482 0.509647 0.453011 0.387023 0.316368 0.246665 0.183154 0.129687 0.0882287 0.0588255 0.039996 0.0294769 0.0251309 0.0251527 0.027714 0.0307747 0.0327243 0.0325783 0.0302288 0.025961 0.020607 0.0151051 0.0102181 0.00637673 0.00367025 0.00194818 0.000953702 0.000430666 0.000179478 0 0 0 0 0 0 0 0 0 0 0 0 0 0 0 0 0 0 0 0 0 0 0 0 0 0 0 0 0 0 0 0 0 0 0 0 0
0 0 0 0 0 0 0 0 0 0 0 0 0 0 0 0 0 0 0 0 0 0 0 0 0 0 0 0 0 0 0 0 0 0 0 0 0 0 0 0 0 0 0 0 0 0 0 0 0 0.000245952 0.000484697 0.000964544 0.00181889 0.00329475 0.00566116 0.00935732 0.0144804 0.0213323 0.0303043 0.0421412 0.0582566 0.0805327 0.111465 0.154332 0.213717 0.294685 0.40013 0.527449 0.66665 0.801358 0.912747 0.985114 1.01097 0.993326 0.943972 0.87846 0.810215 0.74701 0.691314 0.642802 0.600234 0.561793 0.524993 0.487047 0.445628 0.399408 0.348465 0.294188 0.239051 0.186076 0.138229 0.0978607 0.0662596 0.0435112 0.0286271 0.0199654 0.0157742 0.0148252 0.015706 0.0171559 0.0181377 0.0180094 0.0167066 0.0143461 0.0113867 0.00834597 0.0056454 0.0035227 0.00202725 0.00107581 0.000526411 0.00023753 0 0 0 0 0 0 0 0 0 0 0 0 0 0 0 0 0 0 0 0 0 0 0 0 0 0 0 0 0 0 0 0 0 0 0 0 0 0
0 0 0 0 0 0 0 0 0 0 0 0 0 0 0 0 0 0 0 0 0 0 0 0 0 0 0 0 0 0 0 0 0 0 0 0 0 0 0 0 0 0 0 0 0 0 0 0 0 0 0.000261569 0.000526195 0.00106558 0.00196738 0.00358091 0.00609555 0.00995428 0.0157318 0.0244574 0.0372302 0.0552668 0.0798918 0.112729 0.15659 0.215911 0.295686 0.398484 0.521229 0.653759 0.780275 0.883254 0.948629 0.970188 0.951335 0.903215 0.840024 0.773823 0.711552 0.655446 0.605176 0.559459 0.516407 0.473787 0.429718 0.383273 0.334706 0.285023 0.235678 0.188335 0.144721 0.106415 0.0746212 0.0499092 0.0320924 0.0203251 0.0132523 0.00965928 0.00831874 0.00834614 0.00888281 0.00920999 0.00919215 0.00852048 0.0073136 0.00580361 0.00425311 0.00287657 0.00179479 0.00103276 0.000547966 0.000268064 0 0 0 0 0 0 0 0 0 0 0 0 0 0 0 0 0 0 0 0 0 0 0 0 0 0 0 0 0 0 0 0 0 0 0 0 0 0 0
0 0 0 0 0 0 0 0 0 0 0 0 0 0 0 0 0 0 0 0 0 0 0 0 0 0 0 0 0 0 0 0 0 0 0 0 0 0 0 0 0 0 0 0 0 0 0 0 0 0 0 0.000294027 0.000578243 0.00114426 0.00244786 0.00458907 0.00831296 0.0145272 0.0244653 0.0392426 0.0598749 0.0872926 0.122794 0.169091 0.230572 0.311851 0.41467 0.534932 0.662059 0.780809 0.875172 0.932988 0.949541 0.928649 0.880721 0.818624 0.753321 0.691462 0.635632 0.585839 0.540599 0.497324 0.453039 0.405658 0.354865 0.302081 0.249676 0.200024 0.154988 0.115791 0.0830854 0.0570309 0.0373638 0.0234454 0.0142461 0.00873045 0.00579897 0.00451445 0.00419012 0.00410533 0.00435506 0.00433221 0.00400952 0.00343899 0.00272783 0.00199855 0.00135151 0.000843133 0.000485109 0 0 0 0 0 0 0 0 0 0 0 0 0 0 0 0 0 0 0 0 0 0 0 0 0 0 0 0 0 0 0 0 0 0 0 0 0 0 0 0 0
0 0 0 0 0 0 0 0 0 0 0 0 0 0 0 0 0 0 0 0 0 0 0 0 0 0 0 0 0 0 0 0 0 0 0 0 0 0 0 0 0 0 0 0 0 0 0 0 0 0 0 0 0 0.000959404 0.00210978 0.00440917 0.00864771 0.0159387 0.0276107 0.0448283 0.0685501 0.0995949 0.139258 0.19034 0.257149 0.343644 0.450292 0.571635 0.696305 0.809394 0.896292 0.946783 0.957728 0.933511 0.883997 0.821023 0.754864 0.692238 0.636201 0.587015 0.5427 0.499618 0.453798 0.402753 0.346689 0.288162 0.230866 0.178306 0.132801 0.0953707 0.0659509 0.0438051 0.0278349 0.0169618 0.00994748 0.00577116 0.00349247 0.00241468 0.00200458 0.00182638 0.00190947 0.00188702 0.00174135 0.0014915 0.00118225 0.000865858 0.000585391 0 0 0 0 0 0 0 0 0 0 0 0 0 0 0 0 0 0 0 0 0 0 0 0 0 0 0 0 0 0 0 0 0 0 0 0 0 0 0 0 0 0 0
0 0 0 0 0 0 0 0 0 0 0 0 0 0 0 0 0 0 0 0 0 0 0 0 0 0 0 0 0 0 0 0 0 0 0 0 0 0 0 0 0 0 0 0 0 0 0 0 0 0 0 0 0 0.000907682 0.00214348 0.00486145 0.00975353 0.0182463 0.0317125 0.0515333 0.0787296 0.114212 0.159592 0.217938 0.293514 0.389462 0.504734 0.632182 0.759232 0.87084 0.953426 0.998514 1.00452 0.976481 0.92387 0.857684 0.787734 0.720988 0.661119 0.608712 0.561545 0.515229 0.465107 0.408572 0.346276 0.281723 0.219547 0.163949 0.117498 0.0808997 0.0536426 0.034212 0.0209674 0.0123411 0.00700261 0.00386022 0.00214511 0.00131212 0.000750777 0.000769715 0.000781656 0.000761917 0.000698795 0.000596897 0.000472529 0 0 0 0 0 0 0 0 0 0 0 0 0 0 0 0 0 0 0 0 0 0 0 0 0 0 0 0 0 0 0 0 0 0 0 0 0 0 0 0 0 0 0 0 0
0 0 0 0 0 0 0 0 0 0 0 0 0 0 0 0 0 0 0 0 0 0 0 0 0 0 0 0 0 0 0 0 0 0 0 0 0 0 0 0 0 0 0 0 0 0 0 0 0 0 0 0 0 0.00103131 0.00243471 0.0053665 0.0108543 0.0203572 0.0354089 0.0575597 0.0881092 0.128365 0.180494 0.248143 0.335593 0.445194 0.574247 0.71363 0.849152 0.965046 1.04828 1.09172 1.09514 1.06398 1.00704 0.934348 0.855443 0.778004 0.706961 0.644015 0.587448 0.532862 0.475342 0.412113 0.343969 0.274743 0.209412 0.152268 0.105805 0.0703759 0.0449019 0.0275642 0.0162694 0.00923053 0.00501592 0.00261435 0.00130429 0.000278341 0 0 0 0 0 0 0 0 0 0 0 0 0 0 0 0 0 0 0 0 0 0 0 0 0 0 0 0 0 0 0 0 0 0 0 0 0 0 0 0 0 0 0 0 0 0 0 0 0 0 0 0
0 0 0 0 0 0 0 0 0 0 0 0 0 0 0 0 0 0 0 0 0 0 0 0 0 0 0 0 0 0 0 0 0 0 0 0 0 0 0 0 0 0 0 0 0 0 0 0 0 0 0 0 0 0.00109853 0.00259385 0.00565789 0.0115082 0.0215607 0.0376129 0.0613719 0.0945903 0.139191 0.198294 0.276321 0.377817 0.504374 0.651628 0.808331 0.958302 1.08466 1.17439 1.22129 1.2258 1.19297 1.13023 1.04642 0.951269 0.854269 0.762912 0.681159 0.608737 0.54178 0.475227 0.405815 0.333816 0.26262 0.196867 0.140435 0.0955 0.0619731 0.038466 0.0228927 0.01306 0.00715201 0.00373615 0.00133125 0.000526885 0 0 0 0 0 0 0 0 0 0 0 0 0 0 0 0 0 0 0 0 0 0 0 0 0 0 0 0 0 0 0 0 0 0 0 0 0 0 0 0 0 0 0 0 0 0 0 0 0 0 0 0 0
0 0 0 0 0 0 0 0 0 0 0 0 0 0 0 0 0 0 0 0 0 0 0 0 0 0 0 0 0 0 0 0 0 0 0 0 0 0 0 0 0 0 0 0 0 0 0 0 0 0 0 0 0 0.00109076 0.0025779 0.00563123 0.0114446 0.0215059 0.0376876 0.0620048 0.0966445 0.14451 0.209815 0.29804 0.414079 0.5589 0.72662 0.903929 1.07267 1.21468 1.31671 1.37278 1.38293 1.3505 1.28056 1.18071 1.06184 0.936735 0.816928 0.709766 0.617041 0.535669 0.460282 0.386638 0.313766 0.243896 0.180707 0.127382 0.085407 0.0545957 0.0332861 0.0194006 0.0108024 0.00573749 0.00249303 0.00115036 0.000425958 0 0 0 0 0 0 0 0 0 0 0 0 0 0 0 0 0 0 0 0 0 0 0 0 0 0 0 0 0 0 0 0 0 0 0 0 0 0 0 0 0 0 0 0 0 0 0 0 0 0 0 0 0
0 0 0 0 0 0 0 0 0 0 0 0 0 0 0 0 0 0 0 0 0 0 0 0 0 0 0 0 0 0 0 0 0 0 0 0 0 0 0 0 0 0 0 0 0 0 0 0 0 0 0 0 0 0.00100644 0.00238318 0.00522052 0.0106336 0.0200969 0.0355098 0.0591613 0.0937933 0.143325 0.21316 0.309839 0.438622 0.600056 0.787084 0.984842 1.17367 1.33453 1.4538 1.5249 1.54598 1.51697 1.43972 1.32081 1.17327 1.01451 0.86131 0.72518 0.610326 0.514439 0.431617 0.356197 0.285414 0.219767 0.161601 0.113119 0.0753081 0.0477346 0.0288165 0.016587 0.00886266 0.00453308 0.00213139 0.000976145 0 0 0 0 0 0 0 0 0 0 0 0 0 0 0 0 0 0 0 0 0 0 0 0 0 0 0 0 0 0 0 0 0 0 0 0 0 0 0 0 0 0 0 0 0 0 0 0 0 0 0 0 0 0
0 0 0 0 0 0 0 0 0 0 0 0 0 0 0 0 0 0 0 0 0 0 0 0 0 0 0 0 0 0 0 0 0 0 0 0 0 0 0 0 0 0 0 0 0 0 0 0 0 0 0 0 0 0.000861967 0.00204789 0.00450715 0.0092136 0.0176057 0.0315104 0.0534281 0.0866414 0.135959 0.207811 0.309532 0.446717 0.619724 0.820978 1.03499 1.24173 1.42211 1.56225 1.65401 1.69183 1.67067 1.58846 1.45103 1.27438 1.08124 0.894074 0.728902 0.592483 0.483261 0.3947 0.319479 0.252789 0.193133 0.141372 0.0986637 0.0654073 0.0412642 0.0247667 0.0141277 0.00763152 0.00385984 0.00179919 0.000816564 0 0 0 0 0 0 0 0 0 0 0 0 0 0 0 0 0 0 0 0 0 0 0 0 0 0 0 0 0 0 0 0 0 0 0 0 0 0 0 0 0 0 0 0 0 0 0 0 0 0 0 0 0 0
0 0 0 0 0 0 0 0 0 0 0 0 0 0 0 0 0 0 0 0 0 0 0 0 0 0 0 0 0 0 0 0 0 0 0 0 0 0 0 0 0 0 0 0 0 0 0 0 0 0 0 0 0 0.000685674 0.00163775 0.00363094 0.00749702 0.0145084 0.0264434 0.0458623 0.0764607 0.123552 0.19422 0.296198 0.43528 0.611949 0.818985 1.04161 1.26101 1.4592 1.62232 1.73951 1.7998 1.79194 1.70969 1.55846 1.35734 1.13422 0.917019 0.725968 0.570385 0.449601 0.356587 0.28254 0.220608 0.167367 0.122112 0.0851378 0.0564553 0.0356667 0.0213336 0.0121481 0.00653708 0.00328339 0.00151065 0.00037374 0.000153468 0 0 0 0 0 0 0 0 0 0 0 0 0 0 0 0 0 0 0 0 0 0 0 0 0 0 0 0 0 0 0 0 0 0 0 0 0 0 0 0 0 0 0 0 0 0 0 0 0 0 0 0 0
0 0 0 0 0 0 0 0 0 0 0 0 0 0 0 0 0 0 0 0 0 0 0 0 0 0 0 0 0 0 0 0 0 0 0 0 0 0 0 0 0 0 0 0 0 0 0 0 0 0 0 0 0 0.000507754 0.0012227 0.0027403 0.0057392 0.0112967 0.0210865 0.037584 0.0645807 0.107519 0.173547 0.270352 0.403777 0.574782 0.777415 0.999174 1.22412 1.43668 1.62296 1.76843 1.85556 1.86643 1.79077 1.63371 1.41699 1.17264 0.932856 0.721454 0.550199 0.419693 0.322946 0.250055 0.192412 0.144871 0.105343 0.0733882 0.0487481 0.0307359 0.0184143 0.0104092 0.00554905 0.00273665 0.00117602 0.00038855 0.000159738 0 0 0 0 0 0 0 0 0 0 0 0 0 0 0 0 0 0 0 0 0 0 0 0 0 0 0 0 0 0 0 0 0 0 0 0 0 0 0 0 0 0 0 0 0 0 0 0 0 0 0 0 0
0 0 0 0 0 0 0 0 0 0 0 0 0 0 0 0 0 0 0 0 0 0 0 0 0 0 0 0 0 0 0 0 0 0 0 0 0 0 0 0 0 0 0 0 0 0 0 0 0 0 0 0 0 0.000351425 0.000856349 0.00194835 0.00415825 0.00837456 0.0160516 0.0294644 0.0521887 0.0893359 0.147616 0.234264 0.354987 0.511524 0.700068 0.911717 1.13483 1.35703 1.56421 1.7376 1.85295 1.88634 1.8242 1.67112 1.4503 1.19606 0.943179 0.718135 0.535121 0.396573 0.29632 0.223978 0.169589 0.126491 0.0914975 0.0635498 0.0421152 0.0264439 0.0158229 0.00885805 0.00472119 0.00226838 0.00101881 0.00037465 0.000154052 0 0 0 0 0 0 0 0 0 0 0 0 0 0 0 0 0 0 0 0 0 0 0 0 0 0 0 0 0 0 0 0 0 0 0 0 0 0 0 0 0 0 0 0 0 0 0 0 0 0 0 0 0
0 0 0 0 0 0 0 0 0 0 0 0 0 0 0 0 0 0 0 0 0 0 0 0 0 0 0 0 0 0 0 0 0 0 0 0 0 0 0 0 0 0 0 0 0 0 0 0 0 0 0 0 0 0.000228564 0.000566023 0.00131303 0.00286693 0.00592541 0.0116759 0.0220811 0.0402107 0.0705428 0.118956 0.191904 0.294851 0.430484 0.597704 0.792037 1.00676 1.23271 1.45535 1.65188 1.79275 1.84979 1.80705 1.66807 1.45549 1.20352 0.94757 0.71585 0.525042 0.380102 0.276487 0.204031 0.151801 0.111901 0.0802501 0.0553506 0.036426 0.0227121 0.0134896 0.00740499 0.00384738 0.0019238 0.000757244 0.000334862 0.000137549 0 0 0 0 0 0 0 0 0 0 0 0 0 0 0 0 0 0 0 0 0 0 0 0 0 0 0 0 0 0 0 0 0 0 0 0 0 0 0 0 0 0 0 0 0 0 0 0 0 0 0 0 0
0 0 0 0 0 0 0 0 0 0 0 0 0 0 0 0 0 0 0 0 0 0 0 0 0 0 0 0 0 0 0 0 0 0 0 0 0 0 0 0 0 0 0 0 0 0 0 0 0 0 0 0 0 0 0.000355129 0.000842662 0.00188623 0.00400278 0.008105 0.0157437 0.0293946 0.0526835 0.0904678 0.148233 0.231108 0.342775 0.484957 0.65756 0.85839 1.08081 1.30994 1.52044 1.68014 1.7591 1.73991 1.62402 1.43116 1.19283 0.943276 0.711624 0.517193 0.367974 0.261657 0.188813 0.13797 0.100296 0.0710552 0.0484123 0.0314587 0.0193592 0.0113345 0.00626187 0.00315032 0.00156385 0.000630016 0.000277681 0 0 0 0 0 0 0 0 0 0 0 0 0 0 0 0 0 0 0 0 0 0 0 0 0 0 0 0 0 0 0 0 0 0 0 0 0 0 0 0 0 0 0 0 0 0 0 0 0 0 0 0 0 0
0 0 0 0 0 0 0 0 0 0 0 0 0 0 0 0 0 0 0 0 0 0 0 0 0 0 0 0 0 0 0 0 0 0 0 0 0 0 0 0 0 0 0 0 0 0 0 0 0 0 0 0 0 0 0.000212288 0.000515786 0.00118315 0.00257353 0.00533331 0.0106346 0.0202892 0.0370865 0.0647999 0.107924 0.171202 0.259146 0.375864 0.52474 0.706808 0.91719 1.14127 1.35379 1.52321 1.6202 1.62644 1.54008 1.37581 1.16033 0.925287 0.700194 0.506902 0.356544 0.249206 0.176504 0.126832 0.09081 0.063363 0.0424502 0.0269548 0.016329 0.0093731 0.0050551 0.00247063 0.00117463 0.000488727 0.000214108 0 0 0 0 0 0 0 0 0 0 0 0 0 0 0 0 0 0 0 0 0 0 0 0 0 0 0 0 0 0 0 0 0 0 0 0 0 0 0 0 0 0 0 0 0 0 0 0 0 0 0 0 0 0
0 0 0 0 0 0 0 0 0 0 0 0 0 0 0 0 0 0 0 0 0 0 0 0 0 0 0 0 0 0 0 0 0 0 0 0 0 0 0 0 0 0 0 0 0 0 0 0 0 0 0 0 0 0 0.000120905 0.000300416 0.000704618 0.00156682 0.00331705 0.00677372 0.0131723 0.0245653 0.0437233 0.0742318 0.120393 0.18719 0.280208 0.404816 0.563769 0.753475 0.960913 1.16354 1.33321 1.44284 1.47352 1.4192 1.2883 1.10161 0.887479 0.675224 0.488664 0.341553 0.236088 0.165 0.116959 0.0825444 0.0566413 0.0372019 0.0231117 0.013662 0.00763904 0.00402414 0.00182253 0.000880107 0.000355073 0.000154081 0 0 0 0 0 0 0 0 0 0 0 0 0 0 0 0 0 0 0 0 0 0 0 0 0 0 0 0 0 0 0 0 0 0 0 0 0 0 0 0 0 0 0 0 0 0 0 0 0 0 0 0 0 0
0 0 0 0 0 0 0 0 0 0 0 0 0 0 0 0 0 0 0 0 0 0 0 0 0 0 0 0 0 0 0 0 0 0 0 0 0 0 0 0 0 0 0 0 0 0 0 0 0 0 0 0 0 0 0 0.000165724 0.000396352 0.000898639 0.00193924 0.00405862 0.00805439 0.0153336 0.0278678 0.0484883 0.0809525 0.130212 0.20223 0.302884 0.435522 0.597853 0.779709 0.963044 1.12459 1.24043 1.29118 1.26669 1.16919 1.01374 0.825091 0.631606 0.457911 0.319306 0.219461 0.15218 0.106833 0.074472 0.0503086 0.0323832 0.0196737 0.0113155 0.00612983 0.00312155 0.00132014 0.000625285 0.000242984 0.000104021 0 0 0 0 0 0 0 0 0 0 0 0 0 0 0 0 0 0 0 0 0 0 0 0 0 0 0 0 0 0 0 0 0 0 0 0 0 0 0 0 0 0 0 0 0 0 0 0 0 0 0 0 0 0
0 0 0 0 0 0 0 0 0 0 0 0 0 0 0 0 0 0 0 0 0 0 0 0 0 0 0 0 0 0 0 0 0 0 0 0 0 0 0 0 0 0 0 0 0 0 0 0 0 0 0 0 0 0 0 0 0.000209557 0.00048365 0.00106253 0.00228673 0.00463885 0.00902572 0.0168896 0.0303231 0.0525065 0.0878542 0.141789 0.219707 0.325005 0.456817 0.608363 0.766606 0.913455 1.02829 1.09183 1.0909 1.02293 0.89818 0.737828 0.568148 0.413083 0.288115 0.197651 0.136537 0.0952553 0.0657717 0.0438383 0.0277327 0.0164948 0.00923461 0.00485377 0.00240586 0.000913359 0.00042335 0.000157512 0 0 0 0 0 0 0 0 0 0 0 0 0 0 0 0 0 0 0 0 0 0 0 0 0 0 0 0 0 0 0 0 0 0 0 0 0 0 0 0 0 0 0 0 0 0 0 0 0 0 0 0 0 0 0
0 0 0 0 0 0 0 0 0 0 0 0 0 0 0 0 0 0 0 0 0 0 0 0 0 0 0 0 0 0 0 0 0 0 0 0 0 0 0 0 0 0 0 0 0 0 0 0 0 0 0 0 0 0 0 0 0.000103782 0.000243677 0.000544648 0.0011588 0.00252591 0.00507076 0.00982099 0.0183366 0.0331262 0.05773 0.0965697 0.15414 0.23368 0.335626 0.45633 0.587214 0.714763 0.821602 0.889439 0.903843 0.859433 0.76287 0.631703 0.489086 0.356759 0.249178 0.170887 0.117781 0.0817847 0.0560422 0.0369457 0.0230025 0.0134662 0.00737361 0.00377798 0.00181901 0.000603441 0.000220235 9.71024e-05 0 0 0 0 0 0 0 0 0 0 0 0 0 0 0 0 0 0 0 0 0 0 0 0 0 0 0 0 0 0 0 0 0 0 0 0 0 0 0 0 0 0 0 0 0 0 0 0 0 0 0 0 0 0 0
0 0 0 0 0 0 0 0 0 0 0 0 0 0 0 0 0 0 0 0 0 0 0 0 0 0 0 0 0 0 0 0 0 0 0 0 0 0 0 0 0 0 0 0 0 0 0 0 0 0 0 0 0 0 0 0 0 0.000114793 0.00026098 0.000563846 0.00131791 0.00274254 0.0055277 0.0108333 0.0204383 0.0369862 0.0638086 0.104457 0.161902 0.237519 0.329975 0.434098 0.540026 0.63351 0.698227 0.720275 0.693196 0.621111 0.517957 0.403042 0.29492 0.206215 0.141235 0.0969713 0.0669307 0.0455235 0.0297466 0.0183215 0.0105788 0.00569668 0.00285813 0.00134147 0.000379282 0.000131497 0 0 0 0 0 0 0 0 0 0 0 0 0 0 0 0 0 0 0 0 0 0 0 0 0 0 0 0 0 0 0 0 0 0 0 0 0 0 0 0 0 0 0 0 0 0 0 0 0 0 0 0 0 0 0 0
0 0 0 0 0 0 0 0 0 0 0 0 0 0 0 0 0 0 0 0 0 0 0 0 0 0 0 0 0 0 0 0 0 0 0 0 0 0 0 0 0 0 0 0 0 0 0 0 0 0 0 0 0 0 0 0 0 0 0.000116852 0.000256145 0.000655464 0.00144941 0.00307111 0.00628455 0.012369 0.0231207 0.0409409 0.0685552 0.108578 0.162847 0.231456 0.311495 0.39591 0.473392 0.530261 0.55431 0.539184 0.487212 0.40897 0.31974 0.234557 0.163897 0.111702 0.0760159 0.0519248 0.0349705 0.0226249 0.0138348 0.00790439 0.00420263 0.00207582 0.000955383 0.00016161 7.42338e-05 0 0 0 0 0 0 0 0 0 0 0 0 0 0 0 0 0 0 0 0 0 0 0 0 0 0 0 0 0 0 0 0 0 0 0 0 0 0 0 0 0 0 0 0 0 0 0 0 0 0 0 0 0 0 0 0
0 0 0 0 0 0 0 0 0 0 0 0 0 0 0 0 0 0 0 0 0 0 0 0 0 0 0 0 0 0 0 0 0 0 0 0 0 0 0 0 0 0 0 0 0 0 0 0 0 0 0 0 0 0 0 0 0 0 0 0.000108551 0.000250862 0.000750727 0.00169799 0.00362602 0.00735972 0.014153 0.0256499 0.0439019 0.0711117 0.109182 0.158897 0.218736 0.283723 0.345217 0.392325 0.415003 0.407602 0.371225 0.313555 0.246204 0.180862 0.125946 0.0849543 0.0568555 0.0381433 0.0253101 0.0162027 0.00982047 0.00556415 0.00292847 0.0014318 0.00064975 8.64649e-05 0 0 0 0 0 0 0 0 0 0 0 0 0 0 0 0 0 0 0 0 0 0 0 0 0 0 0 0 0 0 0 0 0 0 0 0 0 0 0 0 0 0 0 0 0 0 0 0 0 0 0 0 0 0 0 0 0
0 0 0 0 0 0 0 0 0 0 0 0 0 0 0 0 0 0 0 0 0 0 0 0 0 0 0 0 0 0 0 0 0 0 0 0 0 0 0 0 0 0 0 0 0 0 0 0 0 0 0 0 0 0 0 0 0 0 0 0 7.94014e-05 0.000399762 0.000942498 0.00208392 0.00434652 0.00853801 0.0158259 0.027703 0.0459437 0.0722674 0.107669 0.151413 0.200049 0.247175 0.284476 0.304067 0.301226 0.276298 0.234682 0.184926 0.135861 0.0940396 0.0624657 0.0407861 0.0266061 0.0172384 0.0108724 0.00652163 0.00366647 0.00191627 0.000929428 0.000402167 0 0 0 0 0 0 0 0 0 0 0 0 0 0 0 0 0 0 0 0 0 0 0 0 0 0 0 0 0 0 0 0 0 0 0 0 0 0 0 0 0 0 0 0 0 0 0 0 0 0 0 0 0 0 0 0 0 0
0 0 0 0 0 0 0 0 0 0 0 0 0 0 0 0 0 0 0 0 0 0 0 0 0 0 0 0 0 0 0 0 0 0 0 0 0 0 0 0 0 0 0 0 0 0 0 0 0 0 0 0 0 0 0 0 0 0 0 0 5.4804e-05 0.000147243 0.000508728 0.00119566 0.00254951 0.0051128 0.00967262 0.0173274 0.0294307 0.0473936 0.0721555 0.103395 0.13876 0.173645 0.20193 0.217676 0.217165 0.200349 0.17093 0.135028 0.0991141 0.0681201 0.0444687 0.0281825 0.0177027 0.011101 0.00683807 0.004043 0.00225146 0.00116996 0.000564038 4.08358e-05 0 0 0 0 0 0 0 0 0 0 0 0 0 0 0 0 0 0 0 0 0 0 0 0 0 0 0 0 0 0 0 0 0 0 0 0 0 0 0 0 0 0 0 0 0 0 0 0 0 0 0 0 0 0 0 0 0 0
0 0 0 0 0 0 0 0 0 0 0 0 0 0 0 0 0 0 0 0 0 0 0 0 0 0 0 0 0 0 0 0 0 0 0 0 0 0 0 0 0 0 0 0 0 0 0 0 0 0 0 0 0 0 0 0 0 0 0 0 3.5161e-05 9.50449e-05 0.00029032 0.000675471 0.00147525 0.00302578 0.00584535 0.010704 0.0185965 0.0305935 0.0474485 0.0690399 0.0938016 0.118533 0.138919 0.150697 0.151121 0.140002 0.119814 0.0947942 0.0694946 0.0474473 0.0304856 0.0187486 0.0113073 0.00679037 0.00404437 0.00234095 0.00128796 0.000664377 0.000311838 0 0 0 0 0 0 0 0 0 0 0 0 0 0 0 0 0 0 0 0 0 0 0 0 0 0 0 0 0 0 0 0 0 0 0 0 0 0 0 0 0 0 0 0 0 0 0 0 0 0 0 0 0 0 0 0 0 0 0
0 0 0 0 0 0 0 0 0 0 0 0 0 0 0 0 0 0 0 0 0 0 0 0 0 0 0 0 0 0 0 0 0 0 0 0 0 0 0 0 0 0 0 0 0 0 0 0 0 0 0 0 0 0 0 0 0 0 0 0 2.09376e-05 5.69783e-05 0.000144429 0.00037958 0.000838822 0.00174756 0.00344959 0.00645264 0.0114405 0.0191604 0.0301633 0.0444105 0.060891 0.0774856 0.0913056 0.0994733 0.100097 0.0929846 0.0797312 0.0631338 0.0462278 0.031405 0.0199214 0.0119612 0.00693587 0.00396894 0.00226228 0.00126939 0.000686266 0.000346428 0.000164745 0 0 0 0 0 0 0 0 0 0 0 0 0 0 0 0 0 0 0 0 0 0 0 0 0 0 0 0 0 0 0 0 0 0 0 0 0 0 0 0 0 0 0 0 0 0 0 0 0 0 0 0 0 0 0 0 0 0 0
0 0 0 0 0 0 0 0 0 0 0 0 0 0 0 0 0 0 0 0 0 0 0 0 0 0 0 0 0 0 0 0 0 0 0 0 0 0 0 0 0 0 0 0 0 0 0 0 0 0 0 0 0 0 0 0 0 0 0 0 1.14765e-05 3.17019e-05 8.09749e-05 0.000193688 0.000459853 0.000975031 0.00196012 0.00373914 0.00674658 0.0114659 0.0182589 0.0271178 0.0374203 0.0478482 0.0565875 0.0618211 0.0623439 0.0580118 0.0497966 0.0394477 0.0288597 0.0195321 0.0122873 0.00724716 0.00406905 0.00222295 0.00120433 0.000648684 0.000339295 0.000170492 0 0 0 0 0 0 0 0 0 0 0 0 0 0 0 0 0 0 0 0 0 0 0 0 0 0 0 0 0 0 0 0 0 0 0 0 0 0 0 0 0 0 0 0 0 0 0 0 0 0 0 0 0 0 0 0 0 0 0 0
0 0 0 0 0 0 0 0 0 0 0 0 0 0 0 0 0 0 0 0 0 0 0 0 0 0 0 0 0 0 0 0 0 0 0 0 0 0 0 0 0 0 0 0 0 0 0 0 0 0 0 0 0 0 0 0 0 0 0 0 0 1.62413e-05 4.18019e-05 0.000102088 0.000232965 0.000517311 0.00105926 0.00205492 0.00376321 0.00647181 0.0103971 0.0155402 0.0215421 0.0276353 0.0327612 0.0358555 0.0362077 0.0337225 0.0289691 0.0229456 0.0167778 0.0113309 0.00708992 0.00413148 0.0022663 0.00119071 0.00061333 0.000313219 0.000158737 7.79575e-05 0 0 0 0 0 0 0 0 0 0 0 0 0 0 0 0 0 0 0 0 0 0 0 0 0 0 0 0 0 0 0 0 0 0 0 0 0 0 0 0 0 0 0 0 0 0 0 0 0 0 0 0 0 0 0 0 0 0 0 0
0 0 0 0 0 0 0 0 0 0 0 0 0 0 0 0 0 0 0 0 0 0 0 0 0 0 0 0 0 0 0 0 0 0 0 0 0 0 0 0 0 0 0 0 0 0 0 0 0 0 0 0 0 0 0 0 0 0 0 0 0 7.52978e-06 2.02383e-05 4.965e-05 0.000115116 0.000255042 0.000538919 0.00106163 0.00196831 0.00341613 0.00552478 0.00829624 0.0115377 0.0148351 0.0176144 0.0192979 0.019505 0.0181728 0.0156184 0.0123767 0.00904346 0.00610085 0.00380408 0.00219987 0.00118768 0.000605683 0.000298466 0.000145029 7.00599e-05 0 0 0 0 0 0 0 0 0 0 0 0 0 0 0 0 0 0 0 0 0 0 0 0 0 0 0 0 0 0 0 0 0 0 0 0 0 0 0 0 0 0 0 0 0 0 0 0 0 0 0 0 0 0 0 0 0 0 0 0 0
0 0 0 0 0 0 0 0 0 0 0 0 0 0 0 0 0 0 0 0 0 0 0 0 0 0 0 0 0 0 0 0 0 0 0 0 0 0 0 0 0 0 0 0 0 0 0 0 0 0 0 0 0 0 0 0 0 0 0 0 0 3.38663e-06 8.95232e-06 2.23414e-05 5.2888e-05 0.000118685 0.000253812 0.000510507 0.000956649 0.00167344 0.0027218 0.00410031 0.00571886 0.00736761 0.00875983 0.00960717 0.0097165 0.00905994 0.00778791 0.00616971 0.00450858 0.00303883 0.00189091 0.00108733 0.000581359 0.000291207 0.000138513 6.41648e-05 0 0 0 0 0 0 0 0 0 0 0 0 0 0 0 0 0 0 0 0 0 0 0 0 0 0 0 0 0 0 0 0 0 0 0 0 0 0 0 0 0 0 0 0 0 0 0 0 0 0 0 0 0 0 0 0 0 0 0 0 0 0
0 0 0 0 0 0 0 0 0 0 0 0 0 0 0 0 0 0 0 0 0 0 0 0 0 0 0 0 0 0 0 0 0 0 0 0 0 0 0 0 0 0 0 0 0 0 0 0 0 0 0 0 0 0 0 0 0 0 0 0 0 0 3.77773e-06 9.56757e-06 2.29866e-05 5.23581e-05 0.00011276 0.000228063 0.000431287 0.000761552 0.00124355 0.00187955 0.0026253 0.00338577 0.00402818 0.00441982 0.00447128 0.0041674 0.00358361 0.00284032 0.00207447 0.00139715 0.000868257 0.000498359 0.000264872 0.000130904 6.0923e-05 0 0 0 0 0 0 0 0 0 0 0 0 0 0 0 0 0 0 0 0 0 0 0 0 0 0 0 0 0 0 0 0 0 0 0 0 0 0 0 0 0 0 0 0 0 0 0 0 0 0 0 0 0 0 0 0 0 0 0 0 0 0 0
0 0 0 0 0 0 0 0 0 0 0 0 0 0 0 0 0 0 0 0 0 0 0 0 0 0 0 0 0 0 0 0 0 0 0 0 0 0 0 0 0 0 0 0 0 0 0 0 0 0 0 0 0 0 0 0 0 0 0 0 0 0 0 3.80815e-06 9.29247e-06 2.14629e-05 4.67089e-05 9.52701e-05 0.000181238 0.000320492 0.000524782 0.00079573 0.00111269 0.00143587 0.0017054 0.00187333 0.00189647 0.00176939 0.00152115 0.00120571 0.000880805 0.000593162 0.000368092 0.000210946 0.00011172 5.48584e-05 0 0 0 0 0 0 0 0 0 0 0 0 0 0 0 0 0 0 0 0 0 0 0 0 0 0 0 0 0 0 0 0 0 0 0 0 0 0 0 0 0 0 0 0 0 0 0 0 0 0 0 0 0 0 0 0 0 0 0 0 0 0 0 0
0 0 0 0 0 0 0 0 0 0 0 0 0 0 0 0 0 0 0 0 0 0 0 0 0 0 0 0 0 0 0 0 0 0 0 0 0 0 0 0 0 0 0 0 0 0 0 0 0 0 0 0 0 0 0 0 0 0 0 0 0 0 0 0 0 7.26823e-06 1.66467e-05 3.5138e-05 6.83547e-05 0.000122551 0.000202491 0.00030835 0.000432741 0.000559711 0.000667181 0.000732934 0.000742062 0.000692414 0.000595434 0.000471902 0.00034468 0.000232138 0.000144102 8.25004e-05 4.36012e-05 0 0 0 0 0 0 0 0 0 0 0 0 0 0 0 0 0 0 0 0 0 0 0 0 0 0 0 0 0 0 0 0 0 0 0 0 0 0 0 0 0 0 0 0 0 0 0 0 0 0 0 0 0 0 0 0 0 0 0 0 0 0 0 0 0
0 0 0 0 0 0 0 0 0 0 0 0 0 0 0 0 0 0 0 0 0 0 0 0 0 0 0 0 0 0 0 0 0 0 0 0 0 0 0 0 0 0 0 0 0 0 0 0 0 0 0 0 0 0 0 0 0 0 0 0 0 0 0 0 0 0 6.01087e-06 1.26877e-05 2.46819e-05 4.4251e-05 7.31163e-05 0.00011134 0.000156255 0.000202102 0.000240907 0.000264651 0.000267947 0.000250018 0.000215 0.000170397 0.000124458 8.37787e-05 5.19749e-05 0 0 0 0 0 0 0 0 0 0 0 0 0 0 0 0 0 0 0 0 0 0 0 0 0 0 0 0 0 0 0 0 0 0 0 0 0 0 0 0 0 0 0 0 0 0 0 0 0 0 0 0 0 0 0 0 0 0 0 0 0 0 0 0 0 0 0
0 0 0 0 0 0 0 0 0 0 0 0 0 0 0 0 0 0 0 0 0 0 0 0 0 0 0 0 0 0 0 0 0 0 0 0 0 0 0 0 0 0 0 0 0 0 0 0 0 0 0 0 0 0 0 0 0 0 0 0 0 0 0 0 0 0 0 0 0 1.47257e-05 2.43314e-05 3.70518e-05 5.19988e-05 6.72547e-05 8.01683e-05 8.80703e-05 8.91671e-05 8.3201e-05 7.15482e-05 5.67035e-05 4.14167e-05 0 0 0 0 0 0 0 0 0 0 0 0 0 0 0 0 0 0 0 0 0 0 0 0 0 0 0 0 0 0 0 0 0 0 0 0 0 0 0 0 0 0 0 0 0 0 0 0 0 0 0 0 0 0 0 0 0 0 0 0 0 0 0 0 0 0 0 0 0
0 0 0 0 0 0 0 0 0 0 0 0 0 0 0 0 0 0 0 0 0 0 0 0 0 0 0 0 0 0 0 0 0 0 0 0 0 0 0 0 0 0 0 0 0 0 0 0 0 0 0 0 0 0 0 0 0 0 0 0 0 0 0 0 0 0 0 0 0 0 0 0 0 2.06265e-05 2.4587e-05 2.70106e-05 2.73469e-05 0 0 0 0 0 0 0 0 0 0 0 0 0 0 0 0 0 0 0 0 0 0 0 0 0 0 0 0 0 0 0 0 0 0 0 0 0 0 0 0 0 0 0 0 0 0 0 0 0 0 0 0 0 0 0 0 0 0 0 0 0 0 0 0 0 0 0 0 0 0 0 0 0
0 0 0 0 0 0 0 0 0 0 0 0 0 0 0 0 0 0 0 0 0 0 0 0 0 0 0 0 0 0 0 0 0 0 0 0 0 0 0 0 0 0 0 0 0 0 0 0 0 0 0 0 0 0 0 0 0 0 0 0 0 0 0 0 0 0 0 0 0 0 0 0 0 0 0 0 0 0 0 0 0 0 0 0 0 0 0 0 0 0 0 0 0 0 0 0 0 0 0 0 0 0 0 0 0 0 0 0 0 0 0 0 0 0 0 0 0 0 0 0 0 0 0 0 0 0 0 0 0 0 0 0 0 0 0 0 0 0 0 0 0 0 0 0 0 0 0 0 0 0
0 0 0 0 0 0 0 0 0 0 0 0 0 0 0 0 0 0 0 0 0 0 0 0 0 0 0 0 0 0 0 0 0 0 0 0 0 0 0 0 0 0 0 0 0 0 0 0 0 0 0 0 0 0 0 0 0 0 0 0 0 0 0 0 0 0 0 0 0 0 0 0 0 0 0 0 0 0 0 0 0 0 0 0 0 0 0 0 0 0 0 0 0 0 0 0 0 0 0 0 0 0 0 0 0 0 0 0 0 0 0 0 0 0 0 0 0 0 0 0 0 0 0 0 0 0 0 0 0 0 0 0 0 0 0 0 0 0 0 0 0 0 0 0 0 0 0 0 0 0
0 0 0 0 0 0 0 0 0 0 0 0 0 0 0 0 0 0 0 0 0 0 0 0 0 0 0 0 0 0 0 0 0 0 0 0 0 0 0 0 0 0 0 0 0 0 0 0 0 0 0 0 0 0 0 0 0 0 0 0 0 0 0 0 0 0 0 0 0 0 0 0 0 0 0 0 0 0 0 0 0 0 0 0 0 0 0 0 0 0 0 0 0 0 0 0 0 0 0 0 0 0 0 0 0 0 0 0 0 0 0 0 0 0 0 0 0 0 0 0 0 0 0 0 0 0 0 0 0 0 0 0 0 0 0 0 0 0 0 0 0 0 0 0 0 0 0 0 0 0
0 0 0 0 0 0 0 0 0 0 0 0 0 0 0 0 0 0 0 0 0 0 0 0 0 0 0 0 0 0 0 0 0 0 0 0 0 0 0 0 0 0 0 0 0 0 0 0 0 0 0 0 0 0 0 0 0 0 0 0 0 0 0 0 0 0 0 0 0 0 0 0 0 0 0 0 0 0 0 0 0 0 0 0 0 0 0 0 0 0 0 0 0 0 0 0 0 0 0 0 0 0 0 0 0 0 0 0 0 0 0 0 0 0 0 0 0 0 0 0 0 0 0 0 0 0 0 0 0 0 0 0 0 0 0 0 0 0 0 0 0 0 0 0 0 0 0 0 0 0
0 0 0 0 0 0 0 0 0 0 0 0 0 0 0 0 0 0 0 0 0 0 0 0 0 0 0 0 0 0 0 0 0 0 0 0 0 0 0 0 0 0 0 0 0 0 0 0 0 0 0 0 0 0 0 0 0 0 0 0 0 0 0 0 0 0 0 0 0 0 0 0 0 0 0 0 0 0 0 0 0 0 0 0 0 0 0 0 0 0 0 0 0 0 0 0 0 0 0 0 0 0 0 0 0 0 0 0 0 0 0 0 0 0 0 0 0 0 0 0 0 0 0 0 0 0 0 0 0 0 0 0 0 0 0 0 0 0 0 0 0 0 0 0 0 0 0 0 0 0
0 0 0 0 0 0 0 0 0 0 0 0 0 0 0 0 0 0 0 0 0 0 0 0 0 0 0 0 0 0 0 0 0 0 0 0 0 0 0 0 0 0 0 0 0 0 0 0 0 0 0 0 0 0 0 0 0 0 0 0 0 0 0 0 0 0 0 0 0 0 0 0 0 0 0 0 0 0 0 0 0 0 0 0 0 0 0 0 0 0 0 0 0 0 0 0 0 0 0 0 0 0 0 0 0 0 0 0 0 0 0 0 0 0 0 0 0 0 0 0 0 0 0 0 0 0 0 0 0 0 0 0 0 0 0 0 0 0 0 0 0 0 0 0 0 0 0 0 0 0
0 0 0 0 0 0 0 0 0 0 0 0 0 0 0 0 0 0 0 0 0 0 0 0 0 0 0 0 0 0 0 0 0 0 0 0 0 0 0 0 0 0 0 0 0 0 0 0 0 0 0 0 0 0 0 0 0 0 0 0 0 0 0 0 0 0 0 0 0 0 0 0 0 0 0 0 0 0 0 0 0 0 0 0 0 0 0 0 0 0 0 0 0 0 0 0 0 0 0 0 0 0 0 0 0 0 0 0 0 0 0 0 0 0 0 0 0 0 0 0 0 0 0 0 0 0 0 0 0 0 0 0 0 0 0 0 0 0 0 0 0 0 0 0 0 0 0 0 0 0
0 0 0 0 0 0 0 0 0 0 0 0 0 0 0 0 0 0 0 0 0 0 0 0 0 0 0 0 0 0 0 0 0 0 0 0 0 0 0 0 0 0 0 0 0 0 0 0 0 0 0 0 0 0 0 0 0 0 0 0 0 0 0 0 0 0 0 0 0 0 0 0 0 0 0 0 0 0 0 0 0 0 0 0 0 0 0 0 0 0 0 0 0 0 0 0 0 0 0 0 0 0 0 0 0 0 0 0 0 0 0 0 0 0 0 0 0 0 0 0 0 0 0 0 0 0 0 0 0 0 0 0 0 0 0 0 0 0 0 0 0 0 0 0 0 0 0 0 0 0
0 0 0 0 0 0 0 0 0 0 0 0 0 0 0 0 0 0 0 0 0 0 0 0 0 0 0 0 0 0 0 0 0 0 0 0 0 0 0 0 0 0 0 0 0 0 0 0 0 0 0 0 0 0 0 0 0 0 0 0 0 0 0 0 0 0 0 0 0 0 0 0 0 0 0 0 0 0 0 0 0 0 0 0 0 0 0 0 0 0 0 0 0 0 0 0 0 0 0 0 0 0 0 0 0 0 0 0 0 0 0 0 0 0 0 0 0 0 0 0 0 0 0 0 0 0 0 0 0 0 0 0 0 0 0 0 0 0 0 0 0 0 0 0 0 0 0 0 0 0
0 0 0 0 0 0 0 0 0 0 0 0 0 0 0 0 0 0 0 0 0 0 0 0 0 0 0 0 0 0 0 0 0 0 0 0 0 0 0 0 0 0 0 0 0 0 0 0 0 0 0 0 0 0 0 0 0 0 0 0 0 0 0 0 0 0 0 0 0 0 0 0 0 0 0 0 0 0 0 0 0 0 0 0 0 0 0 0 0 0 0 0 0 0 0 0 0 0 0 0 0 0 0 0 0 0 0 0 0 0 0 0 0 0 0 0 0 0 0 0 0 0 0 0 0 0 0 0 0 0 0 0 0 0 0 0 0 0 0 0 0 0 0 0 0 0 0 0 0 0
0 0 0 0 0 0 0 0 0 0 0 0 0 0 0 0 0 0 0 0 0 0 0 0 0 0 0 0 0 0 0 0 0 0 0 0 0 0 0 0 0 0 0 0 0 0 0 0 0 0 0 0 0 0 0 0 0 0 0 0 0 0 0 0 0 0 0 0 0 0 0 0 0 0 0 0 0 0 0 0 0 0 0 0 0 0 0 0 0 0 0 0 0 0 0 0 0 0 0 0 0 0 0 0 0 0 0 0 0 0 0 0 0 0 0 0 0 0 0 0 0 0 0 0 0 0 0 0 0 0 0 0 0 0 0 0 0 0 0 0 0 0 0 0 0 0 0 0 0 0
0 0 0 0 0 0 0 0 0 0 0 0 0 0 0 0 0 0 0 0 0 0 0 0 0 0 0 0 0 0 0 0 0 0 0 0 0 0 0 0 0 0 0 0 0 0 0 0 0 0 0 0 0 0 0 0 0 0 0 0 0 0 0 0 0 0 0 0 0 0 0 0 0 0 0 0 0 0 0 0 0 0 0 0 0 0 0 0 0 0 0 0 0 0 0 0 0 0 0 0 0 0 0 0 0 0 0 0 0 0 0 0 0 0 0 0 0 0 0 0 0 0 0 0 0 0 0 0 0 0 0 0 0 0 0 0 0 0 0 0 0 0 0 0 0 0 0 0 0 0
0 0 0 0 0 0 0 0 0 0 0 0 0 0 0 0 0 0 0 0 0 0 0 0 0 0 0 0 0 0 0 0 0 0 0 0 0 0 0 0 0 0 0 0 0 0 0 0 0 0 0 0 0 0 0 0 0 0 0 0 0 0 0 0 0 0 0 0 0 0 0 0 0 0 0 0 0 0 0 0 0 0 0 0 0 0 0 0 0 0 0 0 0 0 0 0 0 0 0 0 0 0 0 0 0 0 0 0 0 0 0 0 0 0 0 0 0 0 0 0 0 0 0 0 0 0 0 0 0 0 0 0 0 0 0 0 0 0 0 0 0 0 0 0 0 0 0 0 0 0
0 0 0 0 0 0 0 0 0 0 0 0 0 0 0 0 0 0 0 0 0 0 0 0 0 0 0 0 0 0 0 0 0 0 0 0 0 0 0 0 0 0 0 0 0 0 0 0 0 0 0 0 0 0 0 0 0 0 0 0 0 0 0 0 0 0 0 0 0 0 0 0 0 0 0 0 0 0 0 0 0 0 0 0 0 0 0 0 0 0 0 0 0 0 0 0 0 0 0 0 0 0 0 0 0 0 0 0 0 0 0 0 0 0 0 0 0 0 0 0 0 0 0 0 0 0 0 0 0 0 0 0 0 0 0 0 0 0 0 0 0 0 0 0 0 0 0 0 0 0
0 0 0 0 0 0 0 0 0 0 0 0 0 0 0 0 0 0 0 0 0 0 0 0 0 0 0 0 0 0 0 0 0 0 0 0 0 0 0 0 0 0 0 0 0 0 0 0 0 0 0 0 0 0 0 0 0 0 0 0 0 0 0 0 0 0 0 0 0 0 0 0 0 0 0 0 0 0 0 0 0 0 0 0 0 0 0 0 0 0 0 0 0 0 0 0 0 0 0 0 0 0 0 0 0 0 0 0 0 0 0 0 0 0 0 0 0 0 0 0 0 0 0 0 0 0 0 0 0 0 0 0 0 0 0 0 0 0 0 0 0 0 0 0 0 0 0 0 0 0
0 0 0 0 0 0 0 0 0 0 0 0 0 0 0 0 0 0 0 0 0 0 0 0 0 0 0 0 0 0 0 0 0 0 0 0 0 0 0 0 0 0 0 0 0 0 0 0 0 0 0 0 0 0 0 0 0 0 0 0 0 0 0 0 0 0 0 0 0 0 0 0 0 0 0 0 0 0 0 0 0 0 0 0 0 0 0 0 0 0 0 0 0 0 0 0 0 0 0 0 0 0 0 0 0 0 0 0 0 0 0 0 0 0 0 0 0 0 0 0 0 0 0 0 0 0 0 0 0 0 0 0 0 0 0 0 0 0 0 0 0 0 0 0 0 0 0 0 0 0
0 0 0 0 0 0 0 0 0 0 0 0 0 0 0 0 0 0 0 0 0 0 0 0 0 0 0 0 0 0 0 0 0 0 0 0 0 0 0 0 0 0 0 0 0 0 0 0 0 0 0 0 0 0 0 0 0 0 0 0 0 0 0 0 0 0 0 0 0 0 0 0 0 0 0 0 0 0 0 0 0 0 0 0 0 0 0 0 0 0 0 0 0 0 0 0 0 0 0 0 0 0 0 0 0 0 0 0 0 0 0 0 0 0 0 0 0 0 0 0 0 0 0 0 0 0 0 0 0 0 0 0 0 0 0 0 0 0 0 0 0 0 0 0 0 0 0 0 0 0
0 0 0 0 0 0 0 0 0 0 0 0 0 0 0 0 0 0 0 0 0 0 0 0 0 0 0 0 0 0 0 0 0 0 0 0 0 0 0 0 0 0 0 0 0 0 0 0 0 0 0 0 0 0 0 0 0 0 0 0 0 0 0 0 0 0 0 0 0 0 0 0 0 0 0 0 0 0 0 0 0 0 0 0 0 0 0 0 0 0 0 0 0 0 0 0 0 0 0 0 0 0 0 0 0 0 0 0 0 0 0 0 0 0 0 0 0 0 0 0 0 0 0 0 0 0 0 0 0 0 0 0 0 0 0 0 0 0 0 0 0 0 0 0 0 0 0 0 0 0
0 0 0 0 0 0 0 0 0 0 0 0 0 0 0 0 0 0 0 0 0 0 0 0 0 0 0 0 0 0 0 0 0 0 0 0 0 0 0 0 0 0 0 0 0 0 0 0 0 0 0 0 0 0 0 0 0 0 0 0 0 0 0 0 0 0 0 0 0 0 0 0 0 0 0 0 0 0 0 0 0 0 0 0 0 0 0 0 0 0 0 0 0 0 0 0 0 0 0 0 0 0 0 0 0 0 0 0 0 0 0 0 0 0 0 0 0 0 0 0 0 0 0 0 0 0 0 0 0 0 0 0 0 0 0 0 0 0 0 0 0 0 0 0 0 0 0 0 0 0
0 0 0 0 0 0 0 0 0 0 0 0 0 0 0 0 0 0 0 0 0 0 0 0 0 0 0 0 0 0 0 0 0 0 0 0 0 0 0 0 0 0 0 0 0 0 0 0 0 0 0 0 0 0 0 0 0 0 0 0 0 0 0 0 0 0 0 0 0 0 0 0 0 0 0 0 0 0 0 0 0 0 0 0 0 0 0 0 0 0 0 0 0 0 0 0 0 0 0 0 0 0 0 0 0 0 0 0 0 0 0 0 0 0 0 0 0 0 0 0 0 0 0 0 0 0 0 0 0 0 0 0 0 0 0 0 0 0 0 0 0 0 0 0 0 0 0 0 0 0
0 0 0 0 0 0 0 0 0 0 0 0 0 0 0 0 0 0 0 0 0 0 0 0 0 0 0 0 0 0 0 0 0 0 0 0 0 0 0 0 0 0 0 0 0 0 0 0 0 0 0 0 0 0 0 0 0 0 0 0 0 0 0 0 0 0 0 0 0 0 0 0 0 0 0 0 0 0 0 0 0 0 0 0 0 0 0 0 0 0 0 0 0 0 0 0 0 0 0 0 0 0 0 0 0 0 0 0 0 0 0 0 0 0 0 0 0 0 0 0 0 0 0 0 0 0 0 0 0 0 0 0 0 0 0 0 0 0 0 0 0 0 0 0 0 0 0 0 0 0
0 0 0 0 0 0 0 0 0 0 0 0 0 0 0 0 0 0 0 0 0 0 0 0 0 0 0 0 0 0 0 0 0 0 0 0 0 0 0 0 0 0 0 0 0 0 0 0 0 0 0 0 0 0 0 0 0 0 0 0 0 0 0 0 0 0 0 0 0 0 0 0 0 0 0 0 0 0 0 0 0 0 0 0 0 0 0 0 0 0 0 0 0 0 0 0 0 0 0 0 0 0 0 0 0 0 0 0 0 0 0 0 0 0 0 0 0 0 0 0 0 0 0 0 0 0 0 0 0 0 0 0 0 0 0 0 0 0 0 0 0 0 0 0 0 0 0 0 0 0
0 0 0 0 0 0 0 0 0 0 0 0 0 0 0 0 0 0 0 0 0 0 0 0 0 0 0 0 0 0 0 0 0 0 0 0 0 0 0 0 0 0 0 0 0 0 0 0 0 0 0 0 0 0 0 0 0 0 0 0 0 0 0 0 0 0 0 0 0 0 0 0 0 0 0 0 0 0 0 0 0 0 0 0 0 0 0 0 0 0 0 0 0 0 0 0 0 0 0 0 0 0 0 0 0 0 0 0 0 0 0 0 0 0 0 0 0 0 0 0 0 0 0 0 0 0 0 0 0 0 0 0 0 0 0 0 0 0 0 0 0 0 0 0 0 0 0 0 0 0
0 0 0 0 0 0 0 0 0 0 0 0 0 0 0 0 0 0 0 0 0 0 0 0 0 0 0 0 0 0 0 0 0 0 0 0 0 0 0 0 0 0 0 0 0 0 0 0 0 0 0 0 0 0 0 0 0 0 0 0 0 0 0 0 0 0 0 0 0 0 0 0 0 0 0 0 0 0 0 0 0 0 0 0 0 0 0 0 0 0 0 0 0 0 0 0 0 0 0 0 0 0 0 0 0 0 0 0 0 0 0 0 0 0 0 0 0 0 0 0 0 0 0 0 0 0 0 0 0 0 0 0 0 0 0 0 0 0 0 0 0 0 0 0 0 0 0 0 0 0
0 0 0 0 0 0 0 0 0 0 0 0 0 0 0 0 0 0 0 0 0 0 0 0 0 0 0 0 0 0 0 0 0 0 0 0 0 0 0 0 0 0 0 0 0 0 0 0 0 0 0 0 0 0 0 0 0 0 0 0 0 0 0 0 0 0 0 0 0 0 0 0 0 0 0 0 0 0 0 0 0 0 0 0 0 0 0 0 0 0 0 0 0 0 0 0 0 0 0 0 0 0 0 0 0 0 0 0 0 0 0 0 0 0 0 0 0 0 0 0 0 0 0 0 0 0 0 0 0 0 0 0 0 0 0 0 0 0 0 0 0 0 0 0 0 0 0 0 0 0
0 0 0 0 0 0 0 0 0 0 0 0 0 0 0 0 0 0 0 0 0 0 0 0 0 0 0 0 0 0 0 0 0 0 0 0 0 0 0 0 0 0 0 0 0 0 0 0 0 0 0 0 0 0 0 0 0 0 0 0 0 0 0 0 0 0 0 0 0 0 0 0 0 0 0 0 0 0 0 0 0 0 0 0 0 0 0 0 0 0 0 0 0 0 0 0 0 0 0 0 0 0 0 0 0 0 0 0 0 0 0 0 0 0 0 0 0 0 0 0 0 0 0 0 0 0 0 0 0 0 0 0 0 0 0 0 0 0 0 0 0 0 0 0 0 0 0 0 0 0
0 0 0 0 0 0 0 0 0 0 0 0 0 0 0 0 0 0 0 0 0 0 0 0 0 0 0 0 0 0 0 0 0 0 0 0 0 0 0 0 0 0 0 0 0 0 0 0 0 0 0 0 0 0 0 0 0 0 0 0 0 0 0 0 0 0 0 0 0 0 0 0 0 0 0 0 0 0 0 0 0 0 0 0 0 0 0 0 0 0 0 0 0 0 0 0 0 0 0 0 0 0 0 0 0 0 0 0 0 0 0 0 0 0 0 0 0 0 0 0 0 0 0 0 0 0 0 0 0 0 0 0 0 0 0 0 0 0 0 0 0 0 0 0 0 0 0 0 0 0
0 0 0 0 0 0 0 0 0 0 0 0 0 0 0 0 0 0 0 0 0 0 0 0 0 0 0 0 0 0 0 0 0 0 0 0 0 0 0 0 0 0 0 0 0 0 0 0 0 0 0 0 0 0 0 0 0 0 0 0 0 0 0 0 0 0 0 0 0 0 0 0 0 0 0 0 0 0 0 0 0 0 0 0 0 0 0 0 0 0 0 0 0 0 0 0 0 0 0 0 0 0 0 0 0 0 0 0 0 0 0 0 0 0 0 0 0 0 0 0 0 0 0 0 0 0 0 0 0 0 0 0 0 0 0 0 0 0 0 0 0 0 0 0 0 0 0 0 0 0
0 0 0 0 0 0 0 0 0 0 0 0 0 0 0 0 0 0 0 0 0 0 0 0 0 0 0 0 0 0 0 0 0 0 0 0 0 0 0 0 0 0 0 0 0 0 0 0 0 0 0 0 0 0 0 0 0 0 0 0 0 0 0 0 0 0 0 0 0 0 0 0 0 0 0 0 0 0 0 0 0 0 0 0 0 0 0 0 0 0 0 0 0 0 0 0 0 0 0 0 0 0 0 0 0 0 0 0 0 0 0 0 0 0 0 0 0 0 0 0 0 0 0 0 0 0 0 0 0 0 0 0 0 0 0 0 0 0 0 0 0 0 0 0 0 0 0 0 0 0
0 0 0 0 0 0 0 0 0 0 0 0 0 0 0 0 0 0 0 0 0 0 0 0 0 0 0 0 0 0 0 0 0 0 0 0 0 0 0 0 0 0 0 0 0 0 0 0 0 0 0 0 0 0 0 0 0 0 0 0 0 0 0 0 0 0 0 0 0 0 0 0 0 0 0 0 0 0 0 0 0 0 0 0 0 0 0 0 0 0 0 0 0 0 0 0 0 0 0 0 0 0 0 0 0 0 0 0 0 0 0 0 0 0 0 0 0 0 0 0 0 0 0 0 0 0 0 0 0 0 0 0 0 0 0 0 0 0 0 0 0 0 0 0 0 0 0 0 0 0
0 0 0 0 0 0 0 0 0 0 0 0 0 0 0 0 0 0 0 0 0 0 0 0 0 0 0 0 0 0 0 0 0 0 0 0 0 0 0 0 0 0 0 0 0 0 0 0 0 0 0 0 0 0 0 0 0 0 0 0 0 0 0 0 0 0 0 0 0 0 0 0 0 0 0 0 0 0 0 0 0 0 0 0 0 0 0 0 0 0 0 0 0 0 0 0 0 0 0 0 0 0 0 0 0 0 0 0 0 0 0 0 0 0 0 0 0 0 0 0 0 0 0 0 0 0 0 0 0 0 0 0 0 0 0 0 0 0 0 0 0 0 0 0 0 0 0 0 0 0
0 0 0 0 0 0 0 0 0 0 0 0 0 0 0 0 0 0 0 0 0 0 0 0 0 0 0 0 0 0 0 0 0 0 0 0 0 0 0 0 0 0 0 0 0 0 0 0 0 0 0 0 0 0 0 0 0 0 0 0 0 0 0 0 0 0 0 0 0 0 0 0 0 0 0 0 0 0 0 0 0 0 0 0 0 0 0 0 0 0 0 0 0 0 0 0 0 0 0 0 0 0 0 0 0 0 0 0 0 0 0 0 0 0 0 0 0 0 0 0 0 0 0 0 0 0 0 0 0 0 0 0 0 0 0 0 0 0 0 0 0 0 0 0 0 0 0 0 0 0
0 0 0 0 0 0 0 0 0 0 0 0 0 0 0 0 0 0 0 0 0 0 0 0 0 0 0 0 0 0 0 0 0 0 0 0 0 0 0 0 0 0 0 0 0 0 0 0 0 0 0 0 0 0 0 0 0 0 0 0 0 0 0 0 0 0 0 0 0 0 0 0 0 0 0 0 0 0 0 0 0 0 0 0 0 0 0 0 0 0 0 0 0 0 0 0 0 0 0 0 0 0 0 0 0 0 0 0 0 0 0 0 0 0 0 0 0 0 0 0 0 0 0 0 0 0 0 0 0 0 0 0 0 0 0 0 0 0 0 0 0 0 0 0 0 0 0 0 0 0
