0 0 0 0 0 0 0 0 0 0 0 0 0 0 0 0 0 0 0 0 0 0 0 0 0 0 0 0 0 0 0 0 0 0 0 0 0 0 0 0 0 0 0 0 0 0 0 0 0 0 0 0 0 0 0 0 0 0 0 0 0 0 0 0 0 0 0 0 0 0 0 0 0 0 0 0 0 0 0 0 0 0 0 0 0 0 0 0 0 0 0 0 0 0 0 0 0 0 0 0 0 0 0 0 0 0 0 0 0 0 0 0 0 0 0 0 0 0 0 0 0 0 0 0 0 0 0 0 0 0 0 0 0 0 0 0 0 0 0 0 0 0 0 0 0 0 0 0 0 0
0 0 0 0 0 0 0 0 0 0 0 0 0 0 0 0 0 0 0 0 0 0 0 0 0 0 0 0 0 0 0 0 0 0 0 0 0 0 0 0 0 0 0 0 0 0 0 0 0 0 0 0 0 0 0 0 0 0 0 0 0 0 0 0 0 0 0 0 0 0 0 0 0 0 0 0 0 0 0 0 0 0 0 0 0 0 0 0 0 0 0 0 0 0 0 0 0 0 0 0 0 0 0 0 0 0 0 0 0 0 0 0 0 0 0 0 0 0 0 0 0 0 0 0 0 0 0 0 0 0 0 0 0 0 0 0 0 0 0 0 0 0 0 0 0 0 0 0 0 0
0 0 0 0 0 0 0 0 0 0 0 0 0 0 0 0 0 0 0 0 0 0 0 0 0 0 0 0 0 0 0 0 0 0 0 0 0 0 0 0 0 0 0 0 0 0 0 0 0 0 0 0 0 0 0 0 0 0 0 0 0 0 0 0 0 0 0 0 0 0 0 0 0 0 0 0 0 0 0 0 0 0 0 0 0 0 0 0 0 0 0 0 0 0 0 0 0 0 0 0 0 0 0 0 0 0 0 0 0 0 0 0 0 0 0 0 0 0 0 0 0 0 0 0 0 0 0 0 0 0 0 0 0 0 0 0 0 0 0 0 0 0 0 0 0 0 0 0 0 0
0 0 0 0 0 0 0 0 0 0 0 0 0 0 0 0 0 0 0 0 0 0 0 0 0 0 0 0 0 0 0 0 0 0 0 0 0 0 0 0 0 0 0 0 0 0 0 0 0 0 0 0 0 0 0 0 0 0 0 0 0 0 0 0 0 0 0 0 0 0 0 0 0 0 0 0 0 0 0 0 0 0 0 0 0 0 0 0 0 0 0 0 0 0 0 0 0 0 0 0 0 0 0 0 0 0 0 0 0 0 0 0 0 0 0 0 0 0 0 0 0 0 0 0 0 0 0 0 0 0 0 0 0 0 0 0 0 0 0 0 0 0 0 0 0 0 0 0 0 0
0 0 0 0 0 0 0 0 0 0 0 0 0 0 0 0 0 0 0 0 0 0 0 0 0 0 0 0 0 0 0 0 0 0 0 0 0 0 0 0 0 0 0 0 0 0 0 0 0 0 0 0 0 0 0 0 0 0 0 0 0 0 0 0 0 0 0 0 0 0 0 0 0 0 0 0 0 0 0 0 0 0 0 0 0 0 0 0 0 0 0 0 0 0 0 0 0 0 0 0 0 0 0 0 0 0 0 0 0 0 0 0 0 0 0 0 0 0 0 0 0 0 0 0 0 0 0 0 0 0 0 0 0 0 0 0 0 0 0 0 0 0 0 0 0 0 0 0 0 0
0 0 0 0 0 0 0 0 0 0 0 0 0 0 0 0 0 0 0 0 0 0 0 0 0 0 0 0 0 0 0 0 0 0 0 0 0 0 0 0 0 0 0 0 0 0 0 0 0 0 0 0 0 0 0 0 0 0 0 0 0 0 0 0 0 0 0 0 0 0 0 0 0 0 0 0 0 0 0 0 0 0 0 0 0 0 0 0 0 0 0 0 0 0 0 0 0 0 0 0 0 0 0 0 0 0 0 0 0 0 0 0 0 0 0 0 0 0 0 0 0 0 0 0 0 0 0 0 0 0 0 0 0 0 0 0 0 0 0 0 0 0 0 0 0 0 0 0 0 0
0 0 0 0 0 0 0 0 0 0 0 0 0 0 0 0 0 0 0 0 0 0 0 0 0 0 0 0 0 0 0 0 0 0 0 0 0 0 0 0 0 0 0 0 0 0 0 0 0 0 0 0 0 0 0 0 0 0 0 0 0 0 0 0 0 0 0 0 0 0 0 0 0 0 0 0 0 0 0 0 0 0 0 0 0 0 0 0 0 0 0 0 0 0 0 0 0 0 0 0 0 0 0 0 0 0 0 0 0 0 0 0 0 0 0 0 0 0 0 0 0 0 0 0 0 0 0 0 0 0 0 0 0 0 0 0 0 0 0 0 0 0 0 0 0 0 0 0 0 0
0 0 0 0 0 0 0 0 0 0 0 0 0 0 0 0 0 0 0 0 0 0 0 0 0 0 0 0 0 0 0 0 0 0 0 0 0 0 0 0 0 0 0 0 0 0 0 0 0 0 0 0 0 0 0 0 0 0 0 0 0 0 0 0 0 0 0 0 0 0 0 0 0 0 0 0 0 0 0 0 0 0 0 0 0 0 0 0 0 0 0 0 0 0 0 0 0 0 0 0 0 0 0 0 0 0 0 0 0 0 0 0 0 0 0 0 0 0 0 0 0 0 0 0 0 0 0 0 0 0 0 0 0 0 0 0 0 0 0 0 0 0 0 0 0 0 0 0 0 0
0 0 0 0 0 0 0 0 0 0 0 0 0 0 0 0 0 0 0 0 0 0 0 0 0 0 0 0 0 0 0 0 0 0 0 0 0 0 0 0 0 0 0 0 0 0 0 0 0 0 0 0 0 0 0 0 0 0 0 0 0 0 0 0 0 0 0 0 0 0 0 0 0 0 0 0 0 0 0 0 0 0 0 0 0 0 0 0 0 0 0 0 0 0 0 0 0 0 0 0 0 0 0 0 0 0 0 0 0 0 0 0 0 0 0 0 0 0 0 0 0 0 0 0 0 0 0 0 0 0 0 0 0 0 0 0 0 0 0 0 0 0 0 0 0 0 0 0 0 0
0 0 0 0 0 0 0 0 0 0 0 0 0 0 0 0 0 0 0 0 0 0 0 0 0 0 0 0 0 0 0 0 0 0 0 0 0 0 0 0 0 0 0 0 0 0 0 0 0 0 0 0 0 0 0 0 0 0 0 0 0 0 0 0 0 0 0 0 0 0 0 0 0 0 0 0 0 0 0 0 0 0 0 0 0 0 0 0 0 0 0 0 0 0 0 0 0 0 0 0 0 0 0 0 0 0 0 0 0 0 0 0 0 0 0 0 0 0 0 0 0 0 0 0 0 0 0 0 0 0 0 0 0 0 0 0 0 0 0 0 0 0 0 0 0 0 0 0 0 0
0 0 0 0 0 0 0 0 0 0 0 0 0 0 0 0 0 0 0 0 0 0 0 0 0 0 0 0 0 0 0 0 0 0 0 0 0 0 0 0 0 0 0 0 0 0 0 0 0 0 0 0 0 0 0 0 0 0 0 0 0 0 0 0 0 0 0 0 0 0 0 0 0 0 0 0 0 0 0 0 0 0 0 0 0 0 0 0 0 0 0 0 0 0 0 0 0 0 0 0 0 0 0 0 0 0 0 0 0 0 0 0 0 0 0 0 0 0 0 0 0 0 0 0 0 0 0 0 0 0 0 0 0 0 0 0 0 0 0 0 0 0 0 0 0 0 0 0 0 0
0 0 0 0 0 0 0 0 0 0 0 0 0 0 0 0 0 0 0 0 0 0 0 0 0 0 0 0 0 0 0 0 0 0 0 0 0 0 0 0 0 0 0 0 0 0 0 0 0 0 0 0 0 0 0 0 0 0 0 0 0 0 0 0 0 0 0 0 0 0 0 0 0 0 0 0 0 0 0 0 0 0 0 0 0 0 0 0 0 0 0 0 0 0 0 0 0 0 0 0 0 0 0 0 0 0 0 0 0 0 0 0 0 0 0 0 0 0 0 0 0 0 0 0 0 0 0 0 0 0 0 0 0 0 0 0 0 0 0 0 0 0 0 0 0 0 0 0 0 0
0 0 0 0 0 0 0 0 0 0 0 0 0 0 0 0 0 0 0 0 0 0 0 0 0 0 0 0 0 0 0 0 0 0 0 0 0 0 0 0 0 0 0 0 0 0 0 0 0 0 0 0 0 0 0 0 0 0 0 0 0 0 0 0 0 0 0 0 0 0 0 0 0 0 0 0 0 0 0 0 0 0 0 0 0 0 0 0 0 0 0 0 0 0 0 0 0 0 0 0 0 0 0 0 0 0 0 0 0 0 0 0 0 0 0 0 0 0 0 0 0 0 0 0 0 0 0 0 0 0 0 0 0 0 0 0 0 0 0 0 0 0 0 0 0 0 0 0 0 0
0 0 0 0 0 0 0 0 0 0 0 0 0 0 0 0 0 0 0 0 0 0 0 0 0 0 0 0 0 0 0 0 0 0 0 0 0 0 0 0 0 0 0 0 0 0 0 0 0 0 0 0 0 0 0 0 0 0 0 0 0 0 0 0 0 0 0 0 0 0 0 0 0 0 0 0 0 0 0 0 0 0 0 0 0 0 0 0 0 0 0 0 0 0 0 0 0 0 0 0 0 0 0 0 0 0 0 0 0 0 0 0 0 0 0 0 0 0 0 0 0 0 0 0 0 0 0 0 0 0 0 0 0 0 0 0 0 0 0 0 0 0 0 0 0 0 0 0 0 0
0 0 0 0 0 0 0 0 0 0 0 0 0 0 0 0 0 0 0 0 0 0 0 0 0 0 0 0 0 0 0 0 0 0 0 0 0 0 0 0 0 0 0 0 0 0 0 0 0 0 0 0 0 0 0 0 0 0 0 0 0 0 0 0 0 0 0 0 0 0 0 0 0 0 0 0 0 0 0 0 0 0 0 0 0 0 0 0 0 0 0 0 0 0 0 0 0 0 0 0 0 0 0 0 0 0 0 0 0 0 0 0 0 0 0 0 0 0 0 0 0 0 0 0 0 0 0 0 0 0 0 0 0 0 0 0 0 0 0 0 0 0 0 0 0 0 0 0 0 0
0 0 0 0 0 0 0 0 0 0 0 0 0 0 0 0 0 0 0 0 0 0 0 0 0 0 0 0 0 0 0 0 0 0 0 0 0 0 0 0 0 0 0 0 0 0 0 0 0 0 0 0 0 0 0 0 0 0 0 0 0 0 0 0 0 0 0 0 0 0 0 0 0 0 0 0 0 0 0 0 0 0 0 0 0 0 0 0 0 0 0 0 0 0 0 0 0 0 0 0 0 0 0 0 0 0 0 0 0 0 0 0 0 0 0 0 0 0 0 0 0 0 0 0 0 0 0 0 0 0 0 0 0 0 0 0 0 0 0 0 0 0 0 0 0 0 0 0 0 0
0 0 0 0 0 0 0 0 0 0 0 0 0 0 0 0 0 0 0 0 0 0 0 0 0 0 0 0 0 0 0 0 0 0 0 0 0 0 0 0 0 0 0 0 0 0 0 0 0 0 0 0 0 0 0 0 0 0 0 0 0 0 0 0 0 0 0 0 0 0 0 0 0 0 0 0 0 0 0 0 0 0 0 0 0 0 0 0 0 0 0 0 0 0 0 0 0 0 0 0 0 0 0 0 0 0 0 0 0 0 0 0 0 0 0 0 0 0 0 0 0 0 0 0 0 0 0 0 0 0 0 0 0 0 0 0 0 0 0 0 0 0 0 0 0 0 0 0 0 0
0 0 0 0 0 0 0 0 0 0 0 0 0 0 0 0 0 0 0 0 0 0 0 0 0 0 0 0 0 0 0 0 0 0 0 0 0 0 0 0 0 0 0 0 0 0 0 0 0 0 0 0 0 0 0 0 0 0 0 0 0 0 0 0 0 0 0 0 0 0 0 0 0 0 0 0 0 0 0 0 0 0 0 0 0 0 0 0 0 0 0 0 0 0 0 0 0 0 0 0 0 0 0 0 0 0 0 0 0 0 0 0 0 0 0 0 0 0 0 0 0 0 0 0 0 0 0 0 0 0 0 0 0 0 0 0 0 0 0 0 0 0 0 0 0 0 0 0 0 0
0 0 0 0 0 0 0 0 0 0 0 0 0 0 0 0 0 0 0 0 0 0 0 0 0 0 0 0 0 0 0 0 0 0 0 0 0 0 0 0 0 0 0 0 0 0 0 0 0 0 0 0 0 0 0 0 0 0 0 0 0 0 0 0 0 0 0 0 0 0 0 0 0 0 0 0 0 0 0 0 0 0 0 0 0 0 0 0 0 0 0 0 0 0 0 0 0 0 0 0 0 0 0 0 0 0 0 0 0 0 0 0 0 0 0 0 0 0 0 0 0 0 0 0 0 0 0 0 0 0 0 0 0 0 0 0 0 0 0 0 0 0 0 0 0 0 0 0 0 0
0 0 0 0 0 0 0 0 0 0 0 0 0 0 0 0 0 0 0 0 0 0 0 0 0 0 0 0 0 0 0 0 0 0 0 0 0 0 0 0 0 0 0 0 0 0 0 0 0 0 0 0 0 0 0 0 0 0 0 0 0 0 0 0 0 0 0 0 0 0 0 0 0 0 0 0 0 0 0 0 0 0 0 0 0 0 0 0 0 0 0 0 0 0 0 0 0 0 0 0 0 0 0 0 0 0 0 0 0 0 0 0 0 0 0 0 0 0 0 0 0 0 0 0 0 0 0 0 0 0 0 0 0 0 0 0 0 0 0 0 0 0 0 0 0 0 0 0 0 0
0 0 0 0 0 0 0 0 0 0 0 0 0 0 0 0 0 0 0 0 0 0 0 0 0 0 0 0 0 0 0 0 0 0 0 0 0 0 0 0 0 0 0 0 0 0 0 0 0 0 0 0 0 0 0 0 0 0 0 0 0 0 0 0 0 0 0 0 0 0 0 0 0 0 0 0 0 0 0 0 0 0 0 0 0 0 0 0 0 0 0 0 0 0 0 0 0 0 0 0 0 0 0 0 0 0 0 0 0 0 0 0 0 0 0 0 0 0 0 0 0 0 0 0 0 0 0 0 0 0 0 0 0 0 0 0 0 0 0 0 0 0 0 0 0 0 0 0 0 0
0 0 0 0 0 0 0 0 0 0 0 0 0 0 0 0 0 0 0 0 0 0 0 0 0 0 0 0 0 0 0 0 0 0 0 0 0 0 0 0 0 0 0 0 0 0 0 0 0 0 0 0 0 0 0 0 0 0 0 0 0 0 0 0 0 0 0 0 0 0 0 0 0 0 0 0 0 0 0 0 0 0 0 0 0 0 0 0 0 0 0 0 0 0 0 0 0 0 0 0 0 0 0 0 0 0 0 0 0 0 0 0 0 0 0 0 0 0 0 0 0 0 0 0 0 0 0 0 0 0 0 0 0 0 0 0 0 0 0 0 0 0 0 0 0 0 0 0 0 0
0 0 0 0 0 0 0 0 0 0 0 0 0 0 0 0 0 0 0 0 0 0 0 0 0 0 0 0 0 0 0 0 0 0 0 0 0 0 0 0 0 0 0 0 0 0 0 0 0 0 0 0 0 0 0 0 0 0 0 0 0 0 0 0 0 0 0 0 0 0 0 0 0 0 0 0 0 0 0 0 0 0 0 0 0 0 0 0 0 0 0 0 0 0 0 0 0 0 0 0 0 0 0 0 0 0 0 0 0 0 0 0 0 0 0 0 0 0 0 0 0 0 0 0 0 0 0 0 0 0 0 0 0 0 0 0 0 0 0 0 0 0 0 0 0 0 0 0 0 0
0 0 0 0 0 0 0 0 0 0 0 0 0 0 0 0 0 0 0 0 0 0 0 0 0 0 0 0 0 0 0 0 0 0 0 0 0 0 0 0 0 0 0 0 0 0 0 0 0 0 0 0 0 0 0 0 0 0 0 0 0 0 0 0 0 0 0 0 0 0 0 0 0 0 0 0 0 0 0 0 0 0 0 0 0 0 0 0 0 0 0 0 0 0 0 0 0 0 0 0 0 0 0 0 0 0 0 0 0 0 0 0 0 0 0 0 0 0 0 0 0 0 0 0 0 0 0 0 0 0 0 0 0 0 0 0 0 0 0 0 0 0 0 0 0 0 0 0 0 0
0 0 0 0 0 0 0 0 0 0 0 0 0 0 0 0 0 0 0 0 0 0 0 0 0 0 0 0 0 0 0 0 0 0 0 0 0 0 0 0 0 0 0 0 0 0 0 0 0 0 0 0 0 0 0 0 0 0 0 0 0 0 0 0 0 0 0 0 0 0 0 0 0 0 0 0 0 0 0 0 0 0 0 0 0 0 0 0 0 0 0 0 0 0 0 0 0 0 0 0 0 0 0 0 0 0 0 0 0 0 0 0 0 0 0 0 0 0 0 0 0 0 0 0 0 0 0 0 0 0 0 0 0 0 0 0 0 0 0 0 0 0 0 0 0 0 0 0 0 0
0 0 0 0 0 0 0 0 0 0 0 0 0 0 0 0 0 0 0 0 0 0 0 0 0 0 0 0 0 0 0 0 0 0 0 0 0 0 0 0 0 0 0 0 0 0 0 0 0 0 0 0 0 0 0 0 0 0 0 0 0 0 0 0 0 0 0 0 0 0 0 0 0 0 0 0 0 0 0 0 0 0 0 0 0 0 0 0 0 0 0 0 0 0 0 0 0 0 0 0 0 0 0 0 0 0 0 0 0 0 0 0 0 0 0 0 0 0 0 0 0 0 0 0 0 0 0 0 0 0 0 0 0 0 0 0 0 0 0 0 0 0 0 0 0 0 0 0 0 0
0 0 0 0 0 0 0 0 0 0 0 0 0 0 0 0 0 0 0 0 0 0 0 0 0 0 0 0 0 0 0 0 0 0 0 0 0 0 0 0 0 0 0 0 0 0 0 0 0 0 0 0 0 0 0 0 0 0 0 0 0 0 0 0 0 0 0 0 0 0 0 0 0 0 0 0 0 0 0 0 0 0 0 0 0 0 0 0 0 0 0 0 0 0 0 0 0 0 0 0 0 0 0 0 0 0 0 0 0 0 0 0 0 0 0 0 0 0 0 0 0 0 0 0 0 0 0 0 0 0 0 0 0 0 0 0 0 0 0 0 0 0 0 0 0 0 0 0 0 0
0 0 0 0 0 0 0 0 0 0 0 0 0 0 0 0 0 0 0 0 0 0 0 0 0 0 0 0 0 0 0 0 0 0 0 0 0 0 0 0 0 0 0 0 0 0 0 0 0 0 0 0 0 0 0 0 0 0 0 0 0 0 0 0 0 0 0 0 0 0 0 0 0 0 0 0 0 0 0 0 0 0 0 0 0 0 0 0 0 0 0 0 0 0 0 0 0 0 0 0 0 0 0 0 0 0 0 0 0 0 0 0 0 0 0 0 0 0 0 0 0 0 0 0 0 0 0 0 0 0 0 0 0 0 0 0 0 0 0 0 0 0 0 0 0 0 0 0 0 0
0 0 0 0 0 0 0 0 0 0 0 0 0 0 0 0 0 0 0 0 0 0 0 0 0 0 0 0 0 0 0 0 0 0 0 0 0 0 0 0 0 0 0 0 0 0 0 0 0 0 0 0 0 0 0 0 0 0 0 0 0 0 0 0 0 0 0 0 0 0 0 0 0 0 0 0 0 0 0 0 0 0 0 0 0 0 0 0 0 0 0 0 0 0 0 0 0 0 0 0 0 0 0 0 0 0 0 0 0 0 0 0 0 0 0 0 0 0 0 0 0 0 0 0 0 0 0 0 0 0 0 0 0 0 0 0 0 0 0 0 0 0 0 0 0 0 0 0 0 0
0 0 0 0 0 0 0 0 0 0 0 0 0 0 0 0 0 0 0 0 0 0 0 0 0 0 0 0 0 0 0 0 0 0 0 0 0 0 0 0 0 0 0 0 0 0 0 0 0 0 0 0 0 0 0 0 0 0 0 0 0 0 0 0 0 0 0 0 0 0 0 0 0 0 0 0 0 0 0 0 0 0 0 0 0 0 0 0 0 0 0 0 0 0 0 0 0 0 0 0 0 0 0 0 0 0 0 0 0 0 0 0 0 0 0 0 0 0 0 0 0 0 0 0 0 0 0 0 0 0 0 0 0 0 0 0 0 0 0 0 0 0 0 0 0 0 0 0 0 0
0 0 0 0 0 0 0 0 0 0 0 0 0 0 0 0 0 0 0 0 0 0 0 0 0 0 0 0 0 0 0 0 0 0 0 0 0 0 0 0 0 0 0 0 0 0 0 0 0 0 0 0 0 0 0 0 0 0 0 0 0 0 0 0 0 0 0 0 0 0 0 0 0 0 0 0 2.3481e-05 2.8781e-05 3.29866e-05 3.56144e-05 3.65224e-05 3.58173e-05 3.36668e-05 3.02264e-05 0 0 0 0 0 0 0 0 0 0 0 0 0 0 0 0 0 0 0 0 0 0 0 0 0 0 0 0 0 0 0 0 0 0 0 0 0 0 0 0 0 0 0 0 0 0 0 0 0 0 0 0 0 0 0 0 0 0 0 0 0 0 0 0 0 0
0 0 0 0 0 0 0 0 0 0 0 0 0 0 0 0 0 0 0 0 0 0 0 0 0 0 0 0 0 0 0 0 0 0 0 0 0 0 0 0 0 0 0 0 0 0 0 0 0 0 0 0 0 0 0 0 0 0 0 0 0 0 0 0 0 0 0 0 0 0 0 0 0 2.58951e-05 3.98206e-05 5.66005e-05 7.45208e-05 9.11854e-05 0.000104236 0.000112105 0.000114378 0.00011151 0.0001042 9.30836e-05 7.89405e-05 6.30297e-05 4.70391e-05 0 0 0 0 0 0 0 0 0 0 0 0 0 0 0 0 0 0 0 0 0 0 0 0 0 0 0 0 0 0 0 0 0 0 0 0 0 0 0 0 0 0 0 0 0 0 0 0 0 0 0 0 0 0 0 0 0 0 0 0 0 0 0
0 0 0 0 0 0 0 0 0 0 0 0 0 0 0 0 0 0 0 0 0 0 0 0 0 0 0 0 0 0 0 0 0 0 0 0 0 0 0 0 0 0 0 0 0 0 0 0 0 0 0 0 0 0 0 0 0 0 0 0 0 0 0 0 0 0 0 0 0 0 0 2.52412e-05 4.55705e-05 7.90752e-05 0.000120468 0.000169928 0.000222279 0.00027039 0.00030728 0.000328405 0.000330405 0.000320242 0.000297478 0.000264362 0.000223307 0.000177812 0.000132469 9.18178e-05 5.8988e-05 0 0 0 0 0 0 0 0 0 0 0 0 0 0 0 0 0 0 0 0 0 0 0 0 0 0 0 0 0 0 0 0 0 0 0 0 0 0 0 0 0 0 0 0 0 0 0 0 0 0 0 0 0 0 0 0 0 0 0 0 0
0 0 0 0 0 0 0 0 0 0 0 0 0 0 0 0 0 0 0 0 0 0 0 0 0 0 0 0 0 0 0 0 0 0 0 0 0 0 0 0 0 0 0 0 0 0 0 0 0 0 0 0 0 0 0 0 0 0 0 0 0 0 0 0 0 0 0 0 0 0 3.84359e-05 7.47301e-05 0.00013225 0.000218946 0.000331796 0.000465903 0.000606942 0.000735341 0.000832039 0.000884708 0.000890989 0.000855804 0.000787261 0.000695116 0.000582476 0.000462453 0.000343877 0.000238077 0.000152848 9.07673e-05 0 0 0 0 0 0 0 0 0 0 0 0 0 0 0 0 0 0 0 0 0 0 0 0 0 0 0 0 0 0 0 0 0 0 0 0 0 0 0 0 0 0 0 0 0 0 0 0 0 0 0 0 0 0 0 0 0 0 0 0
0 0 0 0 0 0 0 0 0 0 0 0 0 0 0 0 0 0 0 0 0 0 0 0 0 0 0 0 0 0 0 0 0 0 0 0 0 0 0 0 0 0 0 0 0 0 0 0 0 0 0 0 0 0 0 0 0 0 0 0 0 0 0 0 0 0 0 0 2.192e-05 4.84021e-05 0.00010122 0.000192124 0.000338143 0.000551579 0.000833669 0.00116781 0.00151773 0.00183403 0.00206864 0.00219066 0.00219478 0.00209673 0.00191978 0.00168445 0.00140817 0.00111189 0.000822903 0.000569007 0.000365034 0.000216678 0.000118809 0 0 0 0 0 0 0 0 0 0 0 0 0 0 0 0 0 0 0 0 0 0 0 0 0 0 0 0 0 0 0 0 0 0 0 0 0 0 0 0 0 0 0 0 0 0 0 0 0 0 0 0 0 0 0 0 0 0 0
0 0 0 0 0 0 0 0 0 0 0 0 0 0 0 0 0 0 0 0 0 0 0 0 0 0 0 0 0 0 0 0 0 0 0 0 0 0 0 0 0 0 0 0 0 0 0 0 0 0 0 0 0 0 0 0 0 0 0 0 0 0 0 0 0 0 5.50049e-06 2.1969e-05 5.34038e-05 0.000117048 0.000238254 0.000450233 0.000789364 0.00128325 0.00193381 0.00270183 0.00350234 0.00422074 0.00474526 0.0050049 0.00498873 0.00473694 0.00430918 0.00375839 0.00312781 0.00246408 0.00182221 0.00125351 0.000803523 0.000476729 0.000261325 0.000132211 6.16962e-05 0 0 0 0 0 0 0 0 0 0 0 0 0 0 0 0 0 0 0 0 0 0 0 0 0 0 0 0 0 0 0 0 0 0 0 0 0 0 0 0 0 0 0 0 0 0 0 0 0 0 0 0 0 0 0 0 0
0 0 0 0 0 0 0 0 0 0 0 0 0 0 0 0 0 0 0 0 0 0 0 0 0 0 0 0 0 0 0 0 0 0 0 0 0 0 0 0 0 0 0 0 0 0 0 0 0 0 0 0 0 0 0 0 0 0 0 0 0 0 0 0 0 5.58205e-06 1.9504e-05 5.06202e-05 0.000118164 0.00025692 0.000519673 0.000976552 0.00170402 0.00275908 0.00414345 0.00577109 0.00745971 0.00896368 0.0100456 0.0105528 0.0104655 0.0098772 0.0089264 0.00773724 0.00640632 0.00502779 0.00370953 0.00255467 0.00163022 0.00096672 0.000529764 0.000267973 0.000125038 0 0 0 0 0 0 0 0 0 0 0 0 0 0 0 0 0 0 0 0 0 0 0 0 0 0 0 0 0 0 0 0 0 0 0 0 0 0 0 0 0 0 0 0 0 0 0 0 0 0 0 0 0 0 0 0 0
0 0 0 0 0 0 0 0 0 0 0 0 0 0 0 0 0 0 0 0 0 0 0 0 0 0 0 0 0 0 0 0 0 0 0 0 0 0 0 0 0 0 0 0 0 0 0 0 0 0 0 0 0 0 0 0 0 0 0 0 0 0 7.99568e-07 1.97712e-06 6.02426e-06 1.46214e-05 4.39353e-05 0.000106326 0.000243706 0.000523351 0.00104934 0.00195918 0.00340066 0.00548116 0.00820113 0.0113849 0.0146709 0.0175746 0.0196283 0.0205353 0.0202635 0.0190091 0.0170657 0.0146982 0.0121046 0.00946269 0.00696269 0.00478768 0.00305984 0.00180736 0.000990227 0.00050088 0.000233743 0.000100593 0 0 0 0 0 0 0 0 0 0 0 0 0 0 0 0 0 0 0 0 0 0 0 0 0 0 0 0 0 0 0 0 0 0 0 0 0 0 0 0 0 0 0 0 0 0 0 0 0 0 0 0 0 0 0 0
0 0 0 0 0 0 0 0 0 0 0 0 0 0 0 0 0 0 0 0 0 0 0 0 0 0 0 0 0 0 0 0 0 0 0 0 0 0 0 0 0 0 0 0 0 0 0 0 0 0 0 0 0 0 0 0 0 0 0 0 0 0 1.97956e-06 5.3612e-06 1.29435e-05 3.51618e-05 8.62664e-05 0.000205275 0.000463758 0.000985901 0.00196114 0.00363749 0.00627962 0.0100733 0.0150057 0.0207517 0.0266492 0.0318181 0.0354104 0.0368952 0.0362245 0.0337769 0.0301231 0.0257743 0.021107 0.0164294 0.0120529 0.0082721 0.00528218 0.00312601 0.00170674 0.000863466 0.000403109 0.000173609 6.89681e-05 0 0 0 0 0 0 0 0 0 0 0 0 0 0 0 0 0 0 0 0 0 0 0 0 0 0 0 0 0 0 0 0 0 0 0 0 0 0 0 0 0 0 0 0 0 0 0 0 0 0 0 0 0 0 0
0 0 0 0 0 0 0 0 0 0 0 0 0 0 0 0 0 0 0 0 0 0 0 0 0 0 0 0 0 0 0 0 0 0 0 0 0 0 0 0 0 0 0 0 0 0 0 0 0 0 0 0 0 0 0 0 0 0 0 0 0 1.69613e-06 4.51326e-06 1.1044e-05 2.77159e-05 6.74945e-05 0.000160377 0.000370758 0.00082237 0.00172663 0.00340257 0.00626362 0.010741 0.0171342 0.0254008 0.034978 0.0447464 0.0532313 0.0590205 0.0612384 0.0598238 0.0554469 0.0491132 0.0417382 0.0339784 0.0263274 0.0192543 0.0131886 0.00841241 0.00497732 0.00272463 0.0013749 0.000642727 0.000277358 0.000110501 0 0 0 0 0 0 0 0 0 0 0 0 0 0 0 0 0 0 0 0 0 0 0 0 0 0 0 0 0 0 0 0 0 0 0 0 0 0 0 0 0 0 0 0 0 0 0 0 0 0 0 0 0 0 0
0 0 0 0 0 0 0 0 0 0 0 0 0 0 0 0 0 0 0 0 0 0 0 0 0 0 0 0 0 0 0 0 0 0 0 0 0 0 0 0 0 0 0 0 0 0 0 0 0 0 0 0 0 0 0 0 0 0 0 0 0 3.35984e-06 8.78282e-06 2.15489e-05 5.33167e-05 0.000122638 0.00028097 0.000629103 0.00136468 0.00281949 0.00549253 0.0100174 0.0170502 0.0270248 0.039842 0.0546004 0.0695497 0.0824099 0.0910106 0.0940266 0.0913912 0.0841927 0.0740644 0.0625016 0.0505637 0.0389886 0.0284203 0.0194312 0.0123858 0.00733038 0.00401848 0.00203748 0.000953066 0.000413507 0.000166114 6.18883e-05 0 0 0 0 0 0 0 0 0 0 0 0 0 0 0 0 0 0 0 0 0 0 0 0 0 0 0 0 0 0 0 0 0 0 0 0 0 0 0 0 0 0 0 0 0 0 0 0 0 0 0 0 0 0
0 0 0 0 0 0 0 0 0 0 0 0 0 0 0 0 0 0 0 0 0 0 0 0 0 0 0 0 0 0 0 0 0 0 0 0 0 0 0 0 0 0 0 0 0 0 0 0 0 0 0 0 0 0 0 0 0 0 0 0 0 6.27034e-06 1.60106e-05 4.31054e-05 9.93119e-05 0.000216933 0.000470821 0.0010147 0.00213612 0.00432424 0.00829503 0.0149556 0.0252206 0.0396695 0.0581027 0.0791795 0.100366 0.118405 0.130221 0.133948 0.129543 0.118625 0.103631 0.0868177 0.069771 0.0535261 0.0388941 0.02656 0.0169404 0.0100505 0.00553361 0.00282485 0.00133598 0.000587111 0.000240547 9.21175e-05 0 0 0 0 0 0 0 0 0 0 0 0 0 0 0 0 0 0 0 0 0 0 0 0 0 0 0 0 0 0 0 0 0 0 0 0 0 0 0 0 0 0 0 0 0 0 0 0 0 0 0 0 0 0
0 0 0 0 0 0 0 0 0 0 0 0 0 0 0 0 0 0 0 0 0 0 0 0 0 0 0 0 0 0 0 0 0 0 0 0 0 0 0 0 0 0 0 0 0 0 0 0 0 0 0 0 0 0 0 0 0 0 0 0 0 1.06443e-05 4.06554e-05 8.78652e-05 0.000183965 0.000378861 0.000778162 0.00159186 0.0032206 0.0063234 0.0118692 0.0210589 0.0350738 0.0546174 0.0793424 0.107387 0.135351 0.158907 0.174013 0.178236 0.171563 0.156213 0.135534 0.112702 0.0899533 0.0686649 0.0497825 0.0340265 0.0217945 0.0130324 0.00726266 0.00377159 0.0018276 0.000826262 0.00035184 0.000141133 5.3526e-05 0 0 0 0 0 0 0 0 0 0 0 0 0 0 0 0 0 0 0 0 0 0 0 0 0 0 0 0 0 0 0 0 0 0 0 0 0 0 0 0 0 0 0 0 0 0 0 0 0 0 0 0 0
0 0 0 0 0 0 0 0 0 0 0 0 0 0 0 0 0 0 0 0 0 0 0 0 0 0 0 0 0 0 0 0 0 0 0 0 0 0 0 0 0 0 0 0 0 0 0 0 0 0 0 0 0 0 0 0 0 0 0 0 0 3.87318e-05 8.89891e-05 0.000181189 0.000356524 0.000689233 0.00131677 0.00252292 0.00481973 0.00905976 0.0164663 0.0285271 0.0466617 0.0716514 0.102945 0.138121 0.172909 0.201933 0.220213 0.22475 0.215524 0.195309 0.168417 0.139053 0.110264 0.0838461 0.0608275 0.0418339 0.0271291 0.0165325 0.00945423 0.00507338 0.00255744 0.0012117 0.000540958 0.000228141 9.07661e-05 0 0 0 0 0 0 0 0 0 0 0 0 0 0 0 0 0 0 0 0 0 0 0 0 0 0 0 0 0 0 0 0 0 0 0 0 0 0 0 0 0 0 0 0 0 0 0 0 0 0 0 0 0
0 0 0 0 0 0 0 0 0 0 0 0 0 0 0 0 0 0 0 0 0 0 0 0 0 0 0 0 0 0 0 0 0 0 0 0 0 0 0 0 0 0 0 0 0 0 0 0 0 0 0 0 0 0 0 0 0 0 0 0 4.1741e-05 9.71945e-05 0.000199139 0.000387894 0.000727134 0.00131554 0.00234841 0.00417621 0.007445 0.0132042 0.0229339 0.0383822 0.0611564 0.0920474 0.130238 0.172759 0.214491 0.249114 0.270735 0.27574 0.263959 0.238595 0.204892 0.168264 0.132821 0.10095 0.0737179 0.05148 0.0342009 0.0215205 0.0127847 0.00715522 0.00376606 0.00185982 0.00086282 0.000376531 0.000154078 0 0 0 0 0 0 0 0 0 0 0 0 0 0 0 0 0 0 0 0 0 0 0 0 0 0 0 0 0 0 0 0 0 0 0 0 0 0 0 0 0 0 0 0 0 0 0 0 0 0 0 0 0
0 0 0 0 0 0 0 0 0 0 0 0 0 0 0 0 0 0 0 0 0 0 0 0 0 0 0 0 0 0 0 0 0 0 0 0 0 0 0 0 0 0 0 0 0 0 0 0 0 0 0 0 0 0 0 0 0 0 0 4.5008e-05 9.80368e-05 0.000217383 0.000434831 0.000823515 0.00149051 0.002581 0.00435471 0.00725375 0.0120704 0.0200732 0.0330187 0.0529201 0.0815214 0.119556 0.165898 0.216971 0.266845 0.308211 0.334185 0.34033 0.326077 0.294892 0.25303 0.207408 0.163626 0.124927 0.0924204 0.0659953 0.0451673 0.0294007 0.018083 0.0104599 0.00567302 0.00287926 0.00135932 0.000603613 0.00025048 0 0 0 0 0 0 0 0 0 0 0 0 0 0 0 0 0 0 0 0 0 0 0 0 0 0 0 0 0 0 0 0 0 0 0 0 0 0 0 0 0 0 0 0 0 0 0 0 0 0 0 0 0
0 0 0 0 0 0 0 0 0 0 0 0 0 0 0 0 0 0 0 0 0 0 0 0 0 0 0 0 0 0 0 0 0 0 0 0 0 0 0 0 0 0 0 0 0 0 0 0 0 0 0 0 0 0 0 0 0 0 4.10304e-05 0.000101157 0.000222244 0.000459966 0.000903292 0.0016847 0.00297047 0.00500099 0.00810883 0.0128409 0.0201492 0.0315521 0.0491262 0.0751991 0.111689 0.159236 0.216323 0.27866 0.339329 0.389798 0.421862 0.429905 0.412728 0.374064 0.321459 0.263844 0.208762 0.160587 0.120469 0.0877359 0.0614246 0.0408996 0.0256821 0.0151247 0.0083279 0.00428039 0.00205039 0.000911791 0.000381153 0 0 0 0 0 0 0 0 0 0 0 0 0 0 0 0 0 0 0 0 0 0 0 0 0 0 0 0 0 0 0 0 0 0 0 0 0 0 0 0 0 0 0 0 0 0 0 0 0 0 0 0 0
0 0 0 0 0 0 0 0 0 0 0 0 0 0 0 0 0 0 0 0 0 0 0 0 0 0 0 0 0 0 0 0 0 0 0 0 0 0 0 0 0 0 0 0 0 0 0 0 0 0 0 0 0 0 0 0 0 4.3132e-05 0.00010136 0.0002137 0.000453071 0.000913959 0.001767 0.00324614 0.00563481 0.00930385 0.014674 0.0224055 0.0335541 0.0498491 0.0737082 0.107844 0.154433 0.21407 0.28478 0.361397 0.435699 0.497532 0.536943 0.546845 0.525364 0.476753 0.410319 0.337459 0.267989 0.207517 0.157231 0.115901 0.0821517 0.0553292 0.0350905 0.0208435 0.0115643 0.00598519 0.0028858 0.00129833 0.000538037 0 0 0 0 0 0 0 0 0 0 0 0 0 0 0 0 0 0 0 0 0 0 0 0 0 0 0 0 0 0 0 0 0 0 0 0 0 0 0 0 0 0 0 0 0 0 0 0 0 0 0 0 0
0 0 0 0 0 0 0 0 0 0 0 0 0 0 0 0 0 0 0 0 0 0 0 0 0 0 0 0 0 0 0 0 0 0 0 0 0 0 0 0 0 0 0 0 0 0 0 0 0 0 0 0 0 0 0 0 0 9.30636e-05 0.000209481 0.000426529 0.000870854 0.00171291 0.00325403 0.00588644 0.0100956 0.0164043 0.0253842 0.0377228 0.0544801 0.0773988 0.109061 0.152507 0.210251 0.282968 0.368286 0.460094 0.548682 0.622002 0.668146 0.678555 0.650868 0.590232 0.508045 0.41832 0.333106 0.259116 0.197497 0.146519 0.104499 0.0707749 0.0451229 0.0269433 0.0150322 0.00782862 0.00380147 0.00172433 0.000735288 0 0 0 0 0 0 0 0 0 0 0 0 0 0 0 0 0 0 0 0 0 0 0 0 0 0 0 0 0 0 0 0 0 0 0 0 0 0 0 0 0 0 0 0 0 0 0 0 0 0 0 0 0
0 0 0 0 0 0 0 0 0 0 0 0 0 0 0 0 0 0 0 0 0 0 0 0 0 0 0 0 0 0 0 0 0 0 0 0 0 0 0 0 0 0 0 0 0 0 0 0 0 0 0 0 0 0 0 0 8.982e-05 0.000201745 0.000408302 0.000813333 0.00158329 0.00303314 0.00563928 0.0100469 0.0170159 0.0273271 0.0416761 0.0607228 0.085295 0.116784 0.157483 0.210403 0.278301 0.362087 0.459295 0.563144 0.662624 0.744 0.793688 0.801985 0.766452 0.693331 0.596045 0.490873 0.391572 0.305553 0.233807 0.174166 0.124717 0.0848285 0.0543447 0.0326457 0.0183525 0.00965407 0.00474183 0.00218252 0.000948073 0.000192828 0 0 0 0 0 0 0 0 0 0 0 0 0 0 0 0 0 0 0 0 0 0 0 0 0 0 0 0 0 0 0 0 0 0 0 0 0 0 0 0 0 0 0 0 0 0 0 0 0 0 0 0
0 0 0 0 0 0 0 0 0 0 0 0 0 0 0 0 0 0 0 0 0 0 0 0 0 0 0 0 0 0 0 0 0 0 0 0 0 0 0 0 0 0 0 0 0 0 0 0 0 0 0 0 0 0 0 0 0.000170926 0.000376605 0.000747842 0.0014467 0.00273909 0.0050842 0.009238 0.0161776 0.0270728 0.0430128 0.0648662 0.0931455 0.12816 0.170457 0.221353 0.283111 0.358277 0.448049 0.550355 0.658466 0.760915 0.843091 0.890549 0.893178 0.848854 0.764889 0.656135 0.540193 0.431591 0.337817 0.259514 0.194187 0.139782 0.095692 0.0618277 0.0375479 0.0214099 0.0114647 0.00575581 0.00271952 0.00121794 0.00035044 0 0 0 0 0 0 0 0 0 0 0 0 0 0 0 0 0 0 0 0 0 0 0 0 0 0 0 0 0 0 0 0 0 0 0 0 0 0 0 0 0 0 0 0 0 0 0 0 0 0 0 0
0 0 0 0 0 0 0 0 0 0 0 0 0 0 0 0 0 0 0 0 0 0 0 0 0 0 0 0 0 0 0 0 0 0 0 0 0 0 0 0 0 0 0 0 0 0 0 0 0 0 0 0 0 0 0 0.00013715 0.000301328 0.000654512 0.00128287 0.00244513 0.00449002 0.00811062 0.0143729 0.0247166 0.0408011 0.0641593 0.0958425 0.136117 0.184492 0.240154 0.302703 0.372749 0.451799 0.540983 0.639009 0.740247 0.834149 0.906769 0.944169 0.936847 0.88341 0.791883 0.677508 0.557837 0.446906 0.35154 0.271862 0.205121 0.149197 0.103499 0.068009 0.0421734 0.0246647 0.0136047 0.00706646 0.00346594 0.00161344 0.000590815 0.000254801 0 0 0 0 0 0 0 0 0 0 0 0 0 0 0 0 0 0 0 0 0 0 0 0 0 0 0 0 0 0 0 0 0 0 0 0 0 0 0 0 0 0 0 0 0 0 0 0 0 0 0
0 0 0 0 0 0 0 0 0 0 0 0 0 0 0 0 0 0 0 0 0 0 0 0 0 0 0 0 0 0 0 0 0 0 0 0 0 0 0 0 0 0 0 0 0 0 0 0 0 0 0 0 0 0 0 0.000224131 0.000491616 0.00105679 0.00208224 0.00387989 0.00698393 0.0123302 0.021338 0.0359948 0.0585518 0.0910672 0.134817 0.189757 0.254375 0.326103 0.402229 0.480945 0.561816 0.645126 0.730165 0.81309 0.88586 0.937153 0.955472 0.933271 0.870391 0.775024 0.66154 0.545823 0.440078 0.349722 0.274141 0.210339 0.156142 0.110996 0.0750262 0.0480487 0.0290913 0.0166454 0.00899582 0.00460003 0.00224058 0.000927013 0.000404596 0 0 0 0 0 0 0 0 0 0 0 0 0 0 0 0 0 0 0 0 0 0 0 0 0 0 0 0 0 0 0 0 0 0 0 0 0 0 0 0 0 0 0 0 0 0 0 0 0 0 0
0 0 0 0 0 0 0 0 0 0 0 0 0 0 0 0 0 0 0 0 0 0 0 0 0 0 0 0 0 0 0 0 0 0 0 0 0 0 0 0 0 0 0 0 0 0 0 0 0 0 0 0 0 0 0 0.000338419 0.000769485 0.0016221 0.00313783 0.00579363 0.0102921 0.0178586 0.0303206 0.0501991 0.080408 0.123562 0.181188 0.25292 0.336132 0.426313 0.518167 0.607062 0.690031 0.76573 0.833228 0.890258 0.932048 0.951659 0.942168 0.899755 0.826245 0.72968 0.622344 0.516932 0.422554 0.342491 0.275104 0.217064 0.166188 0.122076 0.0853538 0.0565306 0.0353714 0.0209014 0.0116695 0.00617997 0.00302226 0.00151184 0.000756909 0.000390405 0.00018335 0 0 0 0 0 0 0 0 0 0 0 0 0 0 0 0 0 0 0 0 0 0 0 0 0 0 0 0 0 0 0 0 0 0 0 0 0 0 0 0 0 0 0 0 0 0 0 0 0
0 0 0 0 0 0 0 0 0 0 0 0 0 0 0 0 0 0 0 0 0 0 0 0 0 0 0 0 0 0 0 0 0 0 0 0 0 0 0 0 0 0 0 0 0 0 0 0 0 0 0 0 0 0 0 0.000472333 0.00106931 0.00229371 0.00442914 0.00814163 0.0143815 0.0246567 0.0412629 0.0672429 0.1061 0.16095 0.233545 0.323219 0.426313 0.536472 0.64589 0.747105 0.834467 0.904522 0.955322 0.985269 0.992419 0.974777 0.931454 0.864081 0.777702 0.680383 0.581571 0.489662 0.409623 0.341957 0.283758 0.231341 0.182782 0.13825 0.0992743 0.0673848 0.0431375 0.0260927 0.0149473 0.00820879 0.00433379 0.00233623 0.00129921 0.000749784 0.000413443 0.000246222 0.000138712 0 0 0 0 0 0 0 0 0 0 0 0 0 0 0 0 0 0 0 0 0 0 0 0 0 0 0 0 0 0 0 0 0 0 0 0 0 0 0 0 0 0 0 0 0 0 0
0 0 0 0 0 0 0 0 0 0 0 0 0 0 0 0 0 0 0 0 0 0 0 0 0 0 0 0 0 0 0 0 0 0 0 0 0 0 0 0 0 0 0 0 0 0 0 0 0 0 0 0 0 0 0 0.000610128 0.0014835 0.00304472 0.00587931 0.0107961 0.0190354 0.0324791 0.0538392 0.0866765 0.134928 0.202034 0.289845 0.39743 0.520332 0.650738 0.778767 0.894451 0.989521 1.05814 1.09675 1.10353 1.07851 1.02409 0.945527 0.850732 0.748969 0.649014 0.55749 0.477993 0.410906 0.353706 0.302206 0.252722 0.203878 0.156899 0.114368 0.0787425 0.0512159 0.0315816 0.0186542 0.0106769 0.00618866 0.00370685 0.00231087 0.00146494 0.000891084 0.000544646 0.000314674 0.000172227 0 0 0 0 0 0 0 0 0 0 0 0 0 0 0 0 0 0 0 0 0 0 0 0 0 0 0 0 0 0 0 0 0 0 0 0 0 0 0 0 0 0 0 0 0 0
0 0 0 0 0 0 0 0 0 0 0 0 0 0 0 0 0 0 0 0 0 0 0 0 0 0 0 0 0 0 0 0 0 0 0 0 0 0 0 0 0 0 0 0 0 0 0 0 0 0 0 0 0 0 0 0.000731064 0.00186347 0.00382362 0.00739017 0.0136093 0.0239906 0.040897 0.0674824 0.107728 0.165837 0.245298 0.347845 0.47228 0.613664 0.76336 0.910105 1.04197 1.14818 1.22021 1.25224 1.24157 1.1895 1.10218 0.990476 0.868267 0.749211 0.643286 0.554876 0.48328 0.424615 0.373582 0.324951 0.275275 0.224083 0.173628 0.12743 0.0885154 0.0584067 0.0369359 0.0228148 0.0141341 0.00909888 0.00611727 0.00419718 0.00284283 0.00185543 0.00114707 0.000677065 0.000378119 0.000200423 0.000101086 0 0 0 0 0 0 0 0 0 0 0 0 0 0 0 0 0 0 0 0 0 0 0 0 0 0 0 0 0 0 0 0 0 0 0 0 0 0 0 0 0 0 0 0
0 0 0 0 0 0 0 0 0 0 0 0 0 0 0 0 0 0 0 0 0 0 0 0 0 0 0 0 0 0 0 0 0 0 0 0 0 0 0 0 0 0 0 0 0 0 0 0 0 0 0 0 0 0 0 0.00101139 0.00223943 0.00459093 0.0088819 0.016387 0.0289967 0.049521 0.0815863 0.129548 0.19768 0.289267 0.405651 0.545296 0.703093 0.870217 1.03487 1.1838 1.30389 1.3836 1.41416 1.39127 1.317 1.20084 1.05876 0.910035 0.77225 0.656759 0.566509 0.497561 0.442555 0.393771 0.345069 0.293328 0.239018 0.185355 0.136465 0.0956451 0.0643902 0.0423878 0.0280706 0.0193417 0.013976 0.0103524 0.00759213 0.00536948 0.00361 0.00228889 0.00137474 0.000780591 0.00042045 0.000215325 0.00010485 0 0 0 0 0 0 0 0 0 0 0 0 0 0 0 0 0 0 0 0 0 0 0 0 0 0 0 0 0 0 0 0 0 0 0 0 0 0 0 0 0 0 0
0 0 0 0 0 0 0 0 0 0 0 0 0 0 0 0 0 0 0 0 0 0 0 0 0 0 0 0 0 0 0 0 0 0 0 0 0 0 0 0 0 0 0 0 0 0 0 0 0 0 0 0 0 0 0 0.00118706 0.00258193 0.00533263 0.0103176 0.0191396 0.0339582 0.0580875 0.0956908 0.151414 0.229502 0.332789 0.46199 0.6151 0.786974 0.969108 1.14986 1.3153 1.45036 1.54031 1.57303 1.54207 1.44972 1.30836 1.13859 0.964453 0.807063 0.679207 0.583163 0.512808 0.45807 0.409078 0.358809 0.304466 0.247405 0.191609 0.141624 0.100698 0.0701334 0.049256 0.0360355 0.0278087 0.0221258 0.0175064 0.0133868 0.00973228 0.00667594 0.00430788 0.00262424 0.00151127 0.000825722 0.000428911 0.000211681 9.89496e-05 0 0 0 0 0 0 0 0 0 0 0 0 0 0 0 0 0 0 0 0 0 0 0 0 0 0 0 0 0 0 0 0 0 0 0 0 0 0 0 0 0 0
0 0 0 0 0 0 0 0 0 0 0 0 0 0 0 0 0 0 0 0 0 0 0 0 0 0 0 0 0 0 0 0 0 0 0 0 0 0 0 0 0 0 0 0 0 0 0 0 0 0 0 0 0 0 0 0.00136723 0.00295509 0.00623773 0.0118938 0.0219156 0.0388448 0.0664356 0.109388 0.172624 0.260268 0.374606 0.51551 0.680337 0.863855 1.05804 1.25184 1.4312 1.57965 1.67978 1.71627 1.68036 1.57411 1.41201 1.21842 1.02139 0.845027 0.703596 0.599358 0.524915 0.468212 0.417614 0.365343 0.308854 0.250178 0.193887 0.14468 0.105742 0.0779528 0.0599934 0.0489401 0.0414556 0.0351497 0.0289265 0.022678 0.0167766 0.0116678 0.00762659 0.00470176 0.00274238 0.00151874 0.000799858 0.000400122 0.000189391 0 0 0 0 0 0 0 0 0 0 0 0 0 0 0 0 0 0 0 0 0 0 0 0 0 0 0 0 0 0 0 0 0 0 0 0 0 0 0 0 0 0
0 0 0 0 0 0 0 0 0 0 0 0 0 0 0 0 0 0 0 0 0 0 0 0 0 0 0 0 0 0 0 0 0 0 0 0 0 0 0 0 0 0 0 0 0 0 0 0 0 0 0 0 0 0 0.000588428 0.00196098 0.00385171 0.0074357 0.0138158 0.0249284 0.043758 0.074476 0.122222 0.192189 0.28837 0.412458 0.563435 0.737845 0.930164 1.13271 1.33506 1.52351 1.68097 1.7884 1.82822 1.78977 1.67455 1.49811 1.28716 1.07242 0.880193 0.726049 0.612671 0.532253 0.471751 0.418537 0.364408 0.306953 0.248552 0.194048 0.148165 0.113876 0.091268 0.077775 0.0693123 0.0623157 0.0547512 0.0460364 0.0366121 0.0273835 0.019231 0.012697 0.00791137 0.0046703 0.00262101 0.00139969 0.000709779 0.000340256 0.000153372 0 0 0 0 0 0 0 0 0 0 0 0 0 0 0 0 0 0 0 0 0 0 0 0 0 0 0 0 0 0 0 0 0 0 0 0 0 0 0 0 0
0 0 0 0 0 0 0 0 0 0 0 0 0 0 0 0 0 0 0 0 0 0 0 0 0 0 0 0 0 0 0 0 0 0 0 0 0 0 0 0 0 0 0 0 0 0 0 0 0 0 0 0 0 0 0.00150696 0.00287084 0.00528127 0.00948594 0.016619 0.0288067 0.049234 0.0824064 0.133808 0.208857 0.311423 0.442718 0.600917 0.78172 0.979083 1.18534 1.39052 1.5815 1.74153 1.85138 1.8927 1.85388 1.73562 1.55335 1.33428 1.11001 0.907797 0.743973 0.621827 0.534 0.467812 0.410891 0.355216 0.298472 0.243041 0.193688 0.154895 0.128761 0.113727 0.105449 0.0993581 0.0921978 0.0824504 0.0700851 0.056179 0.0423096 0.0299261 0.0199222 0.0125349 0.00748601 0.00425645 0.00230446 0.00118442 0.000574932 0.00026207 0.000111621 0 0 0 0 0 0 0 0 0 0 0 0 0 0 0 0 0 0 0 0 0 0 0 0 0 0 0 0 0 0 0 0 0 0 0 0 0 0 0 0
0 0 0 0 0 0 0 0 0 0 0 0 0 0 0 0 0 0 0 0 0 0 0 0 0 0 0 0 0 0 0 0 0 0 0 0 0 0 0 0 0 0 0 0 0 0 0 0 0 0 0 0 0 0.00135527 0.00268655 0.00474358 0.00810785 0.0133107 0.0215975 0.0349958 0.0567491 0.0914757 0.144821 0.222279 0.327687 0.461952 0.622741 0.805094 1.00239 1.20666 1.40812 1.59434 1.74977 1.85646 1.89709 1.86011 1.74547 1.56723 1.35113 1.12767 0.923525 0.754993 0.625858 0.529944 0.456361 0.394522 0.337542 0.283439 0.234441 0.194823 0.167966 0.153631 0.147657 0.144686 0.140473 0.13236 0.119332 0.101957 0.0820698 0.0620768 0.0441359 0.029586 0.0187783 0.0113357 0.00652488 0.00357841 0.00186235 0.000914456 0.000421141 0.000180995 0 0 0 0 0 0 0 0 0 0 0 0 0 0 0 0 0 0 0 0 0 0 0 0 0 0 0 0 0 0 0 0 0 0 0 0 0 0 0 0
0 0 0 0 0 0 0 0 0 0 0 0 0 0 0 0 0 0 0 0 0 0 0 0 0 0 0 0 0 0 0 0 0 0 0 0 0 0 0 0 0 0 0 0 0 0 0 0 0 0 0 0 0.0012435 0.00252883 0.00465791 0.00803277 0.0130508 0.0202744 0.0306937 0.0460836 0.0694089 0.105054 0.158473 0.235068 0.338664 0.470166 0.627171 0.804507 0.995145 1.19074 1.38146 1.55571 1.69976 1.79826 1.83626 1.80337 1.69883 1.53431 1.33236 1.12053 0.923422 0.756397 0.623506 0.520264 0.438632 0.371151 0.313202 0.263794 0.225162 0.200379 0.189822 0.189467 0.193124 0.195499 0.19295 0.183283 0.16593 0.142127 0.11465 0.086943 0.062039 0.0417986 0.0267158 0.0162718 0.00946367 0.00524726 0.00276001 0.00136848 0.000635693 0.000275292 0.000110745 0 0 0 0 0 0 0 0 0 0 0 0 0 0 0 0 0 0 0 0 0 0 0 0 0 0 0 0 0 0 0 0 0 0 0 0 0 0 0
0 0 0 0 0 0 0 0 0 0 0 0 0 0 0 0 0 0 0 0 0 0 0 0 0 0 0 0 0 0 0 0 0 0 0 0 0 0 0 0 0 0 0 0 0 0 0 0 0 0 0 0.00100487 0.00221845 0.00430756 0.00782161 0.0133216 0.0211879 0.0319469 0.0462831 0.0654657 0.0917713 0.128865 0.18143 0.254401 0.351514 0.473993 0.619917 0.784479 0.960722 1.1401 1.3129 1.46844 1.59533 1.6815 1.71533 1.68826 1.59886 1.45579 1.27722 1.08632 0.904388 0.745109 0.612693 0.504644 0.416249 0.343807 0.28585 0.243358 0.218728 0.212414 0.220014 0.234117 0.247839 0.256236 0.255825 0.244526 0.222089 0.190549 0.153872 0.116815 0.0834972 0.0564114 0.0362102 0.0221852 0.0129966 0.00726317 0.00385057 0.00192328 0.000899335 0.000391749 0.00015841 0 0 0 0 0 0 0 0 0 0 0 0 0 0 0 0 0 0 0 0 0 0 0 0 0 0 0 0 0 0 0 0 0 0 0 0 0 0 0
0 0 0 0 0 0 0 0 0 0 0 0 0 0 0 0 0 0 0 0 0 0 0 0 0 0 0 0 0 0 0 0 0 0 0 0 0 0 0 0 0 0 0 0 0 0 0 0 0 0 0.000703619 0.0016941 0.00355374 0.00690656 0.0125652 0.0212027 0.0334975 0.0499135 0.0707729 0.0966457 0.128804 0.169598 0.222359 0.290923 0.378593 0.486985 0.615142 0.759291 0.913156 1.06857 1.21627 1.34691 1.4516 1.52192 1.54982 1.52884 1.457 1.33971 1.19017 1.0263 0.865279 0.718684 0.590995 0.481922 0.390027 0.315132 0.259158 0.22572 0.217157 0.229862 0.254923 0.283275 0.307948 0.323757 0.326682 0.314244 0.286387 0.24608 0.19878 0.150868 0.107801 0.0728306 0.0467867 0.0287213 0.0168793 0.0094723 0.00504505 0.00253171 0.00118913 0.000520101 0.000211083 0 0 0 0 0 0 0 0 0 0 0 0 0 0 0 0 0 0 0 0 0 0 0 0 0 0 0 0 0 0 0 0 0 0 0 0 0 0 0
0 0 0 0 0 0 0 0 0 0 0 0 0 0 0 0 0 0 0 0 0 0 0 0 0 0 0 0 0 0 0 0 0 0 0 0 0 0 0 0 0 0 0 0 0 0 0 0 0 0 0.00111355 0.00252944 0.00532016 0.0103751 0.018908 0.0319905 0.0506349 0.0753583 0.106137 0.142653 0.18479 0.233103 0.289043 0.354829 0.432861 0.524892 0.63104 0.749015 0.873889 0.998519 1.11473 1.21486 1.29273 1.34349 1.36258 1.34571 1.29052 1.1993 1.08018 0.945483 0.807907 0.676858 0.557315 0.451259 0.360104 0.286456 0.235127 0.212232 0.219423 0.249086 0.289829 0.332182 0.368819 0.393542 0.40113 0.388289 0.355054 0.305445 0.246642 0.186917 0.133254 0.0897771 0.0575121 0.0352268 0.0206791 0.0116065 0.00618977 0.00311249 0.0014654 0.000642503 0.00026138 0 0 0 0 0 0 0 0 0 0 0 0 0 0 0 0 0 0 0 0 0 0 0 0 0 0 0 0 0 0 0 0 0 0 0 0 0 0 0
0 0 0 0 0 0 0 0 0 0 0 0 0 0 0 0 0 0 0 0 0 0 0 0 0 0 0 0 0 0 0 0 0 0 0 0 0 0 0 0 0 0 0 0 0 0 0 0 0 0.000626414 0.00154253 0.0035165 0.00743022 0.0146133 0.0266885 0.0454905 0.0725066 0.108519 0.153232 0.205275 0.262677 0.323574 0.386919 0.452906 0.522847 0.598533 0.681161 0.770112 0.86218 0.951764 1.03222 1.09779 1.14491 1.17205 1.17806 1.1609 1.11826 1.04971 0.958556 0.851615 0.737169 0.622619 0.513514 0.413924 0.32747 0.258648 0.214272 0.202242 0.223093 0.266714 0.321097 0.376715 0.425421 0.459548 0.472328 0.459543 0.421252 0.362562 0.292431 0.221057 0.15699 0.105237 0.0670192 0.0408029 0.0238272 0.0133243 0.00709203 0.00356435 0.0016789 0.000736869 0.000300141 0.000113164 0 0 0 0 0 0 0 0 0 0 0 0 0 0 0 0 0 0 0 0 0 0 0 0 0 0 0 0 0 0 0 0 0 0 0 0 0 0
0 0 0 0 0 0 0 0 0 0 0 0 0 0 0 0 0 0 0 0 0 0 0 0 0 0 0 0 0 0 0 0 0 0 0 0 0 0 0 0 0 0 0 0 0 0 0 0 0 0.000803468 0.00198672 0.00455305 0.00968364 0.0191891 0.0353672 0.0608766 0.0980597 0.148258 0.211075 0.284032 0.362865 0.442526 0.518561 0.588405 0.652004 0.711412 0.769386 0.82755 0.88499 0.938051 0.981695 1.01171 1.0265 1.02712 1.01557 0.9925 0.956327 0.904665 0.836545 0.753709 0.660351 0.562065 0.464775 0.374059 0.295034 0.233321 0.197001 0.194954 0.226679 0.281129 0.346559 0.413307 0.472276 0.514354 0.531456 0.518554 0.475819 0.4093 0.329488 0.248246 0.175433 0.116821 0.0737834 0.0445089 0.0257611 0.0143005 0.00757304 0.0037949 0.00178511 0.000783223 0.000319111 0.000120384 0 0 0 0 0 0 0 0 0 0 0 0 0 0 0 0 0 0 0 0 0 0 0 0 0 0 0 0 0 0 0 0 0 0 0 0 0 0
0 0 0 0 0 0 0 0 0 0 0 0 0 0 0 0 0 0 0 0 0 0 0 0 0 0 0 0 0 0 0 0 0 0 0 0 0 0 0 0 0 0 0 0 0 0 0 0 0.000357089 0.00095822 0.00238328 0.00550141 0.0118062 0.0236238 0.0440508 0.0767844 0.125338 0.191997 0.276578 0.375575 0.482152 0.587322 0.68217 0.760254 0.819388 0.861777 0.892392 0.916318 0.936267 0.951564 0.959099 0.955648 0.940198 0.914927 0.883995 0.850781 0.815395 0.774536 0.723866 0.660777 0.585919 0.503101 0.418165 0.337443 0.266855 0.212737 0.184121 0.190318 0.229941 0.291759 0.364519 0.438432 0.503717 0.550406 0.56962 0.555986 0.509804 0.437808 0.351497 0.263782 0.185371 0.122489 0.0765944 0.0456638 0.0261091 0.014337 0.00752947 0.00375228 0.00175936 0.000770694 0.000313798 0.000118368 0 0 0 0 0 0 0 0 0 0 0 0 0 0 0 0 0 0 0 0 0 0 0 0 0 0 0 0 0 0 0 0 0 0 0 0 0 0
0 0 0 0 0 0 0 0 0 0 0 0 0 0 0 0 0 0 0 0 0 0 0 0 0 0 0 0 0 0 0 0 0 0 0 0 0 0 0 0 0 0 0 0 0 0 0 0 0.000394645 0.0010659 0.00267236 0.0062282 0.0135174 0.0273899 0.0517991 0.0916472 0.15192 0.236224 0.344996 0.47394 0.613532 0.750325 0.86995 0.960917 1.01785 1.04255 1.04242 1.02709 1.00455 0.978844 0.949946 0.91567 0.874547 0.827988 0.780493 0.737181 0.700005 0.66577 0.627933 0.58057 0.521478 0.45277 0.379674 0.308573 0.245769 0.198294 0.176103 0.188425 0.232737 0.297878 0.373129 0.448857 0.515229 0.562147 0.580742 0.565692 0.517525 0.443244 0.354667 0.264984 0.185087 0.121281 0.0749924 0.0440932 0.0248289 0.013437 0.00697316 0.0034456 0.00160684 0.000701675 0.000285228 0.00010751 0 0 0 0 0 0 0 0 0 0 0 0 0 0 0 0 0 0 0 0 0 0 0 0 0 0 0 0 0 0 0 0 0 0 0 0 0 0
0 0 0 0 0 0 0 0 0 0 0 0 0 0 0 0 0 0 0 0 0 0 0 0 0 0 0 0 0 0 0 0 0 0 0 0 0 0 0 0 0 0 0 0 0 0 0 0 0.000407981 0.00111196 0.00281786 0.00664962 0.0146479 0.0301149 0.0578911 0.104161 0.175555 0.277334 0.410928 0.571538 0.74706 0.919289 1.06775 1.17507 1.23183 1.23888 1.20597 1.14766 1.07821 1.00775 0.940742 0.876969 0.814494 0.752927 0.695253 0.646399 0.609069 0.580245 0.5522 0.517046 0.4707 0.413881 0.350956 0.287983 0.23159 0.189683 0.172946 0.189447 0.235088 0.299035 0.3714 0.443243 0.505338 0.548259 0.563727 0.54691 0.498501 0.425392 0.339015 0.252047 0.17492 0.113613 0.0694137 0.0401833 0.0222213 0.0118056 0.00602806 0.00294214 0.00136071 0.000591181 0.000239615 9.01746e-05 0 0 0 0 0 0 0 0 0 0 0 0 0 0 0 0 0 0 0 0 0 0 0 0 0 0 0 0 0 0 0 0 0 0 0 0 0 0
0 0 0 0 0 0 0 0 0 0 0 0 0 0 0 0 0 0 0 0 0 0 0 0 0 0 0 0 0 0 0 0 0 0 0 0 0 0 0 0 0 0 0 0 0 0 0 6.7903e-05 0.000397659 0.00109719 0.00281973 0.00676008 0.0151397 0.0316801 0.0620017 0.113544 0.194615 0.312264 0.46912 0.660161 0.870875 1.07837 1.25598 1.38023 1.43748 1.42752 1.3624 1.26152 1.14527 1.02986 0.924682 0.832442 0.751611 0.680263 0.619022 0.570835 0.537214 0.514439 0.494198 0.468025 0.431141 0.383488 0.328704 0.272601 0.222306 0.186775 0.176337 0.195881 0.239519 0.297566 0.361668 0.42422 0.477281 0.512617 0.523018 0.50428 0.457248 0.388323 0.30797 0.227716 0.156961 0.101029 0.0609635 0.0347152 0.0188071 0.00977034 0.00488416 0.00234309 0.00107041 0.000461381 0.000186125 0 0 0 0 0 0 0 0 0 0 0 0 0 0 0 0 0 0 0 0 0 0 0 0 0 0 0 0 0 0 0 0 0 0 0 0 0 0 0
0 0 0 0 0 0 0 0 0 0 0 0 0 0 0 0 0 0 0 0 0 0 0 0 0 0 0 0 0 0 0 0 0 0 0 0 0 0 0 0 0 0 0 0 0 0 0 0.000122805 0.000369644 0.00103635 0.00270984 0.00661633 0.0150968 0.0321847 0.0641385 0.119476 0.208005 0.338417 0.514521 0.731184 0.971799 1.20927 1.41138 1.54926 1.60574 1.57999 1.48643 1.34884 1.19269 1.0389 0.900705 0.78353 0.687148 0.609237 0.548486 0.50504 0.477698 0.461099 0.446712 0.426591 0.39632 0.355712 0.308134 0.259599 0.218232 0.193561 0.192888 0.215475 0.254192 0.30166 0.352109 0.400113 0.43962 0.464049 0.467426 0.4463 0.401513 0.338699 0.266934 0.196102 0.134179 0.0855717 0.0510058 0.028561 0.0151388 0.00766607 0.00373239 0.00174922 0.000784991 0.000334281 0.000133839 0 0 0 0 0 0 0 0 0 0 0 0 0 0 0 0 0 0 0 0 0 0 0 0 0 0 0 0 0 0 0 0 0 0 0 0 0 0 0
0 0 0 0 0 0 0 0 0 0 0 0 0 0 0 0 0 0 0 0 0 0 0 0 0 0 0 0 0 0 0 0 0 0 0 0 0 0 0 0 0 0 0 0 0 0 0 0.000108475 0.000332426 0.000949561 0.00253112 0.00629967 0.014644 0.0317757 0.0643691 0.121692 0.214644 0.353135 0.541861 0.775578 1.03606 1.29301 1.51017 1.65491 1.70796 1.66872 1.55396 1.39086 1.2083 1.02973 0.870065 0.736058 0.628752 0.546482 0.487193 0.448639 0.426721 0.414421 0.403421 0.386933 0.361471 0.327281 0.288194 0.251332 0.226059 0.220085 0.233702 0.260238 0.292428 0.325709 0.357473 0.385389 0.406147 0.415376 0.408659 0.383362 0.340243 0.283912 0.221702 0.161502 0.109565 0.0692032 0.0407548 0.0224597 0.011653 0.00574053 0.00271085 0.00123315 0.000539776 0.000225719 8.93027e-05 0 0 0 0 0 0 0 0 0 0 0 0 0 0 0 0 0 0 0 0 0 0 0 0 0 0 0 0 0 0 0 0 0 0 0 0 0 0 0
0 0 0 0 0 0 0 0 0 0 0 0 0 0 0 0 0 0 0 0 0 0 0 0 0 0 0 0 0 0 0 0 0 0 0 0 0 0 0 0 0 0 0 0 0 0 0 9.36575e-05 0.000292656 0.000852133 0.00231387 0.00586107 0.0138434 0.0304972 0.0626003 0.11972 0.213238 0.353645 0.546036 0.785065 1.05158 1.3137 1.53323 1.6762 1.72312 1.67444 1.54881 1.37541 1.1842 0.99871 0.833357 0.69458 0.583904 0.500555 0.442624 0.406623 0.386717 0.375264 0.364844 0.350097 0.328737 0.302079 0.275489 0.257941 0.258081 0.277072 0.307288 0.338935 0.36526 0.383572 0.393967 0.397353 0.393826 0.382112 0.360175 0.326713 0.282548 0.231093 0.177632 0.127732 0.0856709 0.0535134 0.0311315 0.0168995 0.0085932 0.00412132 0.00188508 0.000828117 0.000350857 0.000142917 5.55302e-05 0 0 0 0 0 0 0 0 0 0 0 0 0 0 0 0 0 0 0 0 0 0 0 0 0 0 0 0 0 0 0 0 0 0 0 0 0 0 0
0 0 0 0 0 0 0 0 0 0 0 0 0 0 0 0 0 0 0 0 0 0 0 0 0 0 0 0 0 0 0 0 0 0 0 0 0 0 0 0 0 0 0 0 0 0 0 7.96044e-05 0.000253191 0.000749564 0.00206713 0.00531083 0.0127048 0.0283031 0.0586634 0.113113 0.202819 0.338106 0.523968 0.755013 1.01216 1.2638 1.47242 1.60527 1.64444 1.59201 1.46765 1.30042 1.11888 0.944376 0.789146 0.658445 0.553773 0.474952 0.42028 0.385791 0.36534 0.352081 0.340241 0.326228 0.309352 0.292825 0.284276 0.293155 0.323149 0.367573 0.414176 0.451766 0.473769 0.478579 0.468204 0.446072 0.415245 0.377715 0.334671 0.287239 0.237101 0.186784 0.139411 0.0979728 0.0645183 0.0396835 0.0227571 0.0121675 0.00607774 0.00284739 0.00126022 0.000533865 0.000217613 8.56182e-05 0 0 0 0 0 0 0 0 0 0 0 0 0 0 0 0 0 0 0 0 0 0 0 0 0 0 0 0 0 0 0 0 0 0 0 0 0 0 0 0
0 0 0 0 0 0 0 0 0 0 0 0 0 0 0 0 0 0 0 0 0 0 0 0 0 0 0 0 0 0 0 0 0 0 0 0 0 0 0 0 0 0 0 0 0 0 0 4.17059e-05 0.000214075 0.000641908 0.00179098 0.00465019 0.0112286 0.0252157 0.0526196 0.102018 0.183702 0.307148 0.47683 0.687486 0.921148 1.14841 1.33487 1.45124 1.4826 1.43269 1.32097 1.17422 1.01732 0.867639 0.734514 0.622053 0.531956 0.464526 0.417997 0.388046 0.368877 0.355111 0.343005 0.330971 0.320295 0.316301 0.328079 0.363178 0.419823 0.486419 0.547778 0.59115 0.609496 0.602021 0.572452 0.526287 0.468778 0.404395 0.337268 0.271341 0.210084 0.156041 0.110718 0.0746565 0.0475784 0.0285154 0.0160105 0.00840161 0.00411851 0.00188546 0.000809429 0.000331648 0.000129888 4.90479e-05 0 0 0 0 0 0 0 0 0 0 0 0 0 0 0 0 0 0 0 0 0 0 0 0 0 0 0 0 0 0 0 0 0 0 0 0 0 0 0 0
0 0 0 0 0 0 0 0 0 0 0 0 0 0 0 0 0 0 0 0 0 0 0 0 0 0 0 0 0 0 0 0 0 0 0 0 0 0 0 0 0 0 0 0 0 0 0 3.51591e-05 0.00017557 0.000531041 0.00149383 0.00390784 0.00949963 0.0214535 0.0449766 0.0875116 0.15797 0.264501 0.410785 0.591931 0.791982 0.985259 1.14229 1.2387 1.26326 1.22102 1.12988 1.01269 0.88909 0.771686 0.667018 0.578633 0.508969 0.458908 0.42652 0.407167 0.395458 0.387226 0.380294 0.374518 0.372478 0.380696 0.408744 0.46304 0.539334 0.623081 0.696141 0.743523 0.757395 0.737744 0.689992 0.621566 0.53953 0.45028 0.360153 0.275311 0.200869 0.13986 0.0929546 0.0589458 0.0355949 0.0203979 0.0110456 0.00562877 0.00269109 0.00119847 0.000497178 0.00019822 7.48716e-05 0 0 0 0 0 0 0 0 0 0 0 0 0 0 0 0 0 0 0 0 0 0 0 0 0 0 0 0 0 0 0 0 0 0 0 0 0 0 0 0 0
0 0 0 0 0 0 0 0 0 0 0 0 0 0 0 0 0 0 0 0 0 0 0 0 0 0 0 0 0 0 0 0 0 0 0 0 0 0 0 0 0 0 0 0 0 0 0 2.89438e-05 0.000139653 0.000423838 0.00119738 0.00314656 0.00768236 0.0174102 0.0366156 0.0713916 0.129023 0.216091 0.335404 0.482641 0.644435 0.799684 0.924668 1.00052 1.01961 0.987667 0.920122 0.83496 0.746234 0.662072 0.586904 0.524358 0.477909 0.449111 0.435965 0.433636 0.436968 0.442373 0.448121 0.454164 0.462902 0.480806 0.51807 0.582203 0.669334 0.763268 0.84287 0.890709 0.898143 0.865889 0.800921 0.712284 0.608592 0.497882 0.388225 0.287357 0.201377 0.133505 0.0837914 0.0498747 0.0282088 0.015178 0.00776582 0.00377036 0.00173143 0.000738102 0.000290331 0.000113337 4.15838e-05 0 0 0 0 0 0 0 0 0 0 0 0 0 0 0 0 0 0 0 0 0 0 0 0 0 0 0 0 0 0 0 0 0 0 0 0 0 0 0 0 0
0 0 0 0 0 0 0 0 0 0 0 0 0 0 0 0 0 0 0 0 0 0 0 0 0 0 0 0 0 0 0 0 0 0 0 0 0 0 0 0 0 0 0 0 0 0 0 2.38162e-05 0.000109455 0.0003301 0.00092955 0.00244136 0.00596476 0.0135333 0.0284897 0.0555807 0.100445 0.16811 0.260571 0.374211 0.49842 0.616793 0.711314 0.768253 0.783022 0.761299 0.715627 0.659245 0.601341 0.546602 0.498194 0.460197 0.437158 0.431324 0.440754 0.460533 0.485491 0.511856 0.537138 0.559882 0.580811 0.605324 0.644276 0.707942 0.795231 0.889975 0.968899 1.01239 1.01109 0.966295 0.886073 0.780576 0.659513 0.532199 0.408039 0.295835 0.202127 0.129895 0.0784748 0.0446028 0.0238932 0.0120941 0.00580019 0.00264122 0.00114286 0.000469513 0.00017825 6.16049e-05 0 0 0 0 0 0 0 0 0 0 0 0 0 0 0 0 0 0 0 0 0 0 0 0 0 0 0 0 0 0 0 0 0 0 0 0 0 0 0 0 0 0
0 0 0 0 0 0 0 0 0 0 0 0 0 0 0 0 0 0 0 0 0 0 0 0 0 0 0 0 0 0 0 0 0 0 0 0 0 0 0 0 0 0 0 0 0 0 0 0 6.30297e-05 0.000258156 0.000713252 0.0018507 0.00449246 0.0101531 0.0213192 0.04153 0.0749367 0.1252 0.193665 0.277472 0.368606 0.454928 0.523416 0.564566 0.575915 0.562563 0.534196 0.50013 0.466031 0.434457 0.408016 0.391353 0.389991 0.406824 0.440075 0.484806 0.535648 0.587954 0.637394 0.679825 0.71312 0.740731 0.773827 0.826096 0.901278 0.98579 1.0557 1.08995 1.07842 1.02256 0.930812 0.813656 0.681312 0.543864 0.411593 0.293864 0.197207 0.124103 0.0731451 0.0403641 0.0208655 0.0101169 0.00461049 0.00198028 0.000804124 0.000309581 0.000107321 0 0 0 0 0 0 0 0 0 0 0 0 0 0 0 0 0 0 0 0 0 0 0 0 0 0 0 0 0 0 0 0 0 0 0 0 0 0 0 0 0 0 0
0 0 0 0 0 0 0 0 0 0 0 0 0 0 0 0 0 0 0 0 0 0 0 0 0 0 0 0 0 0 0 0 0 0 0 0 0 0 0 0 0 0 0 0 0 0 0 0 5.57216e-05 0.000210248 0.000557487 0.00140278 0.00333422 0.00743305 0.0154719 0.0299671 0.0538588 0.0897104 0.138408 0.197834 0.262238 0.323053 0.37122 0.40038 0.409284 0.402064 0.385869 0.367186 0.349556 0.334517 0.324614 0.325083 0.342275 0.379635 0.435617 0.505397 0.5833 0.663258 0.738251 0.800601 0.844648 0.871331 0.891512 0.92212 0.973154 1.03634 1.08946 1.11079 1.08935 1.02585 0.928091 0.806056 0.669812 0.529739 0.39647 0.279428 0.184786 0.114391 0.066192 0.0357778 0.0180606 0.00851676 0.00375459 0.00154949 0.000599785 0.000218383 5.48838e-05 0 0 0 0 0 0 0 0 0 0 0 0 0 0 0 0 0 0 0 0 0 0 0 0 0 0 0 0 0 0 0 0 0 0 0 0 0 0 0 0 0 0 0
0 0 0 0 0 0 0 0 0 0 0 0 0 0 0 0 0 0 0 0 0 0 0 0 0 0 0 0 0 0 0 0 0 0 0 0 0 0 0 0 0 0 0 0 0 0 0 0 5.20343e-05 0.000136145 0.000453767 0.00108728 0.00248336 0.00538101 0.0109833 0.0209998 0.0374449 0.0620539 0.0954405 0.136175 0.180385 0.222303 0.255864 0.276841 0.28449 0.281756 0.273672 0.264788 0.257587 0.25337 0.254926 0.268063 0.299791 0.353957 0.429383 0.521601 0.624461 0.73006 0.828228 0.907514 0.958727 0.980235 0.982084 0.983619 1.00128 1.03437 1.06497 1.07189 1.04285 0.976772 0.879625 0.760043 0.627457 0.492131 0.364634 0.254004 0.165791 0.101167 0.0576337 0.0306302 0.0151806 0.00701538 0.00302329 0.00121537 0.000456087 0.000152458 4.25063e-05 0 0 0 0 0 0 0 0 0 0 0 0 0 0 0 0 0 0 0 0 0 0 0 0 0 0 0 0 0 0 0 0 0 0 0 0 0 0 0 0 0 0 0
0 0 0 0 0 0 0 0 0 0 0 0 0 0 0 0 0 0 0 0 0 0 0 0 0 0 0 0 0 0 0 0 0 0 0 0 0 0 0 0 0 0 0 0 0 0 0 0 0 0.000123217 0.000381238 0.000867658 0.00188327 0.00390469 0.00770625 0.0143955 0.0252876 0.0415659 0.0636884 0.0908417 0.120636 0.149426 0.173296 0.189393 0.197032 0.197929 0.19537 0.192563 0.191582 0.193936 0.202825 0.224585 0.26659 0.33305 0.423343 0.533358 0.656215 0.781912 0.897192 0.987349 1.04042 1.05281 1.03356 1.00326 0.983558 0.982147 0.987639 0.980764 0.947752 0.8846 0.794448 0.68389 0.561426 0.436975 0.320699 0.220952 0.142468 0.0857916 0.0481889 0.0252293 0.012307 0.00559225 0.00236692 0.000933023 0.000338641 0.000115155 0 0 0 0 0 0 0 0 0 0 0 0 0 0 0 0 0 0 0 0 0 0 0 0 0 0 0 0 0 0 0 0 0 0 0 0 0 0 0 0 0 0 0 0
0 0 0 0 0 0 0 0 0 0 0 0 0 0 0 0 0 0 0 0 0 0 0 0 0 0 0 0 0 0 0 0 0 0 0 0 0 0 0 0 0 0 0 0 0 0 0 0 0 0.000109221 0.000251526 0.000700473 0.00144967 0.00286275 0.00540829 0.00975808 0.0167443 0.0271585 0.041437 0.0592479 0.079328 0.0995688 0.117532 0.131223 0.139771 0.14382 0.145236 0.146291 0.148981 0.155263 0.168851 0.196379 0.245359 0.320256 0.420916 0.543219 0.6792 0.816772 0.940242 1.03285 1.08128 1.08111 1.04078 0.98087 0.926032 0.891058 0.87219 0.853466 0.81989 0.764051 0.685572 0.588734 0.480946 0.371586 0.270168 0.184142 0.117335 0.0697739 0.0386782 0.0199735 0.00960465 0.00429966 0.0017885 0.000692746 0.00024963 8.3636e-05 0 0 0 0 0 0 0 0 0 0 0 0 0 0 0 0 0 0 0 0 0 0 0 0 0 0 0 0 0 0 0 0 0 0 0 0 0 0 0 0 0 0 0 0
0 0 0 0 0 0 0 0 0 0 0 0 0 0 0 0 0 0 0 0 0 0 0 0 0 0 0 0 0 0 0 0 0 0 0 0 0 0 0 0 0 0 0 0 0 0 0 0 0 0 0.000208287 0.000448627 0.00111681 0.0021197 0.00383483 0.00664916 0.0110695 0.0176424 0.0267847 0.038572 0.0525008 0.0675096 0.0821296 0.0948508 0.104614 0.111248 0.115608 0.119372 0.124617 0.133925 0.151532 0.184176 0.239146 0.320761 0.428745 0.558288 0.700001 0.840048 0.961391 1.04682 1.08345 1.0676 1.00776 0.923854 0.840972 0.77808 0.738229 0.709847 0.677626 0.631059 0.566369 0.485568 0.394863 0.302846 0.218113 0.147048 0.0925975 0.0543886 0.0297705 0.0151739 0.00720061 0.00318001 0.00130643 0.000499311 0.000177427 4.94114e-05 0 0 0 0 0 0 0 0 0 0 0 0 0 0 0 0 0 0 0 0 0 0 0 0 0 0 0 0 0 0 0 0 0 0 0 0 0 0 0 0 0 0 0 0
0 0 0 0 0 0 0 0 0 0 0 0 0 0 0 0 0 0 0 0 0 0 0 0 0 0 0 0 0 0 0 0 0 0 0 0 0 0 0 0 0 0 0 0 0 0 0 0 0 0 0 0.000357016 0.000704298 0.00156831 0.00276243 0.00464564 0.00752155 0.0117776 0.0178177 0.0259298 0.0361274 0.0479656 0.0605931 0.0728155 0.0834974 0.0920222 0.0986874 0.104909 0.113018 0.126282 0.149535 0.18945 0.252588 0.34226 0.457055 0.590614 0.731827 0.865608 0.974809 1.04345 1.06093 1.02583 0.947713 0.84574 0.743496 0.660672 0.604599 0.56822 0.537278 0.499345 0.448055 0.383444 0.310366 0.236272 0.168535 0.112367 0.0699121 0.0405599 0.0219245 0.0110376 0.00517341 0.00225686 0.000915968 0.000345827 0.0001214 3.3121e-05 0 0 0 0 0 0 0 0 0 0 0 0 0 0 0 0 0 0 0 0 0 0 0 0 0 0 0 0 0 0 0 0 0 0 0 0 0 0 0 0 0 0 0 0
0 0 0 0 0 0 0 0 0 0 0 0 0 0 0 0 0 0 0 0 0 0 0 0 0 0 0 0 0 0 0 0 0 0 0 0 0 0 0 0 0 0 0 0 0 0 0 0 0 0 0 0.000124038 0.000544749 0.00101549 0.00204085 0.003393 0.00542421 0.0083973 0.0126614 0.0185802 0.0263994 0.0360804 0.0471434 0.0587054 0.0697562 0.079567 0.0883313 0.0975347 0.110001 0.129814 0.162521 0.214597 0.291198 0.393553 0.517786 0.65498 0.791958 0.912855 1.00154 1.04479 1.03586 0.976933 0.879698 0.762939 0.647926 0.552421 0.484829 0.441494 0.410377 0.378787 0.338891 0.289085 0.232779 0.175873 0.124254 0.0819324 0.050365 0.0288576 0.0154033 0.0076583 0.00354594 0.00152871 0.000613356 0.000228997 7.95225e-05 0 0 0 0 0 0 0 0 0 0 0 0 0 0 0 0 0 0 0 0 0 0 0 0 0 0 0 0 0 0 0 0 0 0 0 0 0 0 0 0 0 0 0 0 0
0 0 0 0 0 0 0 0 0 0 0 0 0 0 0 0 0 0 0 0 0 0 0 0 0 0 0 0 0 0 0 0 0 0 0 0 0 0 0 0 0 0 0 0 0 0 0 0 0 0 0 0.000126845 0.000282452 0.000804142 0.00144264 0.00262847 0.00421043 0.00649528 0.00972797 0.0142348 0.0203405 0.0282392 0.0377375 0.0482847 0.059131 0.0697743 0.0806808 0.0938087 0.11279 0.142822 0.190307 0.261282 0.358837 0.480972 0.619974 0.763218 0.894981 0.998885 1.06075 1.07145 1.02929 0.941166 0.82163 0.689759 0.564608 0.460821 0.385344 0.33599 0.303199 0.27539 0.244319 0.207172 0.165788 0.124306 0.0870143 0.0567699 0.0344896 0.0195195 0.0102879 0.0050507 0.00230974 0.000983887 0.00039033 0.000144176 4.02323e-05 0 0 0 0 0 0 0 0 0 0 0 0 0 0 0 0 0 0 0 0 0 0 0 0 0 0 0 0 0 0 0 0 0 0 0 0 0 0 0 0 0 0 0 0 0
0 0 0 0 0 0 0 0 0 0 0 0 0 0 0 0 0 0 0 0 0 0 0 0 0 0 0 0 0 0 0 0 0 0 0 0 0 0 0 0 0 0 0 0 0 0 0 0 0 0 0 0.000120728 0.000268642 0.000553249 0.00119583 0.00206308 0.00336905 0.00532111 0.00789225 0.0113946 0.0161493 0.0224177 0.0302725 0.0394664 0.0496303 0.0607317 0.0738482 0.0918116 0.119497 0.16356 0.231252 0.327923 0.45407 0.603497 0.763433 0.916435 1.04363 1.12826 1.15881 1.13131 1.05024 0.92793 0.782321 0.633129 0.497646 0.387346 0.306512 0.252575 0.217685 0.191931 0.167419 0.140493 0.111547 0.0829822 0.0575842 0.0372013 0.0223539 0.0125038 0.00650958 0.00315552 0.001425 0.000599532 0.000235082 8.58859e-05 0 0 0 0 0 0 0 0 0 0 0 0 0 0 0 0 0 0 0 0 0 0 0 0 0 0 0 0 0 0 0 0 0 0 0 0 0 0 0 0 0 0 0 0 0 0
0 0 0 0 0 0 0 0 0 0 0 0 0 0 0 0 0 0 0 0 0 0 0 0 0 0 0 0 0 0 0 0 0 0 0 0 0 0 0 0 0 0 0 0 0 0 0 0 0 0 0 8.602e-05 0.000238033 0.000490706 0.000937288 0.00173306 0.0028397 0.00439668 0.00647665 0.00925922 0.0129133 0.0177312 0.023931 0.0315602 0.0406985 0.0519413 0.0672319 0.090607 0.128503 0.189183 0.280673 0.407478 0.56723 0.748976 0.934062 1.0995 1.22285 1.28694 1.28346 1.21433 1.09099 0.931767 0.758177 0.590619 0.444724 0.329081 0.245122 0.188797 0.15276 0.128525 0.108917 0.0898967 0.0705879 0.0520671 0.0358339 0.0229402 0.0136513 0.00755507 0.00388799 0.0018618 0.000830255 0.000344962 0.000133621 3.7863e-05 0 0 0 0 0 0 0 0 0 0 0 0 0 0 0 0 0 0 0 0 0 0 0 0 0 0 0 0 0 0 0 0 0 0 0 0 0 0 0 0 0 0 0 0 0 0
0 0 0 0 0 0 0 0 0 0 0 0 0 0 0 0 0 0 0 0 0 0 0 0 0 0 0 0 0 0 0 0 0 0 0 0 0 0 0 0 0 0 0 0 0 0 0 0 0 0 0 0 0.000196414 0.000406367 0.000778978 0.0013867 0.00230067 0.00361108 0.00530433 0.00746134 0.0102469 0.0138385 0.0185132 0.0245633 0.0325026 0.0436323 0.0608452 0.0895149 0.137661 0.21501 0.330245 0.487007 0.680156 0.894027 1.10405 1.28169 1.4009 1.4443 1.40687 1.29658 1.13191 0.937274 0.737649 0.553905 0.399863 0.281268 0.196869 0.140849 0.105506 0.0831553 0.0674024 0.0541889 0.0418864 0.0305896 0.0208803 0.0132595 0.00782127 0.0042885 0.0021841 0.0010341 0.000455563 0.000186953 7.1504e-05 0 0 0 0 0 0 0 0 0 0 0 0 0 0 0 0 0 0 0 0 0 0 0 0 0 0 0 0 0 0 0 0 0 0 0 0 0 0 0 0 0 0 0 0 0 0 0
0 0 0 0 0 0 0 0 0 0 0 0 0 0 0 0 0 0 0 0 0 0 0 0 0 0 0 0 0 0 0 0 0 0 0 0 0 0 0 0 0 0 0 0 0 0 0 0 0 0 0 0 0.000151092 0.000314479 0.000606974 0.00108861 0.00181964 0.00284724 0.00419779 0.00589022 0.00802703 0.0106563 0.0140562 0.0186779 0.0254117 0.0361894 0.0547801 0.0876611 0.144119 0.234951 0.369282 0.550039 0.769775 1.00889 1.23795 1.42374 1.53743 1.56161 1.49436 1.34899 1.15015 0.927381 0.708497 0.514484 0.357183 0.239574 0.157958 0.104928 0.0722132 0.0524482 0.0399206 0.0308436 0.0232867 0.0167887 0.0113573 0.00713905 0.00418803 0.00227833 0.00115006 0.000539098 0.000234873 9.52625e-05 0 0 0 0 0 0 0 0 0 0 0 0 0 0 0 0 0 0 0 0 0 0 0 0 0 0 0 0 0 0 0 0 0 0 0 0 0 0 0 0 0 0 0 0 0 0 0 0
0 0 0 0 0 0 0 0 0 0 0 0 0 0 0 0 0 0 0 0 0 0 0 0 0 0 0 0 0 0 0 0 0 0 0 0 0 0 0 0 0 0 0 0 0 0 0 0 0 0 0 0 7.82719e-05 0.000227974 0.000444485 0.000806382 0.00136454 0.00216058 0.00321449 0.00452119 0.00615001 0.00807433 0.0105175 0.0139992 0.0196433 0.0298031 0.0488349 0.08387 0.144855 0.243076 0.387772 0.581315 0.814769 1.06616 1.30307 1.48964 1.59555 1.60387 1.51513 1.34655 1.12692 0.889064 0.662257 0.466992 0.313144 0.201272 0.125693 0.0778794 0.0492173 0.0325927 0.0228644 0.016676 0.0121479 0.00860212 0.00574951 0.00358275 0.00208936 0.00112916 0.000565729 0.00026288 0.000113446 0 0 0 0 0 0 0 0 0 0 0 0 0 0 0 0 0 0 0 0 0 0 0 0 0 0 0 0 0 0 0 0 0 0 0 0 0 0 0 0 0 0 0 0 0 0 0 0 0
0 0 0 0 0 0 0 0 0 0 0 0 0 0 0 0 0 0 0 0 0 0 0 0 0 0 0 0 0 0 0 0 0 0 0 0 0 0 0 0 0 0 0 0 0 0 0 0 0 0 0 0 0 0.000155362 0.000307015 0.00056544 0.000972251 0.0015637 0.00235748 0.00334208 0.00459398 0.00601832 0.00781001 0.0104664 0.0151585 0.0243851 0.0426559 0.0772082 0.137903 0.235807 0.379809 0.571901 0.802738 1.04985 1.28048 1.45859 1.55417 1.55133 1.45221 1.27593 1.05284 0.816487 0.595776 0.409866 0.266763 0.165253 0.0984329 0.0573273 0.0334518 0.020147 0.0128364 0.00865928 0.00597208 0.00410949 0.00271273 0.00167004 0.000968786 0.000520673 0.000259195 0.000119609 0 0 0 0 0 0 0 0 0 0 0 0 0 0 0 0 0 0 0 0 0 0 0 0 0 0 0 0 0 0 0 0 0 0 0 0 0 0 0 0 0 0 0 0 0 0 0 0 0 0
0 0 0 0 0 0 0 0 0 0 0 0 0 0 0 0 0 0 0 0 0 0 0 0 0 0 0 0 0 0 0 0 0 0 0 0 0 0 0 0 0 0 0 0 0 0 0 0 0 0 0 0 0 7.97817e-05 0.000200802 0.000376454 0.000659141 0.00107853 0.00165002 0.00236258 0.00332242 0.00439789 0.00576942 0.00786271 0.0117162 0.0196791 0.036024 0.0675043 0.12321 0.213271 0.345784 0.522464 0.734535 0.961063 1.17145 1.33207 1.41508 1.40612 1.30806 1.13985 0.930697 0.712326 0.511382 0.344839 0.218972 0.131519 0.0752839 0.0415924 0.0226222 0.0124553 0.0071564 0.00438469 0.00278745 0.00184642 0.00116159 0.000722138 0.000416784 0.000222909 0.00011038 0 0 0 0 0 0 0 0 0 0 0 0 0 0 0 0 0 0 0 0 0 0 0 0 0 0 0 0 0 0 0 0 0 0 0 0 0 0 0 0 0 0 0 0 0 0 0 0 0 0 0
0 0 0 0 0 0 0 0 0 0 0 0 0 0 0 0 0 0 0 0 0 0 0 0 0 0 0 0 0 0 0 0 0 0 0 0 0 0 0 0 0 0 0 0 0 0 0 0 0 0 0 0 0 0 0.00010425 0.000238293 0.000424949 0.000706988 0.00109666 0.00158575 0.00231692 0.00314068 0.0042354 0.00592982 0.00901945 0.0154843 0.0290445 0.0555383 0.102748 0.179303 0.292137 0.442782 0.623798 0.817226 0.996678 1.13299 1.20194 1.19114 1.10348 0.955924 0.77446 0.586831 0.416006 0.276127 0.171906 0.100696 0.0557987 0.02952 0.0151382 0.00769977 0.00400591 0.00219167 0.00123961 0.000783829 0.00046946 0.000289584 0.000166164 6.70413e-05 0 0 0 0 0 0 0 0 0 0 0 0 0 0 0 0 0 0 0 0 0 0 0 0 0 0 0 0 0 0 0 0 0 0 0 0 0 0 0 0 0 0 0 0 0 0 0 0 0 0 0 0
0 0 0 0 0 0 0 0 0 0 0 0 0 0 0 0 0 0 0 0 0 0 0 0 0 0 0 0 0 0 0 0 0 0 0 0 0 0 0 0 0 0 0 0 0 0 0 0 0 0 0 0 0 0 6.33463e-05 0.000124377 0.00025977 0.000438464 0.000688128 0.00100344 0.00155605 0.00218797 0.00307432 0.00444253 0.00681927 0.0117339 0.0221526 0.0427596 0.0797371 0.139951 0.22897 0.348152 0.491762 0.645618 0.788611 0.897212 0.95169 0.941925 0.870267 0.750751 0.604673 0.454658 0.31915 0.209233 0.128244 0.073643 0.0397682 0.0203272 0.00994153 0.00473392 0.0022557 0.000954311 0.000538421 0.000272426 0.000176565 8.50585e-05 0 0 0 0 0 0 0 0 0 0 0 0 0 0 0 0 0 0 0 0 0 0 0 0 0 0 0 0 0 0 0 0 0 0 0 0 0 0 0 0 0 0 0 0 0 0 0 0 0 0 0 0 0 0
0 0 0 0 0 0 0 0 0 0 0 0 0 0 0 0 0 0 0 0 0 0 0 0 0 0 0 0 0 0 0 0 0 0 0 0 0 0 0 0 0 0 0 0 0 0 0 0 0 0 0 0 0 0 0 7.24595e-05 0.000134201 0.000255915 0.000405329 0.000594997 0.00100793 0.00148425 0.00218642 0.00325408 0.00500035 0.00848455 0.0158914 0.0307149 0.0575273 0.101414 0.166574 0.254183 0.360196 0.474261 0.5807 0.661803 0.702561 0.695115 0.641198 0.551449 0.442137 0.33041 0.230116 0.149378 0.0904316 0.0511226 0.0270536 0.0134644 0.00634575 0.00285942 0.00126557 0.000428914 0.000213631 0 0 0 0 0 0 0 0 0 0 0 0 0 0 0 0 0 0 0 0 0 0 0 0 0 0 0 0 0 0 0 0 0 0 0 0 0 0 0 0 0 0 0 0 0 0 0 0 0 0 0 0 0 0 0 0 0
0 0 0 0 0 0 0 0 0 0 0 0 0 0 0 0 0 0 0 0 0 0 0 0 0 0 0 0 0 0 0 0 0 0 0 0 0 0 0 0 0 0 0 0 0 0 0 0 0 0 0 0 0 0 0 0 7.40992e-05 0.000128365 0.000223039 0.000329034 0.000449041 0.000975906 0.00150535 0.00229353 0.00350697 0.00580946 0.010693 0.0205658 0.0385915 0.0682893 0.112627 0.172559 0.245486 0.324389 0.398429 0.45516 0.483885 0.478908 0.441326 0.378673 0.30248 0.224889 0.155596 0.100181 0.0600406 0.0335209 0.0174601 0.00850592 0.00388805 0.00168367 0.000697296 0.000186786 0 0 0 0 0 0 0 0 0 0 0 0 0 0 0 0 0 0 0 0 0 0 0 0 0 0 0 0 0 0 0 0 0 0 0 0 0 0 0 0 0 0 0 0 0 0 0 0 0 0 0 0 0 0 0 0 0 0
0 0 0 0 0 0 0 0 0 0 0 0 0 0 0 0 0 0 0 0 0 0 0 0 0 0 0 0 0 0 0 0 0 0 0 0 0 0 0 0 0 0 0 0 0 0 0 0 0 0 0 0 0 0 0 0 0 6.64053e-05 0.000106888 0.000169106 0.000231323 0.000615608 0.00099125 0.00153621 0.0023313 0.00375289 0.00674442 0.0128451 0.0241032 0.0428014 0.0709058 0.109141 0.155963 0.206953 0.255102 0.292246 0.311252 0.308247 0.28388 0.243103 0.193557 0.143253 0.0985411 0.0629969 0.0374349 0.0206863 0.0106345 0.00509936 0.00228661 0.0009636 0.000199688 0 0 0 0 0 0 0 0 0 0 0 0 0 0 0 0 0 0 0 0 0 0 0 0 0 0 0 0 0 0 0 0 0 0 0 0 0 0 0 0 0 0 0 0 0 0 0 0 0 0 0 0 0 0 0 0 0 0 0
0 0 0 0 0 0 0 0 0 0 0 0 0 0 0 0 0 0 0 0 0 0 0 0 0 0 0 0 0 0 0 0 0 0 0 0 0 0 0 0 0 0 0 0 0 0 0 0 0 0 0 0 0 0 0 0 0 0 5.13981e-05 7.65677e-05 0.000105273 0.000369795 0.000618333 0.000970177 0.00146111 0.00229004 0.00399038 0.00749656 0.0140458 0.0250256 0.0416596 0.0644541 0.0925636 0.123381 0.152673 0.175419 0.187184 0.185508 0.170749 0.145958 0.115854 0.0853823 0.0584151 0.0371035 0.021879 0.0119823 0.00609807 0.00288708 0.00127402 0.000525723 0 0 0 0 0 0 0 0 0 0 0 0 0 0 0 0 0 0 0 0 0 0 0 0 0 0 0 0 0 0 0 0 0 0 0 0 0 0 0 0 0 0 0 0 0 0 0 0 0 0 0 0 0 0 0 0 0 0 0 0
0 0 0 0 0 0 0 0 0 0 0 0 0 0 0 0 0 0 0 0 0 0 0 0 0 0 0 0 0 0 0 0 0 0 0 0 0 0 0 0 0 0 0 0 0 0 0 0 0 0 0 0 0 0 0 0 0 0 0 3.4077e-05 4.68859e-05 5.95445e-05 0.000362748 0.000560725 0.00086105 0.00131752 0.0022188 0.00410036 0.00765647 0.0136852 0.0228984 0.0356208 0.0514219 0.0688581 0.0855305 0.0985532 0.105345 0.10446 0.0960863 0.0819809 0.0648765 0.0476153 0.0324102 0.0204606 0.011981 0.00650902 0.00328214 0.00153721 0.000644833 0 0 0 0 0 0 0 0 0 0 0 0 0 0 0 0 0 0 0 0 0 0 0 0 0 0 0 0 0 0 0 0 0 0 0 0 0 0 0 0 0 0 0 0 0 0 0 0 0 0 0 0 0 0 0 0 0 0 0 0 0
0 0 0 0 0 0 0 0 0 0 0 0 0 0 0 0 0 0 0 0 0 0 0 0 0 0 0 0 0 0 0 0 0 0 0 0 0 0 0 0 0 0 0 0 0 0 0 0 0 0 0 0 0 0 0 0 0 0 0 0 0 2.44716e-05 0.000199772 0.000311224 0.000477338 0.000715429 0.00116613 0.00210737 0.00391538 0.00701689 0.0118008 0.0184577 0.0267806 0.0360184 0.0448966 0.0518605 0.055512 0.0550597 0.0506005 0.0430865 0.0339917 0.0248468 0.0168283 0.0105616 0.00614316 0.00331235 0.00165618 0.000754829 0.000313864 0 0 0 0 0 0 0 0 0 0 0 0 0 0 0 0 0 0 0 0 0 0 0 0 0 0 0 0 0 0 0 0 0 0 0 0 0 0 0 0 0 0 0 0 0 0 0 0 0 0 0 0 0 0 0 0 0 0 0 0 0
0 0 0 0 0 0 0 0 0 0 0 0 0 0 0 0 0 0 0 0 0 0 0 0 0 0 0 0 0 0 0 0 0 0 0 0 0 0 0 0 0 0 0 0 0 0 0 0 0 0 0 0 0 0 0 0 0 0 0 0 0 0 5.30283e-05 0.00016186 0.000240107 0.000367271 0.000580119 0.00101978 0.00188258 0.00337992 0.00571056 0.00897695 0.013085 0.0176674 0.0220872 0.0255632 0.0273882 0.0271618 0.0249332 0.021185 0.0166615 0.01213 0.0081755 0.00510194 0.00293644 0.00156935 0.000776635 0.000346189 0 0 0 0 0 0 0 0 0 0 0 0 0 0 0 0 0 0 0 0 0 0 0 0 0 0 0 0 0 0 0 0 0 0 0 0 0 0 0 0 0 0 0 0 0 0 0 0 0 0 0 0 0 0 0 0 0 0 0 0 0 0
0 0 0 0 0 0 0 0 0 0 0 0 0 0 0 0 0 0 0 0 0 0 0 0 0 0 0 0 0 0 0 0 0 0 0 0 0 0 0 0 0 0 0 0 0 0 0 0 0 0 0 0 0 0 0 0 0 0 0 0 0 0 0 4.97292e-05 0.000117941 0.000178355 0.000273708 0.000467715 0.000851036 0.00153053 0.0025956 0.00409835 0.00599721 0.00812248 0.010177 0.0117942 0.0126411 0.0125295 0.0114845 0.00973461 0.00763085 0.00553232 0.00370995 0.00230145 0.00132093 0.00070156 0.000344853 0 0 0 0 0 0 0 0 0 0 0 0 0 0 0 0 0 0 0 0 0 0 0 0 0 0 0 0 0 0 0 0 0 0 0 0 0 0 0 0 0 0 0 0 0 0 0 0 0 0 0 0 0 0 0 0 0 0 0 0 0 0 0
0 0 0 0 0 0 0 0 0 0 0 0 0 0 0 0 0 0 0 0 0 0 0 0 0 0 0 0 0 0 0 0 0 0 0 0 0 0 0 0 0 0 0 0 0 0 0 0 0 0 0 0 0 0 0 0 0 0 0 0 0 0 0 2.59532e-05 4.00321e-05 7.86175e-05 0.000122518 0.000202921 0.000363517 0.000651514 0.00110744 0.00175401 0.00257507 0.00349565 0.00438708 0.00508823 0.00545359 0.00540133 0.00494335 0.00418084 0.00326777 0.00236064 0.00157635 0.000973166 0.000555536 0.000285543 0 0 0 0 0 0 0 0 0 0 0 0 0 0 0 0 0 0 0 0 0 0 0 0 0 0 0 0 0 0 0 0 0 0 0 0 0 0 0 0 0 0 0 0 0 0 0 0 0 0 0 0 0 0 0 0 0 0 0 0 0 0 0 0
0 0 0 0 0 0 0 0 0 0 0 0 0 0 0 0 0 0 0 0 0 0 0 0 0 0 0 0 0 0 0 0 0 0 0 0 0 0 0 0 0 0 0 0 0 0 0 0 0 0 0 0 0 0 0 0 0 0 0 0 0 0 0 0 1.91722e-05 2.81403e-05 4.97844e-05 8.33379e-05 0.000146242 0.000260033 0.000442773 0.000702925 0.00103377 0.00140565 0.00176589 0.00204873 0.00219505 0.0021719 0.00198464 0.00167487 0.0013055 0.000939956 0.000625237 0.000384278 0.000212596 0 0 0 0 0 0 0 0 0 0 0 0 0 0 0 0 0 0 0 0 0 0 0 0 0 0 0 0 0 0 0 0 0 0 0 0 0 0 0 0 0 0 0 0 0 0 0 0 0 0 0 0 0 0 0 0 0 0 0 0 0 0 0 0 0
0 0 0 0 0 0 0 0 0 0 0 0 0 0 0 0 0 0 0 0 0 0 0 0 0 0 0 0 0 0 0 0 0 0 0 0 0 0 0 0 0 0 0 0 0 0 0 0 0 0 0 0 0 0 0 0 0 0 0 0 0 0 0 0 8.35411e-06 1.16431e-05 1.78233e-05 3.23241e-05 5.52887e-05 9.73947e-05 0.000165284 0.000262462 0.000387033 0.00052693 0.000662214 0.000768202 0.00082275 0.000813263 0.000741989 0.000624909 0.000485879 0.000348789 0.00022525 0 0 0 0 0 0 0 0 0 0 0 0 0 0 0 0 0 0 0 0 0 0 0 0 0 0 0 0 0 0 0 0 0 0 0 0 0 0 0 0 0 0 0 0 0 0 0 0 0 0 0 0 0 0 0 0 0 0 0 0 0 0 0 0 0 0 0
0 0 0 0 0 0 0 0 0 0 0 0 0 0 0 0 0 0 0 0 0 0 0 0 0 0 0 0 0 0 0 0 0 0 0 0 0 0 0 0 0 0 0 0 0 0 0 0 0 0 0 0 0 0 0 0 0 0 0 0 0 0 0 0 0 4.77187e-06 6.12929e-06 7.25566e-06 1.96035e-05 3.40777e-05 5.76396e-05 9.12637e-05 0.000134675 0.000183754 0.00023101 0.000267908 0.000286675 0.00028304 0.000257851 0.000216761 0.000163869 0 0 0 0 0 0 0 0 0 0 0 0 0 0 0 0 0 0 0 0 0 0 0 0 0 0 0 0 0 0 0 0 0 0 0 0 0 0 0 0 0 0 0 0 0 0 0 0 0 0 0 0 0 0 0 0 0 0 0 0 0 0 0 0 0 0 0 0 0
0 0 0 0 0 0 0 0 0 0 0 0 0 0 0 0 0 0 0 0 0 0 0 0 0 0 0 0 0 0 0 0 0 0 0 0 0 0 0 0 0 0 0 0 0 0 0 0 0 0 0 0 0 0 0 0 0 0 0 0 0 0 0 0 0 1.8024e-06 2.31512e-06 2.74058e-06 2.98992e-06 0 0 2.87653e-05 4.24839e-05 5.78753e-05 7.27195e-05 8.44664e-05 9.0353e-05 8.91348e-05 0 0 0 0 0 0 0 0 0 0 0 0 0 0 0 0 0 0 0 0 0 0 0 0 0 0 0 0 0 0 0 0 0 0 0 0 0 0 0 0 0 0 0 0 0 0 0 0 0 0 0 0 0 0 0 0 0 0 0 0 0 0 0 0 0 0 0 0 0 0 0 0
0 0 0 0 0 0 0 0 0 0 0 0 0 0 0 0 0 0 0 0 0 0 0 0 0 0 0 0 0 0 0 0 0 0 0 0 0 0 0 0 0 0 0 0 0 0 0 0 0 0 0 0 0 0 0 0 0 0 0 0 0 0 0 0 0 0 8.05913e-07 9.54006e-07 0 0 0 0 0 0 0 0 0 0 0 0 0 0 0 0 0 0 0 0 0 0 0 0 0 0 0 0 0 0 0 0 0 0 0 0 0 0 0 0 0 0 0 0 0 0 0 0 0 0 0 0 0 0 0 0 0 0 0 0 0 0 0 0 0 0 0 0 0 0 0 0 0 0 0 0 0 0 0 0 0 0
0 0 0 0 0 0 0 0 0 0 0 0 0 0 0 0 0 0 0 0 0 0 0 0 0 0 0 0 0 0 0 0 0 0 0 0 0 0 0 0 0 0 0 0 0 0 0 0 0 0 0 0 0 0 0 0 0 0 0 0 0 0 0 0 0 0 0 0 0 0 0 0 0 0 0 0 0 0 0 0 0 0 0 0 0 0 0 0 0 0 0 0 0 0 0 0 0 0 0 0 0 0 0 0 0 0 0 0 0 0 0 0 0 0 0 0 0 0 0 0 0 0 0 0 0 0 0 0 0 0 0 0 0 0 0 0 0 0 0 0 0 0 0 0 0 0 0 0 0 0
0 0 0 0 0 0 0 0 0 0 0 0 0 0 0 0 0 0 0 0 0 0 0 0 0 0 0 0 0 0 0 0 0 0 0 0 0 0 0 0 0 0 0 0 0 0 0 0 0 0 0 0 0 0 0 0 0 0 0 0 0 0 0 0 0 0 0 0 0 0 0 0 0 0 0 0 0 0 0 0 0 0 0 0 0 0 0 0 0 0 0 0 0 0 0 0 0 0 0 0 0 0 0 0 0 0 0 0 0 0 0 0 0 0 0 0 0 0 0 0 0 0 0 0 0 0 0 0 0 0 0 0 0 0 0 0 0 0 0 0 0 0 0 0 0 0 0 0 0 0
0 0 0 0 0 0 0 0 0 0 0 0 0 0 0 0 0 0 0 0 0 0 0 0 0 0 0 0 0 0 0 0 0 0 0 0 0 0 0 0 0 0 0 0 0 0 0 0 0 0 0 0 0 0 0 0 0 0 0 0 0 0 0 0 0 0 0 0 0 0 0 0 0 0 0 0 0 0 0 0 0 0 0 0 0 0 0 0 0 0 0 0 0 0 0 0 0 0 0 0 0 0 0 0 0 0 0 0 0 0 0 0 0 0 0 0 0 0 0 0 0 0 0 0 0 0 0 0 0 0 0 0 0 0 0 0 0 0 0 0 0 0 0 0 0 0 0 0 0 0
0 0 0 0 0 0 0 0 0 0 0 0 0 0 0 0 0 0 0 0 0 0 0 0 0 0 0 0 0 0 0 0 0 0 0 0 0 0 0 0 0 0 0 0 0 0 0 0 0 0 0 0 0 0 0 0 0 0 0 0 0 0 0 0 0 0 0 0 0 0 0 0 0 0 0 0 0 0 0 0 0 0 0 0 0 0 0 0 0 0 0 0 0 0 0 0 0 0 0 0 0 0 0 0 0 0 0 0 0 0 0 0 0 0 0 0 0 0 0 0 0 0 0 0 0 0 0 0 0 0 0 0 0 0 0 0 0 0 0 0 0 0 0 0 0 0 0 0 0 0
0 0 0 0 0 0 0 0 0 0 0 0 0 0 0 0 0 0 0 0 0 0 0 0 0 0 0 0 0 0 0 0 0 0 0 0 0 0 0 0 0 0 0 0 0 0 0 0 0 0 0 0 0 0 0 0 0 0 0 0 0 0 0 0 0 0 0 0 0 0 0 0 0 0 0 0 0 0 0 0 0 0 0 0 0 0 0 0 0 0 0 0 0 0 0 0 0 0 0 0 0 0 0 0 0 0 0 0 0 0 0 0 0 0 0 0 0 0 0 0 0 0 0 0 0 0 0 0 0 0 0 0 0 0 0 0 0 0 0 0 0 0 0 0 0 0 0 0 0 0
0 0 0 0 0 0 0 0 0 0 0 0 0 0 0 0 0 0 0 0 0 0 0 0 0 0 0 0 0 0 0 0 0 0 0 0 0 0 0 0 0 0 0 0 0 0 0 0 0 0 0 0 0 0 0 0 0 0 0 0 0 0 0 0 0 0 0 0 0 0 0 0 0 0 0 0 0 0 0 0 0 0 0 0 0 0 0 0 0 0 0 0 0 0 0 0 0 0 0 0 0 0 0 0 0 0 0 0 0 0 0 0 0 0 0 0 0 0 0 0 0 0 0 0 0 0 0 0 0 0 0 0 0 0 0 0 0 0 0 0 0 0 0 0 0 0 0 0 0 0
0 0 0 0 0 0 0 0 0 0 0 0 0 0 0 0 0 0 0 0 0 0 0 0 0 0 0 0 0 0 0 0 0 0 0 0 0 0 0 0 0 0 0 0 0 0 0 0 0 0 0 0 0 0 0 0 0 0 0 0 0 0 0 0 0 0 0 0 0 0 0 0 0 0 0 0 0 0 0 0 0 0 0 0 0 0 0 0 0 0 0 0 0 0 0 0 0 0 0 0 0 0 0 0 0 0 0 0 0 0 0 0 0 0 0 0 0 0 0 0 0 0 0 0 0 0 0 0 0 0 0 0 0 0 0 0 0 0 0 0 0 0 0 0 0 0 0 0 0 0
0 0 0 0 0 0 0 0 0 0 0 0 0 0 0 0 0 0 0 0 0 0 0 0 0 0 0 0 0 0 0 0 0 0 0 0 0 0 0 0 0 0 0 0 0 0 0 0 0 0 0 0 0 0 0 0 0 0 0 0 0 0 0 0 0 0 0 0 0 0 0 0 0 0 0 0 0 0 0 0 0 0 0 0 0 0 0 0 0 0 0 0 0 0 0 0 0 0 0 0 0 0 0 0 0 0 0 0 0 0 0 0 0 0 0 0 0 0 0 0 0 0 0 0 0 0 0 0 0 0 0 0 0 0 0 0 0 0 0 0 0 0 0 0 0 0 0 0 0 0
0 0 0 0 0 0 0 0 0 0 0 0 0 0 0 0 0 0 0 0 0 0 0 0 0 0 0 0 0 0 0 0 0 0 0 0 0 0 0 0 0 0 0 0 0 0 0 0 0 0 0 0 0 0 0 0 0 0 0 0 0 0 0 0 0 0 0 0 0 0 0 0 0 0 0 0 0 0 0 0 0 0 0 0 0 0 0 0 0 0 0 0 0 0 0 0 0 0 0 0 0 0 0 0 0 0 0 0 0 0 0 0 0 0 0 0 0 0 0 0 0 0 0 0 0 0 0 0 0 0 0 0 0 0 0 0 0 0 0 0 0 0 0 0 0 0 0 0 0 0
0 0 0 0 0 0 0 0 0 0 0 0 0 0 0 0 0 0 0 0 0 0 0 0 0 0 0 0 0 0 0 0 0 0 0 0 0 0 0 0 0 0 0 0 0 0 0 0 0 0 0 0 0 0 0 0 0 0 0 0 0 0 0 0 0 0 0 0 0 0 0 0 0 0 0 0 0 0 0 0 0 0 0 0 0 0 0 0 0 0 0 0 0 0 0 0 0 0 0 0 0 0 0 0 0 0 0 0 0 0 0 0 0 0 0 0 0 0 0 0 0 0 0 0 0 0 0 0 0 0 0 0 0 0 0 0 0 0 0 0 0 0 0 0 0 0 0 0 0 0
0 0 0 0 0 0 0 0 0 0 0 0 0 0 0 0 0 0 0 0 0 0 0 0 0 0 0 0 0 0 0 0 0 0 0 0 0 0 0 0 0 0 0 0 0 0 0 0 0 0 0 0 0 0 0 0 0 0 0 0 0 0 0 0 0 0 0 0 0 0 0 0 0 0 0 0 0 0 0 0 0 0 0 0 0 0 0 0 0 0 0 0 0 0 0 0 0 0 0 0 0 0 0 0 0 0 0 0 0 0 0 0 0 0 0 0 0 0 0 0 0 0 0 0 0 0 0 0 0 0 0 0 0 0 0 0 0 0 0 0 0 0 0 0 0 0 0 0 0 0
0 0 0 0 0 0 0 0 0 0 0 0 0 0 0 0 0 0 0 0 0 0 0 0 0 0 0 0 0 0 0 0 0 0 0 0 0 0 0 0 0 0 0 0 0 0 0 0 0 0 0 0 0 0 0 0 0 0 0 0 0 0 0 0 0 0 0 0 0 0 0 0 0 0 0 0 0 0 0 0 0 0 0 0 0 0 0 0 0 0 0 0 0 0 0 0 0 0 0 0 0 0 0 0 0 0 0 0 0 0 0 0 0 0 0 0 0 0 0 0 0 0 0 0 0 0 0 0 0 0 0 0 0 0 0 0 0 0 0 0 0 0 0 0 0 0 0 0 0 0
0 0 0 0 0 0 0 0 0 0 0 0 0 0 0 0 0 0 0 0 0 0 0 0 0 0 0 0 0 0 0 0 0 0 0 0 0 0 0 0 0 0 0 0 0 0 0 0 0 0 0 0 0 0 0 0 0 0 0 0 0 0 0 0 0 0 0 0 0 0 0 0 0 0 0 0 0 0 0 0 0 0 0 0 0 0 0 0 0 0 0 0 0 0 0 0 0 0 0 0 0 0 0 0 0 0 0 0 0 0 0 0 0 0 0 0 0 0 0 0 0 0 0 0 0 0 0 0 0 0 0 0 0 0 0 0 0 0 0 0 0 0 0 0 0 0 0 0 0 0
0 0 0 0 0 0 0 0 0 0 0 0 0 0 0 0 0 0 0 0 0 0 0 0 0 0 0 0 0 0 0 0 0 0 0 0 0 0 0 0 0 0 0 0 0 0 0 0 0 0 0 0 0 0 0 0 0 0 0 0 0 0 0 0 0 0 0 0 0 0 0 0 0 0 0 0 0 0 0 0 0 0 0 0 0 0 0 0 0 0 0 0 0 0 0 0 0 0 0 0 0 0 0 0 0 0 0 0 0 0 0 0 0 0 0 0 0 0 0 0 0 0 0 0 0 0 0 0 0 0 0 0 0 0 0 0 0 0 0 0 0 0 0 0 0 0 0 0 0 0
0 0 0 0 0 0 0 0 0 0 0 0 0 0 0 0 0 0 0 0 0 0 0 0 0 0 0 0 0 0 0 0 0 0 0 0 0 0 0 0 0 0 0 0 0 0 0 0 0 0 0 0 0 0 0 0 0 0 0 0 0 0 0 0 0 0 0 0 0 0 0 0 0 0 0 0 0 0 0 0 0 0 0 0 0 0 0 0 0 0 0 0 0 0 0 0 0 0 0 0 0 0 0 0 0 0 0 0 0 0 0 0 0 0 0 0 0 0 0 0 0 0 0 0 0 0 0 0 0 0 0 0 0 0 0 0 0 0 0 0 0 0 0 0 0 0 0 0 0 0
0 0 0 0 0 0 0 0 0 0 0 0 0 0 0 0 0 0 0 0 0 0 0 0 0 0 0 0 0 0 0 0 0 0 0 0 0 0 0 0 0 0 0 0 0 0 0 0 0 0 0 0 0 0 0 0 0 0 0 0 0 0 0 0 0 0 0 0 0 0 0 0 0 0 0 0 0 0 0 0 0 0 0 0 0 0 0 0 0 0 0 0 0 0 0 0 0 0 0 0 0 0 0 0 0 0 0 0 0 0 0 0 0 0 0 0 0 0 0 0 0 0 0 0 0 0 0 0 0 0 0 0 0 0 0 0 0 0 0 0 0 0 0 0 0 0 0 0 0 0
0 0 0 0 0 0 0 0 0 0 0 0 0 0 0 0 0 0 0 0 0 0 0 0 0 0 0 0 0 0 0 0 0 0 0 0 0 0 0 0 0 0 0 0 0 0 0 0 0 0 0 0 0 0 0 0 0 0 0 0 0 0 0 0 0 0 0 0 0 0 0 0 0 0 0 0 0 0 0 0 0 0 0 0 0 0 0 0 0 0 0 0 0 0 0 0 0 0 0 0 0 0 0 0 0 0 0 0 0 0 0 0 0 0 0 0 0 0 0 0 0 0 0 0 0 0 0 0 0 0 0 0 0 0 0 0 0 0 0 0 0 0 0 0 0 0 0 0 0 0
0 0 0 0 0 0 0 0 0 0 0 0 0 0 0 0 0 0 0 0 0 0 0 0 0 0 0 0 0 0 0 0 0 0 0 0 0 0 0 0 0 0 0 0 0 0 0 0 0 0 0 0 0 0 0 0 0 0 0 0 0 0 0 0 0 0 0 0 0 0 0 0 0 0 0 0 0 0 0 0 0 0 0 0 0 0 0 0 0 0 0 0 0 0 0 0 0 0 0 0 0 0 0 0 0 0 0 0 0 0 0 0 0 0 0 0 0 0 0 0 0 0 0 0 0 0 0 0 0 0 0 0 0 0 0 0 0 0 0 0 0 0 0 0 0 0 0 0 0 0
0 0 0 0 0 0 0 0 0 0 0 0 0 0 0 0 0 0 0 0 0 0 0 0 0 0 0 0 0 0 0 0 0 0 0 0 0 0 0 0 0 0 0 0 0 0 0 0 0 0 0 0 0 0 0 0 0 0 0 0 0 0 0 0 0 0 0 0 0 0 0 0 0 0 0 0 0 0 0 0 0 0 0 0 0 0 0 0 0 0 0 0 0 0 0 0 0 0 0 0 0 0 0 0 0 0 0 0 0 0 0 0 0 0 0 0 0 0 0 0 0 0 0 0 0 0 0 0 0 0 0 0 0 0 0 0 0 0 0 0 0 0 0 0 0 0 0 0 0 0
0 0 0 0 0 0 0 0 0 0 0 0 0 0 0 0 0 0 0 0 0 0 0 0 0 0 0 0 0 0 0 0 0 0 0 0 0 0 0 0 0 0 0 0 0 0 0 0 0 0 0 0 0 0 0 0 0 0 0 0 0 0 0 0 0 0 0 0 0 0 0 0 0 0 0 0 0 0 0 0 0 0 0 0 0 0 0 0 0 0 0 0 0 0 0 0 0 0 0 0 0 0 0 0 0 0 0 0 0 0 0 0 0 0 0 0 0 0 0 0 0 0 0 0 0 0 0 0 0 0 0 0 0 0 0 0 0 0 0 0 0 0 0 0 0 0 0 0 0 0
0 0 0 0 0 0 0 0 0 0 0 0 0 0 0 0 0 0 0 0 0 0 0 0 0 0 0 0 0 0 0 0 0 0 0 0 0 0 0 0 0 0 0 0 0 0 0 0 0 0 0 0 0 0 0 0 0 0 0 0 0 0 0 0 0 0 0 0 0 0 0 0 0 0 0 0 0 0 0 0 0 0 0 0 0 0 0 0 0 0 0 0 0 0 0 0 0 0 0 0 0 0 0 0 0 0 0 0 0 0 0 0 0 0 0 0 0 0 0 0 0 0 0 0 0 0 0 0 0 0 0 0 0 0 0 0 0 0 0 0 0 0 0 0 0 0 0 0 0 0
0 0 0 0 0 0 0 0 0 0 0 0 0 0 0 0 0 0 0 0 0 0 0 0 0 0 0 0 0 0 0 0 0 0 0 0 0 0 0 0 0 0 0 0 0 0 0 0 0 0 0 0 0 0 0 0 0 0 0 0 0 0 0 0 0 0 0 0 0 0 0 0 0 0 0 0 0 0 0 0 0 0 0 0 0 0 0 0 0 0 0 0 0 0 0 0 0 0 0 0 0 0 0 0 0 0 0 0 0 0 0 0 0 0 0 0 0 0 0 0 0 0 0 0 0 0 0 0 0 0 0 0 0 0 0 0 0 0 0 0 0 0 0 0 0 0 0 0 0 0
0 0 0 0 0 0 0 0 0 0 0 0 0 0 0 0 0 0 0 0 0 0 0 0 0 0 0 0 0 0 0 0 0 0 0 0 0 0 0 0 0 0 0 0 0 0 0 0 0 0 0 0 0 0 0 0 0 0 0 0 0 0 0 0 0 0 0 0 0 0 0 0 0 0 0 0 0 0 0 0 0 0 0 0 0 0 0 0 0 0 0 0 0 0 0 0 0 0 0 0 0 0 0 0 0 0 0 0 0 0 0 0 0 0 0 0 0 0 0 0 0 0 0 0 0 0 0 0 0 0 0 0 0 0 0 0 0 0 0 0 0 0 0 0 0 0 0 0 0 0
0 0 0 0 0 0 0 0 0 0 0 0 0 0 0 0 0 0 0 0 0 0 0 0 0 0 0 0 0 0 0 0 0 0 0 0 0 0 0 0 0 0 0 0 0 0 0 0 0 0 0 0 0 0 0 0 0 0 0 0 0 0 0 0 0 0 0 0 0 0 0 0 0 0 0 0 0 0 0 0 0 0 0 0 0 0 0 0 0 0 0 0 0 0 0 0 0 0 0 0 0 0 0 0 0 0 0 0 0 0 0 0 0 0 0 0 0 0 0 0 0 0 0 0 0 0 0 0 0 0 0 0 0 0 0 0 0 0 0 0 0 0 0 0 0 0 0 0 0 0
0 0 0 0 0 0 0 0 0 0 0 0 0 0 0 0 0 0 0 0 0 0 0 0 0 0 0 0 0 0 0 0 0 0 0 0 0 0 0 0 0 0 0 0 0 0 0 0 0 0 0 0 0 0 0 0 0 0 0 0 0 0 0 0 0 0 0 0 0 0 0 0 0 0 0 0 0 0 0 0 0 0 0 0 0 0 0 0 0 0 0 0 0 0 0 0 0 0 0 0 0 0 0 0 0 0 0 0 0 0 0 0 0 0 0 0 0 0 0 0 0 0 0 0 0 0 0 0 0 0 0 0 0 0 0 0 0 0 0 0 0 0 0 0 0 0 0 0 0 0
0 0 0 0 0 0 0 0 0 0 0 0 0 0 0 0 0 0 0 0 0 0 0 0 0 0 0 0 0 0 0 0 0 0 0 0 0 0 0 0 0 0 0 0 0 0 0 0 0 0 0 0 0 0 0 0 0 0 0 0 0 0 0 0 0 0 0 0 0 0 0 0 0 0 0 0 0 0 0 0 0 0 0 0 0 0 0 0 0 0 0 0 0 0 0 0 0 0 0 0 0 0 0 0 0 0 0 0 0 0 0 0 0 0 0 0 0 0 0 0 0 0 0 0 0 0 0 0 0 0 0 0 0 0 0 0 0 0 0 0 0 0 0 0 0 0 0 0 0 0
0 0 0 0 0 0 0 0 0 0 0 0 0 0 0 0 0 0 0 0 0 0 0 0 0 0 0 0 0 0 0 0 0 0 0 0 0 0 0 0 0 0 0 0 0 0 0 0 0 0 0 0 0 0 0 0 0 0 0 0 0 0 0 0 0 0 0 0 0 0 0 0 0 0 0 0 0 0 0 0 0 0 0 0 0 0 0 0 0 0 0 0 0 0 0 0 0 0 0 0 0 0 0 0 0 0 0 0 0 0 0 0 0 0 0 0 0 0 0 0 0 0 0 0 0 0 0 0 0 0 0 0 0 0 0 0 0 0 0 0 0 0 0 0 0 0 0 0 0 0
0 0 0 0 0 0 0 0 0 0 0 0 0 0 0 0 0 0 0 0 0 0 0 0 0 0 0 0 0 0 0 0 0 0 0 0 0 0 0 0 0 0 0 0 0 0 0 0 0 0 0 0 0 0 0 0 0 0 0 0 0 0 0 0 0 0 0 0 0 0 0 0 0 0 0 0 0 0 0 0 0 0 0 0 0 0 0 0 0 0 0 0 0 0 0 0 0 0 0 0 0 0 0 0 0 0 0 0 0 0 0 0 0 0 0 0 0 0 0 0 0 0 0 0 0 0 0 0 0 0 0 0 0 0 0 0 0 0 0 0 0 0 0 0 0 0 0 0 0 0
0 0 0 0 0 0 0 0 0 0 0 0 0 0 0 0 0 0 0 0 0 0 0 0 0 0 0 0 0 0 0 0 0 0 0 0 0 0 0 0 0 0 0 0 0 0 0 0 0 0 0 0 0 0 0 0 0 0 0 0 0 0 0 0 0 0 0 0 0 0 0 0 0 0 0 0 0 0 0 0 0 0 0 0 0 0 0 0 0 0 0 0 0 0 0 0 0 0 0 0 0 0 0 0 0 0 0 0 0 0 0 0 0 0 0 0 0 0 0 0 0 0 0 0 0 0 0 0 0 0 0 0 0 0 0 0 0 0 0 0 0 0 0 0 0 0 0 0 0 0
0 0 0 0 0 0 0 0 0 0 0 0 0 0 0 0 0 0 0 0 0 0 0 0 0 0 0 0 0 0 0 0 0 0 0 0 0 0 0 0 0 0 0 0 0 0 0 0 0 0 0 0 0 0 0 0 0 0 0 0 0 0 0 0 0 0 0 0 0 0 0 0 0 0 0 0 0 0 0 0 0 0 0 0 0 0 0 0 0 0 0 0 0 0 0 0 0 0 0 0 0 0 0 0 0 0 0 0 0 0 0 0 0 0 0 0 0 0 0 0 0 0 0 0 0 0 0 0 0 0 0 0 0 0 0 0 0 0 0 0 0 0 0 0 0 0 0 0 0 0
0 0 0 0 0 0 0 0 0 0 0 0 0 0 0 0 0 0 0 0 0 0 0 0 0 0 0 0 0 0 0 0 0 0 0 0 0 0 0 0 0 0 0 0 0 0 0 0 0 0 0 0 0 0 0 0 0 0 0 0 0 0 0 0 0 0 0 0 0 0 0 0 0 0 0 0 0 0 0 0 0 0 0 0 0 0 0 0 0 0 0 0 0 0 0 0 0 0 0 0 0 0 0 0 0 0 0 0 0 0 0 0 0 0 0 0 0 0 0 0 0 0 0 0 0 0 0 0 0 0 0 0 0 0 0 0 0 0 0 0 0 0 0 0 0 0 0 0 0 0
0 0 0 0 0 0 0 0 0 0 0 0 0 0 0 0 0 0 0 0 0 0 0 0 0 0 0 0 0 0 0 0 0 0 0 0 0 0 0 0 0 0 0 0 0 0 0 0 0 0 0 0 0 0 0 0 0 0 0 0 0 0 0 0 0 0 0 0 0 0 0 0 0 0 0 0 0 0 0 0 0 0 0 0 0 0 0 0 0 0 0 0 0 0 0 0 0 0 0 0 0 0 0 0 0 0 0 0 0 0 0 0 0 0 0 0 0 0 0 0 0 0 0 0 0 0 0 0 0 0 0 0 0 0 0 0 0 0 0 0 0 0 0 0 0 0 0 0 0 0
0 0 0 0 0 0 0 0 0 0 0 0 0 0 0 0 0 0 0 0 0 0 0 0 0 0 0 0 0 0 0 0 0 0 0 0 0 0 0 0 0 0 0 0 0 0 0 0 0 0 0 0 0 0 0 0 0 0 0 0 0 0 0 0 0 0 0 0 0 0 0 0 0 0 0 0 0 0 0 0 0 0 0 0 0 0 0 0 0 0 0 0 0 0 0 0 0 0 0 0 0 0 0 0 0 0 0 0 0 0 0 0 0 0 0 0 0 0 0 0 0 0 0 0 0 0 0 0 0 0 0 0 0 0 0 0 0 0 0 0 0 0 0 0 0 0 0 0 0 0
0 0 0 0 0 0 0 0 0 0 0 0 0 0 0 0 0 0 0 0 0 0 0 0 0 0 0 0 0 0 0 0 0 0 0 0 0 0 0 0 0 0 0 0 0 0 0 0 0 0 0 0 0 0 0 0 0 0 0 0 0 0 0 0 0 0 0 0 0 0 0 0 0 0 0 0 0 0 0 0 0 0 0 0 0 0 0 0 0 0 0 0 0 0 0 0 0 0 0 0 0 0 0 0 0 0 0 0 0 0 0 0 0 0 0 0 0 0 0 0 0 0 0 0 0 0 0 0 0 0 0 0 0 0 0 0 0 0 0 0 0 0 0 0 0 0 0 0 0 0
0 0 0 0 0 0 0 0 0 0 0 0 0 0 0 0 0 0 0 0 0 0 0 0 0 0 0 0 0 0 0 0 0 0 0 0 0 0 0 0 0 0 0 0 0 0 0 0 0 0 0 0 0 0 0 0 0 0 0 0 0 0 0 0 0 0 0 0 0 0 0 0 0 0 0 0 0 0 0 0 0 0 0 0 0 0 0 0 0 0 0 0 0 0 0 0 0 0 0 0 0 0 0 0 0 0 0 0 0 0 0 0 0 0 0 0 0 0 0 0 0 0 0 0 0 0 0 0 0 0 0 0 0 0 0 0 0 0 0 0 0 0 0 0 0 0 0 0 0 0
0 0 0 0 0 0 0 0 0 0 0 0 0 0 0 0 0 0 0 0 0 0 0 0 0 0 0 0 0 0 0 0 0 0 0 0 0 0 0 0 0 0 0 0 0 0 0 0 0 0 0 0 0 0 0 0 0 0 0 0 0 0 0 0 0 0 0 0 0 0 0 0 0 0 0 0 0 0 0 0 0 0 0 0 0 0 0 0 0 0 0 0 0 0 0 0 0 0 0 0 0 0 0 0 0 0 0 0 0 0 0 0 0 0 0 0 0 0 0 0 0 0 0 0 0 0 0 0 0 0 0 0 0 0 0 0 0 0 0 0 0 0 0 0 0 0 0 0 0 0
0 0 0 0 0 0 0 0 0 0 0 0 0 0 0 0 0 0 0 0 0 0 0 0 0 0 0 0 0 0 0 0 0 0 0 0 0 0 0 0 0 0 0 0 0 0 0 0 0 0 0 0 0 0 0 0 0 0 0 0 0 0 0 0 0 0 0 0 0 0 0 0 0 0 0 0 0 0 0 0 0 0 0 0 0 0 0 0 0 0 0 0 0 0 0 0 0 0 0 0 0 0 0 0 0 0 0 0 0 0 0 0 0 0 0 0 0 0 0 0 0 0 0 0 0 0 0 0 0 0 0 0 0 0 0 0 0 0 0 0 0 0 0 0 0 0 0 0 0 0
