0 0 0 0 0 0 0 0 0 0 0 0 0 0 0 0 0 0 0 0 0 0 0 0 0 0 0 0 0 0 0 0 0 0 0 0 0 0 0 0 0 0 0 0 0 0 0 0 0 0 0 0 0 0 0 0 0 0 0 0 0 0 0 0 0 0 0 0 0 0 0 0 0 0 0 0 0 0 0 0 0 0 0 0 0 0 0 0 0 0 0 0 0 0 0 0 0 0 0 0 0 0 0 0 0 0 0 0 0 0 0 0 0 0 0 0 0 0 0 0 0 0 0 0 0 0 0 0 0 0 0 0 0 0 0 0 0 0 0 0 0 0 0 0 0 0 0 0 0 0
0 0 0 0 0 0 0 0 0 0 0 0 0 0 0 0 0 0 0 0 0 0 0 0 0 0 0 0 0 0 0 0 0 0 0 0 0 0 0 0 0 0 0 0 0 0 0 0 0 0 0 0 0 0 0 0 0 0 0 0 0 0 0 0 0 0 0 0 0 0 0 0 0 0 0 0 0 0 0 0 0 0 0 0 0 0 0 0 0 0 0 0 0 0 0 0 0 0 0 0 0 0 0 0 0 0 0 0 0 0 0 0 0 0 0 0 0 0 0 0 0 0 0 0 0 0 0 0 0 0 0 0 0 0 0 0 0 0 0 0 0 0 0 0 0 0 0 0 0 0
0 0 0 0 0 0 0 0 0 0 0 0 0 0 0 0 0 0 0 0 0 0 0 0 0 0 0 0 0 0 0 0 0 0 0 0 0 0 0 0 0 0 0 0 0 0 0 0 0 0 0 0 0 0 0 0 0 0 0 0 0 0 0 0 0 0 0 0 0 0 0 0 0 0 0 0 0 0 0 0 0 0 0 0 0 0 0 0 0 0 0 0 0 0 0 0 0 0 0 0 0 0 0 0 0 0 0 0 0 0 0 0 0 0 0 0 0 0 0 0 0 0 0 0 0 0 0 0 0 0 0 0 0 0 0 0 0 0 0 0 0 0 0 0 0 0 0 0 0 0
0 0 0 0 0 0 0 0 0 0 0 0 0 0 0 0 0 0 0 0 0 0 0 0 0 0 0 0 0 0 0 0 0 0 0 0 0 0 0 0 0 0 0 0 0 0 0 0 0 0 0 0 0 0 0 0 0 0 0 0 0 0 0 0 0 0 0 0 0 0 0 0 0 0 0 0 0 0 0 0 0 0 0 0 0 0 0 0 0 0 0 0 0 0 0 0 0 0 0 0 0 0 0 0 0 0 0 0 0 0 0 0 0 0 0 0 0 0 0 0 0 0 0 0 0 0 0 0 0 0 0 0 0 0 0 0 0 0 0 0 0 0 0 0 0 0 0 0 0 0
0 0 0 0 0 0 0 0 0 0 0 0 0 0 0 0 0 0 0 0 0 0 0 0 0 0 0 0 0 0 0 0 0 0 0 0 0 0 0 0 0 0 0 0 0 0 0 0 0 0 0 0 0 0 0 0 0 0 0 0 0 0 0 0 0 0 0 0 0 0 0 0 0 0 0 0 0 0 0 0 0 0 0 0 0 0 0 0 0 0 0 0 0 0 0 0 0 0 0 0 0 0 0 0 0 0 0 0 0 0 0 0 0 0 0 0 0 0 0 0 0 0 0 0 0 0 0 0 0 0 0 0 0 0 0 0 0 0 0 0 0 0 0 0 0 0 0 0 0 0
0 0 0 0 0 0 0 0 0 0 0 0 0 0 0 0 0 0 0 0 0 0 0 0 0 0 0 0 0 0 0 0 0 0 0 0 0 0 0 0 0 0 0 0 0 0 0 0 0 0 0 0 0 0 0 0 0 0 0 0 0 0 0 0 0 0 0 0 0 0 0 0 0 0 0 0 0 0 0 0 0 0 0 0 0 0 0 0 0 0 0 0 0 0 0 0 0 0 0 0 0 0 0 0 0 0 0 0 0 0 0 0 0 0 0 0 0 0 0 0 0 0 0 0 0 0 0 0 0 0 0 0 0 0 0 0 0 0 0 0 0 0 0 0 0 0 0 0 0 0
0 0 0 0 0 0 0 0 0 0 0 0 0 0 0 0 0 0 0 0 0 0 0 0 0 0 0 0 0 0 0 0 0 0 0 0 0 0 0 0 0 0 0 0 0 0 0 0 0 0 0 0 0 0 0 0 0 0 0 0 0 0 0 0 0 0 0 0 0 0 0 0 0 0 0 0 0 0 0 0 0 0 0 0 0 0 0 0 0 0 0 0 0 0 0 0 0 0 0 0 0 0 0 0 0 0 0 0 0 0 0 0 0 0 0 0 0 0 0 0 0 0 0 0 0 0 0 0 0 0 0 0 0 0 0 0 0 0 0 0 0 0 0 0 0 0 0 0 0 0
0 0 0 0 0 0 0 0 0 0 0 0 0 0 0 0 0 0 0 0 0 0 0 0 0 0 0 0 0 0 0 0 0 0 0 0 0 0 0 0 0 0 0 0 0 0 0 0 0 0 0 0 0 0 0 0 0 0 0 0 0 0 0 0 0 0 0 0 0 0 0 0 0 0 0 0 0 0 0 0 0 0 0 0 0 0 0 0 0 0 0 0 0 0 0 0 0 0 0 0 0 0 0 0 0 0 0 0 0 0 0 0 0 0 0 0 0 0 0 0 0 0 0 0 0 0 0 0 0 0 0 0 0 0 0 0 0 0 0 0 0 0 0 0 0 0 0 0 0 0
0 0 0 0 0 0 0 0 0 0 0 0 0 0 0 0 0 0 0 0 0 0 0 0 0 0 0 0 0 0 0 0 0 0 0 0 0 0 0 0 0 0 0 0 0 0 0 0 0 0 0 0 0 0 0 0 0 0 0 0 0 0 0 0 0 0 0 0 0 0 0 0 0 0 0 0 0 0 0 0 0 0 0 0 0 0 0 0 0 0 0 0 0 0 0 0 0 0 0 0 0 0 0 0 0 0 0 0 0 0 0 0 0 0 0 0 0 0 0 0 0 0 0 0 0 0 0 0 0 0 0 0 0 0 0 0 0 0 0 0 0 0 0 0 0 0 0 0 0 0
0 0 0 0 0 0 0 0 0 0 0 0 0 0 0 0 0 0 0 0 0 0 0 0 0 0 0 0 0 0 0 0 0 0 0 0 0 0 0 0 0 0 0 0 0 0 0 0 0 0 0 0 0 0 0 0 0 0 0 0 0 0 0 0 0 0 0 0 0 0 0 0 0 0 0 0 0 0 0 0 0 0 0 0 0 0 0 0 0 0 0 0 0 0 0 0 0 0 0 0 0 0 0 0 0 0 0 0 0 0 0 0 0 0 0 0 0 0 0 0 0 0 0 0 0 0 0 0 0 0 0 0 0 0 0 0 0 0 0 0 0 0 0 0 0 0 0 0 0 0
0 0 0 0 0 0 0 0 0 0 0 0 0 0 0 0 0 0 0 0 0 0 0 0 0 0 0 0 0 0 0 0 0 0 0 0 0 0 0 0 0 0 0 0 0 0 0 0 0 0 0 0 0 0 0 0 0 0 0 0 0 0 0 0 0 0 0 0 0 0 0 0 0 0 0 0 0 0 0 0 0 0 0 0 0 0 0 0 0 0 0 0 0 0 0 0 0 0 0 0 0 0 0 0 0 0 0 0 0 0 0 0 0 0 0 0 0 0 0 0 0 0 0 0 0 0 0 0 0 0 0 0 0 0 0 0 0 0 0 0 0 0 0 0 0 0 0 0 0 0
0 0 0 0 0 0 0 0 0 0 0 0 0 0 0 0 0 0 0 0 0 0 0 0 0 0 0 0 0 0 0 0 0 0 0 0 0 0 0 0 0 0 0 0 0 0 0 0 0 0 0 0 0 0 0 0 0 0 0 0 0 0 0 0 0 0 0 0 0 0 0 0 0 0 0 0 0 0 0 0 0 0 0 0 0 0 0 0 0 0 0 0 0 0 0 0 0 0 0 0 0 0 0 0 0 0 0 0 0 0 0 0 0 0 0 0 0 0 0 0 0 0 0 0 0 0 0 0 0 0 0 0 0 0 0 0 0 0 0 0 0 0 0 0 0 0 0 0 0 0
0 0 0 0 0 0 0 0 0 0 0 0 0 0 0 0 0 0 0 0 0 0 0 0 0 0 0 0 0 0 0 0 0 0 0 0 0 0 0 0 0 0 0 0 0 0 0 0 0 0 0 0 0 0 0 0 0 0 0 0 0 0 0 0 0 0 0 0 0 0 0 0 0 0 0 0 0 0 0 0 0 0 0 0 0 0 0 0 0 0 0 0 0 0 0 0 0 0 0 0 0 0 0 0 0 0 0 0 0 0 0 0 0 0 0 0 0 0 0 0 0 0 0 0 0 0 0 0 0 0 0 0 0 0 0 0 0 0 0 0 0 0 0 0 0 0 0 0 0 0
0 0 0 0 0 0 0 0 0 0 0 0 0 0 0 0 0 0 0 0 0 0 0 0 0 0 0 0 0 0 0 0 0 0 0 0 0 0 0 0 0 0 0 0 0 0 0 0 0 0 0 0 0 0 0 0 0 0 0 0 0 0 0 0 0 0 0 0 0 0 0 0 0 0 0 0 0 0 0 0 0 0 0 0 0 0 0 0 0 0 0 0 0 0 0 0 0 0 0 0 0 0 0 0 0 0 0 0 0 0 0 0 0 0 0 0 0 0 0 0 0 0 0 0 0 0 0 0 0 0 0 0 0 0 0 0 0 0 0 0 0 0 0 0 0 0 0 0 0 0
0 0 0 0 0 0 0 0 0 0 0 0 0 0 0 0 0 0 0 0 0 0 0 0 0 0 0 0 0 0 0 0 0 0 0 0 0 0 0 0 0 0 0 0 0 0 0 0 0 0 0 0 0 0 0 0 0 0 0 0 0 0 0 0 0 0 0 0 0 0 0 0 0 0 0 0 0 0 0 0 0 0 0 0 0 0 0 0 0 0 0 0 0 0 0 0 0 0 0 0 0 0 0 0 0 0 0 0 0 0 0 0 0 0 0 0 0 0 0 0 0 0 0 0 0 0 0 0 0 0 0 0 0 0 0 0 0 0 0 0 0 0 0 0 0 0 0 0 0 0
0 0 0 0 0 0 0 0 0 0 0 0 0 0 0 0 0 0 0 0 0 0 0 0 0 0 0 0 0 0 0 0 0 0 0 0 0 0 0 0 0 0 0 0 0 0 0 0 0 0 0 0 0 0 0 0 0 0 0 0 0 0 0 0 0 0 0 0 0 0 0 0 0 0 0 0 0 0 0 0 0 0 0 0 0 0 0 0 0 0 0 0 0 0 0 0 0 0 0 0 0 0 0 0 0 0 0 0 0 0 0 0 0 0 0 0 0 0 0 0 0 0 0 0 0 0 0 0 0 0 0 0 0 0 0 0 0 0 0 0 0 0 0 0 0 0 0 0 0 0
0 0 0 0 0 0 0 0 0 0 0 0 0 0 0 0 0 0 0 0 0 0 0 0 0 0 0 0 0 0 0 0 0 0 0 0 0 0 0 0 0 0 0 0 0 0 0 0 0 0 0 0 0 0 0 0 0 0 0 0 0 0 0 0 0 0 0 0 0 0 0 0 0 0 0 0 0 0 0 0 0 0 0 0 0 0 0 0 0 0 0 0 0 0 0 0 0 0 0 0 0 0 0 0 0 0 0 0 0 0 0 0 0 0 0 0 0 0 0 0 0 0 0 0 0 0 0 0 0 0 0 0 0 0 0 0 0 0 0 0 0 0 0 0 0 0 0 0 0 0
0 0 0 0 0 0 0 0 0 0 0 0 0 0 0 0 0 0 0 0 0 0 0 0 0 0 0 0 0 0 0 0 0 0 0 0 0 0 0 0 0 0 0 0 0 0 0 0 0 0 0 0 0 0 0 0 0 0 0 0 0 0 0 0 0 0 0 0 0 0 0 0 0 0 0 0 0 0 0 0 0 0 0 0 0 0 0 0 0 0 0 0 0 0 0 0 0 0 0 0 0 0 0 0 0 0 0 0 0 0 0 0 0 0 0 0 0 0 0 0 0 0 0 0 0 0 0 0 0 0 0 0 0 0 0 0 0 0 0 0 0 0 0 0 0 0 0 0 0 0
0 0 0 0 0 0 0 0 0 0 0 0 0 0 0 0 0 0 0 0 0 0 0 0 0 0 0 0 0 0 0 0 0 0 0 0 0 0 0 0 0 0 0 0 0 0 0 0 0 0 0 0 0 0 0 0 0 0 0 0 0 0 0 0 0 0 0 0 0 0 0 0 0 0 0 0 0 0 0 0 0 0 0 0 0 0 0 0 0 0 0 0 0 0 0 0 0 0 0 0 0 0 0 0 0 0 0 0 0 0 0 0 0 0 0 0 0 0 0 0 0 0 0 0 0 0 0 0 0 0 0 0 0 0 0 0 0 0 0 0 0 0 0 0 0 0 0 0 0 0
0 0 0 0 0 0 0 0 0 0 0 0 0 0 0 0 0 0 0 0 0 0 0 0 0 0 0 0 0 0 0 0 0 0 0 0 0 0 0 0 0 0 0 0 0 0 0 0 0 0 0 0 0 0 0 0 0 0 0 0 0 0 0 0 0 0 0 0 0 0 0 0 0 0 0 0 0 0 0 0 0 0 0 0 0 0 0 0 0 0 0 0 0 0 0 0 0 0 0 0 0 0 0 0 0 0 0 0 0 0 0 0 0 0 0 0 0 0 0 0 0 0 0 0 0 0 0 0 0 0 0 0 0 0 0 0 0 0 0 0 0 0 0 0 0 0 0 0 0 0
0 0 0 0 0 0 0 0 0 0 0 0 0 0 0 0 0 0 0 0 0 0 0 0 0 0 0 0 0 0 0 0 0 0 0 0 0 0 0 0 0 0 0 0 0 0 0 0 0 0 0 0 0 0 0 0 0 0 0 0 0 0 0 0 0 0 0 0 0 0 0 0 0 0 0 0 0 0 0 0 0 0 0 0 0 0 0 0 0 0 0 0 0 0 0 0 0 0 0 0 0 0 0 0 0 0 0 0 0 0 0 0 0 0 0 0 0 0 0 0 0 0 0 0 0 0 0 0 0 0 0 0 0 0 0 0 0 0 0 0 0 0 0 0 0 0 0 0 0 0
0 0 0 0 0 0 0 0 0 0 0 0 0 0 0 0 0 0 0 0 0 0 0 0 0 0 0 0 0 0 0 0 0 0 0 0 0 0 0 0 0 0 0 0 0 0 0 0 0 0 0 0 0 0 0 0 0 0 0 0 0 0 0 0 0 0 0 0 0 0 0 0 0 0 0 0 0 0 0 0 0 0 0 0 0 0 0 0 0 0 0 0 0 0 0 0 0 0 0 0 0 0 0 0 0 0 0 0 0 0 0 0 0 0 0 0 0 0 0 0 0 0 0 0 0 0 0 0 0 0 0 0 0 0 0 0 0 0 0 0 0 0 0 0 0 0 0 0 0 0
0 0 0 0 0 0 0 0 0 0 0 0 0 0 0 0 0 0 0 0 0 0 0 0 0 0 0 0 0 0 0 0 0 0 0 0 0 0 0 0 0 0 0 0 0 0 0 0 0 0 0 0 0 0 0 0 0 0 0 0 0 0 0 0 0 0 0 0 0 0 0 0 0 0 0 0 0 0 0 0 0 0 0 0 0 0 0 0 0 0 0 0 0 0 0 0 0 0 0 0 0 0 0 0 0 0 0 0 0 0 0 0 0 0 0 0 0 0 0 0 0 0 0 0 0 0 0 0 0 0 0 0 0 0 0 0 0 0 0 0 0 0 0 0 0 0 0 0 0 0
0 0 0 0 0 0 0 0 0 0 0 0 0 0 0 0 0 0 0 0 0 0 0 0 0 0 0 0 0 0 0 0 0 0 0 0 0 0 0 0 0 0 0 0 0 0 0 0 0 0 0 0 0 0 0 0 0 0 0 0 0 0 0 0 0 0 0 0 0 0 0 0 0 0 0 0 0 0 0 0 0 0 0 0 0 0 0 0 0 0 0 0 0 0 0 0 0 0 0 0 0 0 0 0 0 0 0 0 0 0 0 0 0 0 0 0 0 0 0 0 0 0 0 0 0 0 0 0 0 0 0 0 0 0 0 0 0 0 0 0 0 0 0 0 0 0 0 0 0 0
0 0 0 0 0 0 0 0 0 0 0 0 0 0 0 0 0 0 0 0 0 0 0 0 0 0 0 0 0 0 0 0 0 0 0 0 0 0 0 0 0 0 0 0 0 0 0 0 0 0 0 0 0 0 0 0 0 0 0 0 0 0 0 0 0 0 0 0 0 0 0 0 0 0 0 0 0 0 0 0 0 0 0 0 0 0 0 0 0 0 0 0 0 0 0 0 0 0 0 0 0 0 0 0 0 0 0 0 0 0 0 0 0 0 0 0 0 0 0 0 0 0 0 0 0 0 0 0 0 0 0 0 0 0 0 0 0 0 0 0 0 0 0 0 0 0 0 0 0 0
0 0 0 0 0 0 0 0 0 0 0 0 0 0 0 0 0 0 0 0 0 0 0 0 0 0 0 0 0 0 0 0 0 0 0 0 0 0 0 0 0 0 0 0 0 0 0 0 0 0 0 0 0 0 0 0 0 0 0 0 0 0 0 0 0 0 0 0 0 0 0 0 0 0 0 0 0 0 0 0 0 0 0 0 0 0 0 0 0 0 0 0 0 0 0 0 0 0 0 0 0 0 0 0 0 0 0 0 0 0 0 0 0 0 0 0 0 0 0 0 0 0 0 0 0 0 0 0 0 0 0 0 0 0 0 0 0 0 0 0 0 0 0 0 0 0 0 0 0 0
0 0 0 0 0 0 0 0 0 0 0 0 0 0 0 0 0 0 0 0 0 0 0 0 0 0 0 0 0 0 0 0 0 0 0 0 0 0 0 0 0 0 0 0 0 0 0 0 0 0 0 0 0 0 0 0 0 0 0 0 0 0 0 0 0 0 0 0 0 0 0 0 0 0 0 0 0 0 0 0 0 0 0 0 0 0 0 0 0 0 0 0 0 0 0 0 0 0 0 0 0 0 0 0 0 0 0 0 0 0 0 0 0 0 0 0 0 0 0 0 0 0 0 0 0 0 0 0 0 0 0 0 0 0 0 0 0 0 0 0 0 0 0 0 0 0 0 0 0 0
0 0 0 0 0 0 0 0 0 0 0 0 0 0 0 0 0 0 0 0 0 0 0 0 0 0 0 0 0 0 0 0 0 0 0 0 0 0 0 0 0 0 0 0 0 0 0 0 0 0 0 0 0 0 0 0 0 0 0 0 0 0 0 0 0 0 0 0 0 0 0 0 0 0 0 0 0 0 0 0 0 0 0 0 0 0 0 0 0 0 0 0 0 0 0 0 0 0 0 0 0 0 0 0 0 0 0 0 0 0 0 0 0 0 0 0 0 0 0 0 0 0 0 0 0 0 0 0 0 0 0 0 0 0 0 0 0 0 0 0 0 0 0 0 0 0 0 0 0 0
0 0 0 0 0 0 0 0 0 0 0 0 0 0 0 0 0 0 0 0 0 0 0 0 0 0 0 0 0 0 0 0 0 0 0 0 0 0 0 0 0 0 0 0 0 0 0 0 0 0 0 0 0 0 0 0 0 0 0 0 0 0 0 0 0 0 0 0 0 0 0 0 0 0 0 0 0 0 0 0 0 0 0 0 0 0 0 0 0 0 0 0 0 0 0 0 0 0 0 0 0 0 0 0 0 0 0 0 0 0 0 0 0 0 0 0 0 0 0 0 0 0 0 0 0 0 0 0 0 0 0 0 0 0 0 0 0 0 0 0 0 0 0 0 0 0 0 0 0 0
0 0 0 0 0 0 0 0 0 0 0 0 0 0 0 0 0 0 0 0 0 0 0 0 0 0 0 0 0 0 0 0 0 0 0 0 0 0 0 0 0 0 0 0 0 0 0 0 0 0 0 0 0 0 0 0 0 0 0 0 0 0 0 0 0 0 0 0 0 0 0 0 0 0 0 0 0 0 0 0 0 0 0 0 0 0 0 0 0 0 0 0 0 0 0 0 0 0 0 0 0 0 0 0 0 0 0 0 0 0 0 0 0 0 0 0 0 0 0 0 0 0 0 0 0 0 0 0 0 0 0 0 0 0 0 0 0 0 0 0 0 0 0 0 0 0 0 0 0 0
0 0 0 0 0 0 0 0 0 0 0 0 0 0 0 0 0 0 0 0 0 0 0 0 0 0 0 0 0 0 0 0 0 0 0 0 0 0 0 0 0 0 0 0 0 0 0 0 0 0 0 0 0 0 0 0 0 0 0 0 0 0 0 0 0 0 0 0 0 0 0 0 0 0 0 0 0 0 0 0 0 7.51505e-06 7.26154e-06 6.46776e-06 5.31012e-06 4.01874e-06 0 0 0 0 0 0 0 0 0 0 0 0 0 0 0 0 0 0 0 0 0 0 0 0 0 0 0 0 0 0 0 0 0 0 0 0 0 0 0 0 0 0 0 0 0 0 0 0 0 0 0 0 0 0 0 0 0 0 0 0 0 0 0 0
0 0 0 0 0 0 0 0 0 0 0 0 0 0 0 0 0 0 0 0 0 0 0 0 0 0 0 0 0 0 0 0 0 0 0 0 0 0 0 0 0 0 0 0 0 0 0 0 0 0 0 0 0 0 0 0 0 0 0 0 0 0 0 0 0 0 0 0 0 0 0 0 0 0 0 0 0 0 0 2.13586e-05 2.42907e-05 2.54643e-05 2.4607e-05 2.19182e-05 1.79965e-05 1.36207e-05 9.50249e-06 0 0 0 0 0 0 0 0 0 0 0 0 0 0 0 0 0 0 0 0 0 0 0 0 0 0 0 0 0 0 0 0 0 0 0 0 0 0 0 0 0 0 0 0 0 0 0 0 0 0 0 0 0 0 0 0 0 0 0 0 0 0 0
0 0 0 0 0 0 0 0 0 0 0 0 0 0 0 0 0 0 0 0 0 0 0 0 0 0 0 0 0 0 0 0 0 0 0 0 0 0 0 0 0 0 0 0 0 0 0 0 0 0 0 0 0 0 0 0 0 0 0 0 0 0 0 0 0 0 0 0 0 0 0 0 0 0 0 0 0 4.03795e-05 5.40514e-05 6.66919e-05 7.58523e-05 7.95225e-05 7.68491e-05 6.84575e-05 5.62114e-05 4.25466e-05 2.96849e-05 1.90914e-05 0 0 0 0 0 0 0 0 0 0 0 0 0 0 0 0 0 0 0 0 0 0 0 0 0 0 0 0 0 0 0 0 0 0 0 0 0 0 0 0 0 0 0 0 0 0 0 0 0 0 0 0 0 0 0 0 0 0 0 0 0 0
0 0 0 0 0 0 0 0 0 0 0 0 0 0 0 0 0 0 0 0 0 0 0 0 0 0 0 0 0 0 0 0 0 0 0 0 0 0 0 0 0 0 0 0 0 0 0 0 0 0 0 0 0 0 0 0 0 0 0 0 0 0 0 0 0 0 0 0 0 0 0 0 0 0 0 0 8.00058e-05 0.000116189 0.000155538 0.000191926 0.0002183 0.000228877 0.000221198 0.000197054 0.000161816 0.000122487 8.5465e-05 5.49688e-05 3.25897e-05 0 0 0 0 0 0 0 0 0 0 0 0 0 0 0 0 0 0 0 0 0 0 0 0 0 0 0 0 0 0 0 0 0 0 0 0 0 0 0 0 0 0 0 0 0 0 0 0 0 0 0 0 0 0 0 0 0 0 0 0 0
0 0 0 0 0 0 0 0 0 0 0 0 0 0 0 0 0 0 0 0 0 0 0 0 0 0 0 0 0 0 0 0 0 0 0 0 0 0 0 0 0 0 0 0 0 0 0 0 0 0 0 0 0 0 0 0 0 0 0 0 0 0 0 0 0 0 0 0 0 0 0 0 0 0 0 0.00013465 0.000212155 0.000308126 0.000412501 0.000509032 0.000579025 0.000607115 0.000586782 0.000522773 0.000429314 0.000324993 0.000226776 0.000145867 8.6486e-05 4.72685e-05 0 0 0 0 0 0 0 0 0 0 0 0 0 0 0 0 0 0 0 0 0 0 0 0 0 0 0 0 0 0 0 0 0 0 0 0 0 0 0 0 0 0 0 0 0 0 0 0 0 0 0 0 0 0 0 0 0 0 0 0
0 0 0 0 0 0 0 0 0 0 0 0 0 0 0 0 0 0 0 0 0 0 0 0 0 0 0 0 0 0 0 0 0 0 0 0 0 0 0 0 0 0 0 0 0 0 0 0 0 0 0 0 0 0 0 0 0 0 0 0 0 0 0 0 0 0 0 0 0 0 0 0 0 0 0.000192542 0.000329146 0.000518646 0.000753314 0.00100859 0.00124474 0.00141603 0.00148488 0.0014353 0.00127819 0.00104975 0.000794708 0.000554583 0.000356796 0.000211574 0.000115722 3.99672e-05 0 0 0 0 0 0 0 0 0 0 0 0 0 0 0 0 0 0 0 0 0 0 0 0 0 0 0 0 0 0 0 0 0 0 0 0 0 0 0 0 0 0 0 0 0 0 0 0 0 0 0 0 0 0 0 0 0 0 0
0 0 0 0 0 0 0 0 0 0 0 0 0 0 0 0 0 0 0 0 0 0 0 0 0 0 0 0 0 0 0 0 0 0 0 0 0 0 0 0 0 0 0 0 0 0 0 0 0 0 0 0 0 0 0 0 0 0 0 0 0 0 0 0 0 0 0 0 0 0 0 0 0 0.00023385 0.000433714 0.000741473 0.00116846 0.0016973 0.00227263 0.00280499 0.00319126 0.00334673 0.00323529 0.00288294 0.0023684 0.00179193 0.00125075 0.000804774 0.000477348 0.000261015 0.000131577 0 0 0 0 0 0 0 0 0 0 0 0 0 0 0 0 0 0 0 0 0 0 0 0 0 0 0 0 0 0 0 0 0 0 0 0 0 0 0 0 0 0 0 0 0 0 0 0 0 0 0 0 0 0 0 0 0 0 0
0 0 0 0 0 0 0 0 0 0 0 0 0 0 0 0 0 0 0 0 0 0 0 0 0 0 0 0 0 0 0 0 0 0 0 0 0 0 0 0 0 0 0 0 0 0 0 0 0 0 0 0 0 0 0 0 0 0 0 0 0 0 0 0 0 0 0 0 0 0 0.00013597 0.000203881 0.000281796 0.000603836 0.000994349 0.00160591 0.00246891 0.00354988 0.00473385 0.00583347 0.00663299 0.00695584 0.00672581 0.00599503 0.00492562 0.00373068 0.00260484 0.00167272 0.000992374 0.000542784 0.000273708 8.87465e-05 0 0 0 0 0 0 0 0 0 0 0 0 0 0 0 0 0 0 0 0 0 0 0 0 0 0 0 0 0 0 0 0 0 0 0 0 0 0 0 0 0 0 0 0 0 0 0 0 0 0 0 0 0 0 0 0 0 0
0 0 0 0 0 0 0 0 0 0 0 0 0 0 0 0 0 0 0 0 0 0 0 0 0 0 0 0 0 0 0 0 0 0 0 0 0 0 0 0 0 0 0 0 0 0 0 0 0 0 0 0 0 0 0 0 0 0 0 0 0 0 0 0 0 0 0 0 0.00012124 0.000213955 0.000348055 0.000521926 0.000856559 0.00130707 0.0020339 0.00317073 0.00478987 0.00683447 0.00908754 0.011187 0.0127162 0.0133362 0.0128943 0.0114942 0.00944581 0.00715636 0.00499848 0.00321868 0.0019023 0.00104089 0.000525156 0.000244323 0 0 0 0 0 0 0 0 0 0 0 0 0 0 0 0 0 0 0 0 0 0 0 0 0 0 0 0 0 0 0 0 0 0 0 0 0 0 0 0 0 0 0 0 0 0 0 0 0 0 0 0 0 0 0 0 0 0
0 0 0 0 0 0 0 0 0 0 0 0 0 0 0 0 0 0 0 0 0 0 0 0 0 0 0 0 0 0 0 0 0 0 0 0 0 0 0 0 0 0 0 0 0 0 0 0 0 0 0 0 0 0 0 0 0 0 0 0 0 0 0 0 0 0 7.98973e-05 0.000160661 0.00030065 0.000522254 0.000840433 0.00130551 0.00190388 0.00273212 0.00397668 0.00589349 0.00865949 0.0121977 0.0161232 0.0198024 0.0224963 0.0235848 0.0228063 0.0203354 0.0167176 0.0126713 0.00885494 0.00570562 0.00338993 0.0018413 0.000929702 0.000432974 0.000131937 0 0 0 0 0 0 0 0 0 0 0 0 0 0 0 0 0 0 0 0 0 0 0 0 0 0 0 0 0 0 0 0 0 0 0 0 0 0 0 0 0 0 0 0 0 0 0 0 0 0 0 0 0 0 0 0 0
0 0 0 0 0 0 0 0 0 0 0 0 0 0 0 0 0 0 0 0 0 0 0 0 0 0 0 0 0 0 0 0 0 0 0 0 0 0 0 0 0 0 0 0 0 0 0 0 0 0 0 0 0 0 0 0 0 0 0 0 0 0 0 1.03201e-05 2.23296e-05 8.27937e-05 0.00017709 0.000354177 0.000660178 0.00114362 0.00183686 0.00279757 0.00398055 0.00546089 0.00747013 0.0104634 0.0147174 0.0202551 0.0265102 0.0324178 0.0367608 0.0385236 0.0372559 0.0332318 0.0273358 0.0207316 0.0144999 0.00935223 0.00556321 0.00305252 0.00151979 0.00070889 0.00030517 0 0 0 0 0 0 0 0 0 0 0 0 0 0 0 0 0 0 0 0 0 0 0 0 0 0 0 0 0 0 0 0 0 0 0 0 0 0 0 0 0 0 0 0 0 0 0 0 0 0 0 0 0 0 0 0 0
0 0 0 0 0 0 0 0 0 0 0 0 0 0 0 0 0 0 0 0 0 0 0 0 0 0 0 0 0 0 0 0 0 0 0 0 0 0 0 0 0 0 0 0 0 0 0 0 0 0 0 0 0 0 0 0 0 0 0 0 0 0 9.86768e-06 2.29022e-05 7.60672e-05 0.000171493 0.000363628 0.000722446 0.00134013 0.00231358 0.00370745 0.00557869 0.00787037 0.0104858 0.0136168 0.0177766 0.0236548 0.0314659 0.0404906 0.0491546 0.0555832 0.0582014 0.0562944 0.0502442 0.0413674 0.0314146 0.0220052 0.0142202 0.00846772 0.00465704 0.00236413 0.0010738 0.0004637 0 0 0 0 0 0 0 0 0 0 0 0 0 0 0 0 0 0 0 0 0 0 0 0 0 0 0 0 0 0 0 0 0 0 0 0 0 0 0 0 0 0 0 0 0 0 0 0 0 0 0 0 0 0 0 0 0
0 0 0 0 0 0 0 0 0 0 0 0 0 0 0 0 0 0 0 0 0 0 0 0 0 0 0 0 0 0 0 0 0 0 0 0 0 0 0 0 0 0 0 0 0 0 0 0 0 0 0 0 0 0 0 0 0 0 0 0 3.34728e-06 8.55404e-06 2.08361e-05 6.35167e-05 0.000148955 0.000330894 0.000693635 0.00136639 0.00251901 0.00433007 0.0069816 0.0104092 0.0144751 0.0189224 0.0236617 0.0291604 0.0364308 0.0462126 0.0578565 0.0693518 0.0780205 0.0815658 0.0788972 0.0704829 0.0581157 0.0442199 0.031052 0.0201281 0.0120481 0.00666281 0.00337906 0.00159241 0.000654298 0 0 0 0 0 0 0 0 0 0 0 0 0 0 0 0 0 0 0 0 0 0 0 0 0 0 0 0 0 0 0 0 0 0 0 0 0 0 0 0 0 0 0 0 0 0 0 0 0 0 0 0 0 0 0 0 0
0 0 0 0 0 0 0 0 0 0 0 0 0 0 0 0 0 0 0 0 0 0 0 0 0 0 0 0 0 0 0 0 0 0 0 0 0 0 0 0 0 0 0 0 0 0 0 0 0 0 0 0 0 0 0 0 0 0 0 3.07085e-06 7.34933e-06 1.78622e-05 5.05398e-05 0.000120514 0.000275154 0.000598684 0.00123532 0.0024052 0.00441761 0.0075613 0.0120778 0.017944 0.0248166 0.0320686 0.0391734 0.0462116 0.054327 0.0649499 0.0781248 0.0917021 0.102229 0.106545 0.103043 0.0921839 0.0761929 0.0581643 0.0410151 0.0267274 0.0161056 0.00898273 0.00464292 0.00222768 0.000860519 0.000252754 0 0 0 0 0 0 0 0 0 0 0 0 0 0 0 0 0 0 0 0 0 0 0 0 0 0 0 0 0 0 0 0 0 0 0 0 0 0 0 0 0 0 0 0 0 0 0 0 0 0 0 0 0 0 0 0
0 0 0 0 0 0 0 0 0 0 0 0 0 0 0 0 0 0 0 0 0 0 0 0 0 0 0 0 0 0 0 0 0 0 0 0 0 0 0 0 0 0 0 0 0 0 0 0 0 0 0 0 0 0 0 0 0 0 3.56508e-06 7.19673e-06 1.60558e-05 4.12285e-05 9.68474e-05 0.000220884 0.000486091 0.00102692 0.00207143 0.0039832 0.00720734 0.0122424 0.0194523 0.0287981 0.0396959 0.0509879 0.0614286 0.0704107 0.0787976 0.0886145 0.10117 0.114987 0.126204 0.13077 0.12638 0.113295 0.0940061 0.0721536 0.0512414 0.0336956 0.0205407 0.0116267 0.00612369 0.00300921 0.00138405 0.000315865 0 0 0 0 0 0 0 0 0 0 0 0 0 0 0 0 0 0 0 0 0 0 0 0 0 0 0 0 0 0 0 0 0 0 0 0 0 0 0 0 0 0 0 0 0 0 0 0 0 0 0 0 0 0 0 0
0 0 0 0 0 0 0 0 0 0 0 0 0 0 0 0 0 0 0 0 0 0 0 0 0 0 0 0 0 0 0 0 0 0 0 0 0 0 0 0 0 0 0 0 0 0 0 0 0 0 0 0 0 0 0 0 0 5.25356e-06 8.64509e-06 1.63272e-05 3.42218e-05 8.22001e-05 0.000182856 0.000396918 0.000834712 0.00169549 0.00332544 0.00622433 0.0110724 0.0185965 0.0293376 0.0432545 0.0594571 0.0761498 0.0911335 0.102817 0.111279 0.118765 0.127999 0.139193 0.149009 0.152773 0.147331 0.132437 0.110549 0.0855972 0.0614998 0.0410527 0.0255076 0.0147905 0.00802756 0.00409193 0.00196555 0.000691885 0 0 0 0 0 0 0 0 0 0 0 0 0 0 0 0 0 0 0 0 0 0 0 0 0 0 0 0 0 0 0 0 0 0 0 0 0 0 0 0 0 0 0 0 0 0 0 0 0 0 0 0 0 0 0 0
0 0 0 0 0 0 0 0 0 0 0 0 0 0 0 0 0 0 0 0 0 0 0 0 0 0 0 0 0 0 0 0 0 0 0 0 0 0 0 0 0 0 0 0 0 0 0 0 0 0 0 6.13308e-05 6.51118e-05 6.39818e-05 5.84374e-05 5.00499e-05 4.09759e-05 3.55314e-05 3.48599e-05 4.50372e-05 8.06062e-05 0.000159372 0.000339038 0.000702583 0.00140962 0.00274796 0.00516247 0.0093495 0.0162255 0.0267979 0.0418158 0.0612849 0.0840208 0.107493 0.128406 0.143872 0.152913 0.157385 0.161039 0.166375 0.171888 0.173111 0.16609 0.149743 0.126066 0.0989059 0.0723383 0.0494044 0.0315896 0.0189648 0.0107252 0.00572852 0.00289478 0.00132949 0.000520015 0 0 0 0 0 0 0 0 0 0 0 0 0 0 0 0 0 0 0 0 0 0 0 0 0 0 0 0 0 0 0 0 0 0 0 0 0 0 0 0 0 0 0 0 0 0 0 0 0 0 0 0 0 0 0
0 0 0 0 0 0 0 0 0 0 0 0 0 0 0 0 0 0 0 0 0 0 0 0 0 0 0 0 0 0 0 0 0 0 0 0 0 0 0 0 0 0 0 0 0 0 0 0 0 0.000126941 0.00015801 0.00018152 0.000192628 0.000189156 0.000172559 0.000147467 0.000121491 0.000100343 9.15485e-05 0.000104774 0.000164677 0.000308608 0.000615509 0.00122386 0.0023477 0.0043739 0.00786537 0.0136931 0.0230174 0.03712 0.0570384 0.082864 0.113165 0.144732 0.173092 0.193902 0.204787 0.20674 0.203878 0.200768 0.19873 0.194868 0.185021 0.167098 0.142169 0.113533 0.0850771 0.0599165 0.0397471 0.0248952 0.0147434 0.00826304 0.00437898 0.00210623 0.000927003 0 0 0 0 0 0 0 0 0 0 0 0 0 0 0 0 0 0 0 0 0 0 0 0 0 0 0 0 0 0 0 0 0 0 0 0 0 0 0 0 0 0 0 0 0 0 0 0 0 0 0 0 0 0 0
0 0 0 0 0 0 0 0 0 0 0 0 0 0 0 0 0 0 0 0 0 0 0 0 0 0 0 0 0 0 0 0 0 0 0 0 0 0 0 0 0 0 0 0 0 0 0 0.000175554 0.000256816 0.000346468 0.000431171 0.000495178 0.000525252 0.000515454 0.000469723 0.000401316 0.000327143 0.000264871 0.000229662 0.000237652 0.00032719 0.00056596 0.00107272 0.00204949 0.00381406 0.00682801 0.0117942 0.0197299 0.0319856 0.050122 0.0754296 0.108216 0.146957 0.187854 0.225301 0.253391 0.268114 0.269191 0.260423 0.247714 0.235333 0.223236 0.208287 0.187731 0.161399 0.131527 0.101392 0.0739406 0.0510409 0.0333612 0.0206316 0.012051 0.00663403 0.00337789 0.00156081 0.000718601 0 0 0 0 0 0 0 0 0 0 0 0 0 0 0 0 0 0 0 0 0 0 0 0 0 0 0 0 0 0 0 0 0 0 0 0 0 0 0 0 0 0 0 0 0 0 0 0 0 0 0 0 0 0
0 0 0 0 0 0 0 0 0 0 0 0 0 0 0 0 0 0 0 0 0 0 0 0 0 0 0 0 0 0 0 0 0 0 0 0 0 0 0 0 0 0 0 0 0 0.000161828 0.000278458 0.000441737 0.000646134 0.000871549 0.00108438 0.001245 0.00132009 0.00129471 0.00117874 0.00100456 0.000814477 0.000650539 0.000544645 0.000527629 0.000641465 0.00099392 0.00177585 0.00328348 0.00593449 0.0103216 0.0172642 0.027886 0.0436789 0.0663648 0.0975305 0.137761 0.18562 0.236944 0.285132 0.322717 0.343839 0.346567 0.333813 0.311996 0.287716 0.264311 0.241073 0.215607 0.186634 0.154955 0.12277 0.0925547 0.0662511 0.0449179 0.0287677 0.0173439 0.00981542 0.00516495 0.00246969 0.00114674 0.000492972 0 0 0 0 0 0 0 0 0 0 0 0 0 0 0 0 0 0 0 0 0 0 0 0 0 0 0 0 0 0 0 0 0 0 0 0 0 0 0 0 0 0 0 0 0 0 0 0 0 0 0 0 0
0 0 0 0 0 0 0 0 0 0 0 0 0 0 0 0 0 0 0 0 0 0 0 0 0 0 0 0 0 0 0 0 0 0 0 0 0 0 0 0 0 0 0 0 0.000201112 0.00037536 0.000645831 0.00102444 0.00149826 0.00202066 0.00251359 0.00288514 0.00305807 0.0029977 0.00272661 0.00231895 0.00187257 0.00148182 0.00121444 0.00111023 0.00122157 0.00169446 0.00281192 0.00499657 0.00879818 0.0149489 0.0243748 0.0382829 0.058192 0.0859473 0.123343 0.171294 0.22864 0.291139 0.351488 0.400786 0.431218 0.438849 0.42515 0.396275 0.36028 0.323557 0.288659 0.254901 0.220714 0.185505 0.150089 0.116145 0.0855042 0.059593 0.0391484 0.024139 0.0138968 0.00746626 0.0036539 0.00170648 0.000737058 0 0 0 0 0 0 0 0 0 0 0 0 0 0 0 0 0 0 0 0 0 0 0 0 0 0 0 0 0 0 0 0 0 0 0 0 0 0 0 0 0 0 0 0 0 0 0 0 0 0 0 0 0
0 0 0 0 0 0 0 0 0 0 0 0 0 0 0 0 0 0 0 0 0 0 0 0 0 0 0 0 0 0 0 0 0 0 0 0 0 0 0 0 0 0 0 0.000212351 0.000429941 0.000802398 0.0013805 0.00218958 0.00320198 0.00431775 0.00537015 0.00616247 0.00652955 0.00639754 0.0058154 0.0049385 0.00397702 0.00313018 0.00252627 0.00222529 0.00227115 0.00283202 0.0043041 0.00726253 0.0124256 0.0206424 0.0329393 0.0505295 0.0749366 0.108011 0.151686 0.207204 0.273845 0.347638 0.420981 0.483871 0.526631 0.54307 0.532605 0.500303 0.4547 0.404404 0.355245 0.309291 0.26599 0.224129 0.18325 0.144037 0.107944 0.0765923 0.0511494 0.031997 0.0186485 0.0101298 0.00503336 0.00235952 0.00102219 0 0 0 0 0 0 0 0 0 0 0 0 0 0 0 0 0 0 0 0 0 0 0 0 0 0 0 0 0 0 0 0 0 0 0 0 0 0 0 0 0 0 0 0 0 0 0 0 0 0 0 0 0
0 0 0 0 0 0 0 0 0 0 0 0 0 0 0 0 0 0 0 0 0 0 0 0 0 0 0 0 0 0 0 0 0 0 0 0 0 0 0 0 0 0 0.000190496 0.000418412 0.000847109 0.00158089 0.00271966 0.00431327 0.00630688 0.0085036 0.0105743 0.012132 0.012851 0.0125868 0.011435 0.00970279 0.00780602 0.00612695 0.00491115 0.00423688 0.00410836 0.0046791 0.00645121 0.0102131 0.0168316 0.027278 0.0425792 0.0639249 0.0927612 0.130886 0.180312 0.24261 0.317617 0.401972 0.488311 0.566076 0.624026 0.653596 0.651602 0.621065 0.569823 0.507573 0.442822 0.380877 0.323584 0.270557 0.220856 0.174241 0.131519 0.0941327 0.0634192 0.0399811 0.0234955 0.0128309 0.00643703 0.00302417 0.00131254 0.000525929 0 0 0 0 0 0 0 0 0 0 0 0 0 0 0 0 0 0 0 0 0 0 0 0 0 0 0 0 0 0 0 0 0 0 0 0 0 0 0 0 0 0 0 0 0 0 0 0 0 0 0 0
0 0 0 0 0 0 0 0 0 0 0 0 0 0 0 0 0 0 0 0 0 0 0 0 0 0 0 0 0 0 0 0 0 0 0 0 0 0 0 0 0 0 0.000345954 0.000759844 0.0015383 0.00287066 0.00493818 0.00783113 0.0114498 0.0154359 0.0191921 0.0220155 0.0233158 0.0228319 0.0207401 0.0176021 0.0141757 0.0111535 0.00896357 0.00768777 0.00723603 0.0076945 0.00965638 0.0141338 0.0222105 0.0348615 0.0530642 0.0778638 0.110559 0.152868 0.206891 0.274539 0.356325 0.449772 0.548281 0.641385 0.716821 0.763775 0.776 0.753455 0.701893 0.630746 0.550294 0.469118 0.392653 0.323059 0.260296 0.203723 0.153278 0.10973 0.074086 0.0468468 0.0276225 0.0151257 0.00763181 0.00358956 0.00155953 0.000625445 0 0 0 0 0 0 0 0 0 0 0 0 0 0 0 0 0 0 0 0 0 0 0 0 0 0 0 0 0 0 0 0 0 0 0 0 0 0 0 0 0 0 0 0 0 0 0 0 0 0 0 0
0 0 0 0 0 0 0 0 0 0 0 0 0 0 0 0 0 0 0 0 0 0 0 0 0 0 0 0 0 0 0 0 0 0 0 0 0 0 0 0 0 0.000243021 0.000579089 0.00127185 0.00257477 0.00480455 0.00826454 0.0131053 0.0191594 0.0258272 0.0321088 0.036829 0.0390038 0.0382007 0.0347261 0.0295356 0.0239078 0.0190099 0.0155062 0.0134275 0.0124795 0.0126461 0.0146124 0.0196789 0.0291398 0.0439161 0.0647655 0.0924684 0.1281 0.173303 0.230327 0.301523 0.388141 0.488773 0.597955 0.705931 0.800062 0.867668 0.899208 0.890668 0.844337 0.767972 0.672658 0.570093 0.470051 0.378726 0.298545 0.22937 0.170321 0.120959 0.0813324 0.0513591 0.0302754 0.0165905 0.00839417 0.00394966 0.00171683 0.000688946 0 0 0 0 0 0 0 0 0 0 0 0 0 0 0 0 0 0 0 0 0 0 0 0 0 0 0 0 0 0 0 0 0 0 0 0 0 0 0 0 0 0 0 0 0 0 0 0 0 0 0 0
0 0 0 0 0 0 0 0 0 0 0 0 0 0 0 0 0 0 0 0 0 0 0 0 0 0 0 0 0 0 0 0 0 0 0 0 0 0 0 0 0 0.00037499 0.000893533 0.0019624 0.00397259 0.00741263 0.0127502 0.0202172 0.0295553 0.0398392 0.0495283 0.0568136 0.0601871 0.0590021 0.053765 0.045992 0.0377039 0.030691 0.0258239 0.0228921 0.0212739 0.0208653 0.0225647 0.0280703 0.0388884 0.0557704 0.0790571 0.109104 0.14669 0.193391 0.25173 0.324616 0.414122 0.519902 0.637748 0.759006 0.87131 0.960665 1.01434 1.02384 0.987014 0.908829 0.800363 0.676073 0.550281 0.433992 0.333221 0.249356 0.181097 0.126546 0.0841954 0.0528403 0.0310474 0.0169888 0.008603 0.00404745 0.00175997 0.000706698 0 0 0 0 0 0 0 0 0 0 0 0 0 0 0 0 0 0 0 0 0 0 0 0 0 0 0 0 0 0 0 0 0 0 0 0 0 0 0 0 0 0 0 0 0 0 0 0 0 0 0 0
0 0 0 0 0 0 0 0 0 0 0 0 0 0 0 0 0 0 0 0 0 0 0 0 0 0 0 0 0 0 0 0 0 0 0 0 0 0 0 0 0.000206381 0.000533531 0.00127126 0.00279192 0.00565162 0.0105454 0.0181381 0.02876 0.0420436 0.0566757 0.0704704 0.0808708 0.085762 0.0842819 0.0772416 0.0669265 0.0562961 0.0477592 0.0420925 0.0384964 0.0359647 0.0344956 0.035486 0.041263 0.0535687 0.0727629 0.0985039 0.130537 0.169266 0.216269 0.274452 0.347413 0.438053 0.546936 0.670934 0.80255 0.930118 1.03897 1.11376 1.14167 1.11597 1.03841 0.919447 0.775718 0.625615 0.484749 0.362962 0.263834 0.186279 0.127144 0.0831608 0.0516111 0.0301269 0.0164296 0.00831762 0.00391095 0.00170177 0.00068421 0 0 0 0 0 0 0 0 0 0 0 0 0 0 0 0 0 0 0 0 0 0 0 0 0 0 0 0 0 0 0 0 0 0 0 0 0 0 0 0 0 0 0 0 0 0 0 0 0 0 0 0
0 0 0 0 0 0 0 0 0 0 0 0 0 0 0 0 0 0 0 0 0 0 0 0 0 0 0 0 0 0 0 0 0 0 0 0 0 0 0 0 0.000270935 0.000700374 0.00166874 0.00366469 0.00741818 0.0138413 0.0238074 0.0377509 0.0551941 0.0744219 0.0925876 0.106378 0.113103 0.111785 0.103723 0.092183 0.0810724 0.0729591 0.0677642 0.0637787 0.0598302 0.0564671 0.0560715 0.0619716 0.0761292 0.0981723 0.126691 0.160618 0.199966 0.246393 0.303313 0.375079 0.465339 0.575245 0.702292 0.839823 0.976957 1.09902 1.1891 1.23125 1.21498 1.13918 1.01336 0.855427 0.686615 0.526002 0.386602 0.274137 0.188251 0.125155 0.0801339 0.0489884 0.0283346 0.0153784 0.00777847 0.00366105 0.00159449 0.000642974 0 0 0 0 0 0 0 0 0 0 0 0 0 0 0 0 0 0 0 0 0 0 0 0 0 0 0 0 0 0 0 0 0 0 0 0 0 0 0 0 0 0 0 0 0 0 0 0 0 0 0 0
0 0 0 0 0 0 0 0 0 0 0 0 0 0 0 0 0 0 0 0 0 0 0 0 0 0 0 0 0 0 0 0 0 0 0 0 0 0 0 0.000117181 0.000328631 0.000849466 0.00202382 0.00444425 0.008996 0.0167856 0.0288742 0.0457946 0.0669794 0.0903794 0.112598 0.129736 0.138745 0.138799 0.131974 0.122578 0.114889 0.110357 0.107175 0.102823 0.0965171 0.0900105 0.087357 0.0933026 0.109992 0.135786 0.16774 0.203721 0.243357 0.28856 0.343419 0.41307 0.501686 0.610532 0.736999 0.874562 1.01292 1.13805 1.23305 1.28088 1.26919 1.19495 1.06661 0.90207 0.723612 0.551963 0.40195 0.280836 0.189164 0.123155 0.0773765 0.0466337 0.0267411 0.0144493 0.0073195 0.00345054 0.00150663 0.000610813 0 0 0 0 0 0 0 0 0 0 0 0 0 0 0 0 0 0 0 0 0 0 0 0 0 0 0 0 0 0 0 0 0 0 0 0 0 0 0 0 0 0 0 0 0 0 0 0 0 0 0 0
0 0 0 0 0 0 0 0 0 0 0 0 0 0 0 0 0 0 0 0 0 0 0 0 0 0 0 0 0 0 0 0 0 0 0 0 0 0 0 0.000131767 0.000369461 0.000954841 0.00227461 0.00499459 0.0101101 0.0188666 0.0324631 0.0515141 0.0754192 0.101948 0.127429 0.147748 0.159957 0.163857 0.16254 0.160824 0.161727 0.164043 0.164009 0.158846 0.148838 0.137709 0.131962 0.138212 0.158453 0.189198 0.225463 0.26381 0.303544 0.347056 0.399323 0.46628 0.552338 0.658222 0.780274 0.911131 1.04061 1.15603 1.24241 1.28433 1.27002 1.19596 1.06938 0.906774 0.729339 0.557314 0.405716 0.282502 0.189001 0.12193 0.0759048 0.0454319 0.02596 0.0140366 0.00713363 0.00338729 0.00148549 0.000601617 0 0 0 0 0 0 0 0 0 0 0 0 0 0 0 0 0 0 0 0 0 0 0 0 0 0 0 0 0 0 0 0 0 0 0 0 0 0 0 0 0 0 0 0 0 0 0 0 0 0 0 0
0 0 0 0 0 0 0 0 0 0 0 0 0 0 0 0 0 0 0 0 0 0 0 0 0 0 0 0 0 0 0 0 0 0 0 0 0 0 0 0.000138275 0.000387551 0.00100127 0.00238462 0.00523569 0.0105987 0.0197853 0.0340672 0.0541297 0.0794265 0.10779 0.135686 0.159356 0.1766 0.188326 0.198338 0.210375 0.224264 0.23557 0.239074 0.232316 0.217258 0.20037 0.191398 0.19893 0.224211 0.261199 0.302549 0.343508 0.383208 0.424758 0.474242 0.538367 0.621422 0.722882 0.837035 0.954648 1.06513 1.15766 1.22114 1.24456 1.21935 1.14298 1.02138 0.868304 0.701765 0.539497 0.395191 0.276645 0.185786 0.120131 0.0749008 0.0449247 0.0257476 0.0140094 0.00717445 0.00343885 0.0015371 0.000616858 0 0 0 0 0 0 0 0 0 0 0 0 0 0 0 0 0 0 0 0 0 0 0 0 0 0 0 0 0 0 0 0 0 0 0 0 0 0 0 0 0 0 0 0 0 0 0 0 0 0 0 0
0 0 0 0 0 0 0 0 0 0 0 0 0 0 0 0 0 0 0 0 0 0 0 0 0 0 0 0 0 0 0 0 0 0 0 0 0 0 0 0.000137209 0.000384263 0.000992184 0.00236197 0.0051852 0.010499 0.0196137 0.0338237 0.0538901 0.0794448 0.108673 0.138657 0.166623 0.191675 0.215766 0.242198 0.271826 0.300632 0.321507 0.328323 0.319317 0.29862 0.276215 0.265565 0.276774 0.309179 0.353607 0.400372 0.443728 0.483023 0.522404 0.56917 0.630692 0.710685 0.806724 0.910296 1.00956 1.09307 1.15213 1.18082 1.17473 1.13075 1.04871 0.933344 0.794619 0.645878 0.500801 0.370576 0.262178 0.177892 0.116146 0.0730884 0.0442513 0.025631 0.0141181 0.00733853 0.00358395 0.00163746 0.000700368 0 0 0 0 0 0 0 0 0 0 0 0 0 0 0 0 0 0 0 0 0 0 0 0 0 0 0 0 0 0 0 0 0 0 0 0 0 0 0 0 0 0 0 0 0 0 0 0 0 0 0 0
0 0 0 0 0 0 0 0 0 0 0 0 0 0 0 0 0 0 0 0 0 0 0 0 0 0 0 0 0 0 0 0 0 0 0 0 0 0 0 0.00013153 0.000367904 0.00094894 0.00225755 0.00495523 0.0100386 0.0187813 0.0324816 0.0520088 0.0773062 0.107166 0.139676 0.173412 0.208777 0.247967 0.292485 0.339832 0.382841 0.412499 0.422163 0.411016 0.385867 0.360779 0.352811 0.372096 0.414522 0.467452 0.519365 0.564215 0.602195 0.638881 0.682836 0.741799 0.818503 0.908153 0.99915 1.07698 1.12933 1.14956 1.13712 1.09496 1.02664 0.935429 0.825269 0.702072 0.573798 0.449332 0.336725 0.241636 0.166445 0.110395 0.0706384 0.0435555 0.0257696 0.0145559 0.00779819 0.00394812 0.00188335 0.000843631 0.000285689 0 0 0 0 0 0 0 0 0 0 0 0 0 0 0 0 0 0 0 0 0 0 0 0 0 0 0 0 0 0 0 0 0 0 0 0 0 0 0 0 0 0 0 0 0 0 0 0 0 0 0
0 0 0 0 0 0 0 0 0 0 0 0 0 0 0 0 0 0 0 0 0 0 0 0 0 0 0 0 0 0 0 0 0 0 0 0 0 0 0 0.000124795 0.000348493 0.000897695 0.00213398 0.00468365 0.00949695 0.0178087 0.0309308 0.0498792 0.0749833 0.105759 0.141376 0.181635 0.227678 0.281126 0.341413 0.403429 0.457891 0.494579 0.506745 0.494957 0.469194 0.447783 0.450186 0.484003 0.540142 0.602711 0.659227 0.704269 0.739624 0.772661 0.813187 0.868971 0.941348 1.02299 1.09948 1.15429 1.17483 1.15663 1.10377 1.02552 0.931654 0.829137 0.72179 0.612066 0.502905 0.398461 0.3035 0.22211 0.156473 0.106449 0.0700835 0.0446645 0.0274244 0.0161553 0.00906987 0.00482433 0.00242007 0.00102908 0.000466443 0.000185428 0 0 0 0 0 0 0 0 0 0 0 0 0 0 0 0 0 0 0 0 0 0 0 0 0 0 0 0 0 0 0 0 0 0 0 0 0 0 0 0 0 0 0 0 0 0 0 0 0 0
0 0 0 0 0 0 0 0 0 0 0 0 0 0 0 0 0 0 0 0 0 0 0 0 0 0 0 0 0 0 0 0 0 0 0 0 0 0 0 0.000118486 0.000330362 0.000849988 0.00201932 0.00443243 0.00899829 0.0169187 0.0295246 0.0479763 0.0729612 0.104631 0.14301 0.188688 0.242995 0.306738 0.377779 0.449404 0.511216 0.552591 0.567358 0.558112 0.538458 0.53045 0.553339 0.609134 0.683049 0.756764 0.817814 0.862322 0.89426 0.923052 0.959564 1.01119 1.07754 1.14883 1.20852 1.23918 1.22911 1.1764 1.0889 0.980325 0.864645 0.751577 0.645196 0.545571 0.451709 0.363766 0.283515 0.213436 0.155363 0.109632 0.0751523 0.0499927 0.0320893 0.0197684 0.0115845 0.00641091 0.00333109 0.00156862 0.00071437 0.000290494 0.000114778 0 0 0 0 0 0 0 0 0 0 0 0 0 0 0 0 0 0 0 0 0 0 0 0 0 0 0 0 0 0 0 0 0 0 0 0 0 0 0 0 0 0 0 0 0 0 0 0 0
0 0 0 0 0 0 0 0 0 0 0 0 0 0 0 0 0 0 0 0 0 0 0 0 0 0 0 0 0 0 0 0 0 0 0 0 0 0 0 0.000111196 0.000309718 0.000796269 0.00189116 0.00415261 0.00844045 0.0159087 0.0278767 0.045589 0.0699743 0.101619 0.14108 0.189336 0.24762 0.316063 0.391594 0.466819 0.531232 0.574789 0.592829 0.590737 0.585893 0.602391 0.655557 0.739665 0.834932 0.921762 0.988626 1.03368 1.06347 1.08939 1.12293 1.17062 1.23002 1.28907 1.32988 1.33539 1.29599 1.21292 1.09732 0.96574 0.834214 0.713585 0.607812 0.515295 0.432267 0.355821 0.285332 0.222001 0.16746 0.122636 0.0872325 0.0601299 0.0399236 0.0253337 0.0152396 0.00862359 0.00450737 0.00223052 0.00102226 0.000422819 0.000167433 0 0 0 0 0 0 0 0 0 0 0 0 0 0 0 0 0 0 0 0 0 0 0 0 0 0 0 0 0 0 0 0 0 0 0 0 0 0 0 0 0 0 0 0 0 0 0 0 0
0 0 0 0 0 0 0 0 0 0 0 0 0 0 0 0 0 0 0 0 0 0 0 0 0 0 0 0 0 0 0 0 0 0 0 0 0 0 0 0.000100675 0.00028023 0.000720256 0.00171068 0.00375809 0.00764712 0.0144419 0.0253868 0.0417138 0.0644542 0.0944197 0.132442 0.179627 0.237008 0.304265 0.377958 0.450831 0.513227 0.556718 0.579124 0.58923 0.607628 0.657437 0.746671 0.862034 0.980611 1.08276 1.15831 1.20773 1.23991 1.2678 1.30286 1.35001 1.40432 1.45158 1.47317 1.45342 1.38568 1.27481 1.13504 0.984871 0.841166 0.714777 0.608938 0.520544 0.44366 0.373172 0.306822 0.245107 0.189838 0.142592 0.103852 0.0731436 0.0495076 0.0319453 0.0194926 0.0111635 0.00594693 0.0029599 0.00136597 0.000582775 0.000226695 8.30223e-05 0 0 0 0 0 0 0 0 0 0 0 0 0 0 0 0 0 0 0 0 0 0 0 0 0 0 0 0 0 0 0 0 0 0 0 0 0 0 0 0 0 0 0 0 0 0 0 0
0 0 0 0 0 0 0 0 0 0 0 0 0 0 0 0 0 0 0 0 0 0 0 0 0 0 0 0 0 0 0 0 0 0 0 0 0 0 0 8.60862e-05 0.000239584 0.000615803 0.00146293 0.00321563 0.00654987 0.0123898 0.0218338 0.0360051 0.055911 0.0824296 0.116484 0.159149 0.211254 0.272224 0.338723 0.404295 0.460938 0.502671 0.530506 0.556738 0.603383 0.689081 0.813483 0.958206 1.09946 1.21854 1.30685 1.36683 1.40918 1.44755 1.49248 1.54642 1.60138 1.64088 1.64605 1.6031 1.50879 1.37159 1.20863 1.04012 0.883536 0.74953 0.640453 0.551735 0.475669 0.405591 0.338339 0.274199 0.215321 0.163837 0.120787 0.0860463 0.0588621 0.0383453 0.0235955 0.0135936 0.00731723 0.00365913 0.00169572 0.000726236 0.000284729 0.00010448 0 0 0 0 0 0 0 0 0 0 0 0 0 0 0 0 0 0 0 0 0 0 0 0 0 0 0 0 0 0 0 0 0 0 0 0 0 0 0 0 0 0 0 0 0 0 0 0
0 0 0 0 0 0 0 0 0 0 0 0 0 0 0 0 0 0 0 0 0 0 0 0 0 0 0 0 0 0 0 0 0 0 0 0 0 0 0 0 0.000191086 0.000491244 0.0011674 0.00256763 0.00523492 0.0099168 0.017513 0.0289689 0.0451734 0.0669592 0.0952147 0.1309 0.174655 0.225832 0.281533 0.336575 0.385099 0.424029 0.457719 0.501131 0.574966 0.691113 0.842803 1.01002 1.17024 1.30635 1.41134 1.48901 1.55087 1.61017 1.67547 1.74589 1.80989 1.84875 1.84348 1.78233 1.66526 1.50395 1.31812 1.12965 0.956998 0.811094 0.693748 0.599152 0.518201 0.443278 0.370865 0.301391 0.237346 0.181183 0.13411 0.0959969 0.066028 0.0432624 0.0267465 0.0155114 0.00838487 0.00420906 0.00195728 0.00084092 0.000331688 0.000121921 0 0 0 0 0 0 0 0 0 0 0 0 0 0 0 0 0 0 0 0 0 0 0 0 0 0 0 0 0 0 0 0 0 0 0 0 0 0 0 0 0 0 0 0 0 0 0 0
0 0 0 0 0 0 0 0 0 0 0 0 0 0 0 0 0 0 0 0 0 0 0 0 0 0 0 0 0 0 0 0 0 0 0 0 0 0 0 0 0.000141251 0.000363221 0.000863518 0.00190046 0.00387831 0.00735718 0.013019 0.021598 0.0338146 0.0503808 0.072073 0.0996894 0.133706 0.173546 0.216957 0.260215 0.299736 0.335308 0.374063 0.431759 0.525199 0.65985 0.826101 1.00541 1.17796 1.32893 1.45275 1.55383 1.64331 1.7328 1.82783 1.92364 2.00502 2.05116 2.04323 1.97128 1.83783 1.65698 1.45048 1.2419 1.05119 0.890167 0.76054 0.65549 0.564826 0.48052 0.399326 0.322199 0.252031 0.191367 0.14119 0.100983 0.0695446 0.0456862 0.0283492 0.0164944 0.00894502 0.00450368 0.00210004 0.000904612 0.000358424 0.00013195 4.48003e-05 0 0 0 0 0 0 0 0 0 0 0 0 0 0 0 0 0 0 0 0 0 0 0 0 0 0 0 0 0 0 0 0 0 0 0 0 0 0 0 0 0 0 0 0 0 0 0
0 0 0 0 0 0 0 0 0 0 0 0 0 0 0 0 0 0 0 0 0 0 0 0 0 0 0 0 0 0 0 0 0 0 0 0 0 0 0 0 9.64719e-05 0.000248148 0.000590216 0.00129978 0.0026551 0.00504391 0.00894411 0.0148819 0.0233954 0.0350423 0.0504447 0.0702233 0.0947267 0.123522 0.15506 0.187029 0.217906 0.249782 0.291356 0.356897 0.458272 0.59686 0.763502 0.943069 1.11946 1.2806 1.42233 1.54895 1.67008 1.79459 1.92428 2.05035 2.15444 2.21424 2.21123 2.13689 1.99537 1.80223 1.58045 1.35523 1.14826 0.972719 0.830351 0.713365 0.610648 0.514229 0.421782 0.335337 0.258411 0.193569 0.141304 0.100373 0.0689034 0.0452346 0.0281009 0.0163793 0.00889988 0.00449033 0.00209799 0.000905489 0.00035997 0.000132676 4.51054e-05 0 0 0 0 0 0 0 0 0 0 0 0 0 0 0 0 0 0 0 0 0 0 0 0 0 0 0 0 0 0 0 0 0 0 0 0 0 0 0 0 0 0 0 0 0 0 0
0 0 0 0 0 0 0 0 0 0 0 0 0 0 0 0 0 0 0 0 0 0 0 0 0 0 0 0 0 0 0 0 0 0 0 0 0 0 0 0 0 0.000156425 0.000372236 0.000820309 0.00167738 0.00319129 0.00567129 0.00946612 0.0149464 0.0225146 0.0326305 0.0457438 0.062108 0.0814567 0.10287 0.125235 0.148578 0.176433 0.217474 0.28298 0.380516 0.510019 0.664713 0.833668 1.00492 1.16957 1.32474 1.47418 1.62519 1.78319 1.94603 2.10144 2.2288 2.3052 2.31268 2.24369 2.10301 1.90657 1.67788 1.4433 1.22631 1.04134 0.890054 0.763489 0.649752 0.541352 0.437423 0.341477 0.257943 0.189447 0.135929 0.0952987 0.0648712 0.0423957 0.026286 0.0153121 0.00832309 0.00420214 0.00196522 0.000849134 0.000338312 0.000124806 4.24715e-05 0 0 0 0 0 0 0 0 0 0 0 0 0 0 0 0 0 0 0 0 0 0 0 0 0 0 0 0 0 0 0 0 0 0 0 0 0 0 0 0 0 0 0 0 0 0 0
0 0 0 0 0 0 0 0 0 0 0 0 0 0 0 0 0 0 0 0 0 0 0 0 0 0 0 0 0 0 0 0 0 0 0 0 0 0 0 0 0 9.09205e-05 0.000216483 0.000477412 0.000977318 0.00186234 0.0033174 0.00555607 0.00881463 0.0133603 0.0194991 0.0275623 0.0377058 0.0498174 0.0634813 0.0784193 0.0956475 0.119147 0.156273 0.215034 0.30018 0.411919 0.546347 0.696543 0.854771 1.01527 1.1765 1.34144 1.51482 1.6985 1.88679 2.06486 2.21112 2.30301 2.32341 2.26528 2.13332 1.94284 1.71713 1.48314 1.26556 1.0796 0.926366 0.795632 0.674959 0.557792 0.445006 0.341741 0.253285 0.18233 0.128339 0.088522 0.0595092 0.0385532 0.0237672 0.0137955 0.00747861 0.00377075 0.00176181 0.000759252 0.000303492 0.000111976 3.81238e-05 0 0 0 0 0 0 0 0 0 0 0 0 0 0 0 0 0 0 0 0 0 0 0 0 0 0 0 0 0 0 0 0 0 0 0 0 0 0 0 0 0 0 0 0 0 0 0
0 0 0 0 0 0 0 0 0 0 0 0 0 0 0 0 0 0 0 0 0 0 0 0 0 0 0 0 0 0 0 0 0 0 0 0 0 0 0 0 0 0 0.000116081 0.000256194 0.00052507 0.00100232 0.00179002 0.00300929 0.00479933 0.00732458 0.0107771 0.015375 0.0212253 0.0283346 0.0365938 0.0462637 0.0587977 0.0778238 0.108822 0.157103 0.226008 0.316451 0.426949 0.554006 0.6935 0.842568 1.00102 1.1712 1.3556 1.55292 1.75484 1.9451 2.10231 2.20507 2.23744 2.19274 2.07501 1.89848 1.68544 1.46259 1.25481 1.07719 0.929895 0.801544 0.67975 0.559262 0.442717 0.336601 0.246707 0.175572 0.122188 0.0833594 0.055461 0.0355938 0.0217655 0.0125486 0.00676766 0.00339527 0.00158119 0.000680658 0.000271831 0.000100367 3.42834e-05 0 0 0 0 0 0 0 0 0 0 0 0 0 0 0 0 0 0 0 0 0 0 0 0 0 0 0 0 0 0 0 0 0 0 0 0 0 0 0 0 0 0 0 0 0 0 0
0 0 0 0 0 0 0 0 0 0 0 0 0 0 0 0 0 0 0 0 0 0 0 0 0 0 0 0 0 0 0 0 0 0 0 0 0 0 0 0 0 0 0 0.000126788 0.000260166 0.000497671 0.000891455 0.00150509 0.00241486 0.00371454 0.00551673 0.00795885 0.0111303 0.01508 0.0199201 0.026177 0.0353445 0.0503026 0.0747791 0.112272 0.165363 0.235454 0.322658 0.425849 0.543681 0.67568 0.822944 0.987618 1.17059 1.36845 1.57116 1.76215 1.92113 2.02845 2.06964 2.03849 1.93831 1.78176 1.5894 1.38652 1.19695 1.03478 0.899204 0.778516 0.661154 0.54338 0.42924 0.325896 0.239045 0.170679 0.119316 0.0816534 0.0543259 0.0347537 0.0211395 0.0121144 0.0064968 0.00324551 0.00150332 0.000645939 0.000258113 9.57585e-05 3.30661e-05 0 0 0 0 0 0 0 0 0 0 0 0 0 0 0 0 0 0 0 0 0 0 0 0 0 0 0 0 0 0 0 0 0 0 0 0 0 0 0 0 0 0 0 0 0 0 0
0 0 0 0 0 0 0 0 0 0 0 0 0 0 0 0 0 0 0 0 0 0 0 0 0 0 0 0 0 0 0 0 0 0 0 0 0 0 0 0 0 0 0 0 0.000119231 0.000228653 0.000411036 0.000697508 0.00112738 0.00175061 0.00262968 0.00384882 0.00550209 0.00766253 0.0105808 0.0149194 0.0220255 0.0340036 0.0533074 0.0823278 0.123082 0.176964 0.24472 0.326491 0.422629 0.534366 0.664037 0.814076 0.98482 1.17182 1.36448 1.54678 1.70001 1.80671 1.85415 1.83673 1.75691 1.62517 1.45919 1.28132 1.11317 0.967683 0.844233 0.732445 0.622488 0.511973 0.405457 0.309813 0.229903 0.166826 0.118681 0.0824208 0.0553606 0.0355645 0.0216427 0.0123823 0.00662509 0.00330324 0.00153233 0.000656039 0.000263812 9.91402e-05 3.50476e-05 0 0 0 0 0 0 0 0 0 0 0 0 0 0 0 0 0 0 0 0 0 0 0 0 0 0 0 0 0 0 0 0 0 0 0 0 0 0 0 0 0 0 0 0 0 0 0
0 0 0 0 0 0 0 0 0 0 0 0 0 0 0 0 0 0 0 0 0 0 0 0 0 0 0 0 0 0 0 0 0 0 0 0 0 0 0 0 0 0 0 0 0 9.85738e-05 0.000178213 0.000304621 0.000496994 0.000780941 0.00118978 0.00179296 0.00267945 0.0039791 0.0060653 0.00968187 0.0159958 0.0265585 0.0431506 0.0675054 0.101048 0.144726 0.199041 0.264274 0.341355 0.432416 0.540855 0.670061 0.820949 0.989441 1.16548 1.33423 1.47899 1.58462 1.64018 1.64047 1.58625 1.48438 1.3478 1.19433 1.04279 0.906378 0.787372 0.679295 0.574932 0.472555 0.375928 0.29039 0.219217 0.162449 0.117959 0.0832739 0.0565379 0.0365468 0.0223065 0.0127784 0.00684245 0.00341678 0.00158933 0.000690425 0.000276992 0.000106519 3.89686e-05 0 0 0 0 0 0 0 0 0 0 0 0 0 0 0 0 0 0 0 0 0 0 0 0 0 0 0 0 0 0 0 0 0 0 0 0 0 0 0 0 0 0 0 0 0 0 0
0 0 0 0 0 0 0 0 0 0 0 0 0 0 0 0 0 0 0 0 0 0 0 0 0 0 0 0 0 0 0 0 0 0 0 0 0 0 0 0 0 0 0 0 0 0 7.77017e-05 0.000134231 0.000221365 0.000351865 0.000542932 0.000896394 0.00148177 0.00253521 0.00453109 0.0082342 0.014778 0.0255145 0.0420008 0.0656001 0.0972166 0.137015 0.184682 0.239752 0.302646 0.375487 0.46237 0.568174 0.695743 0.842936 1.00149 1.15844 1.29926 1.41089 1.4835 1.51091 1.4902 1.42232 1.31362 1.17689 1.02927 0.886671 0.75763 0.642089 0.536229 0.438161 0.349462 0.272767 0.209204 0.157735 0.116256 0.0829406 0.056676 0.0367538 0.0224712 0.0128862 0.00691128 0.00346272 0.00162132 0.000713369 0.000285586 0.00011346 0 0 0 0 0 0 0 0 0 0 0 0 0 0 0 0 0 0 0 0 0 0 0 0 0 0 0 0 0 0 0 0 0 0 0 0 0 0 0 0 0 0 0 0 0 0 0 0
0 0 0 0 0 0 0 0 0 0 0 0 0 0 0 0 0 0 0 0 0 0 0 0 0 0 0 0 0 0 0 0 0 0 0 0 0 0 0 0 0 0 0 0 0 0 0 0 0.000115341 0.0001829 0.000343507 0.000617122 0.00117504 0.00236131 0.00466442 0.00895123 0.0164286 0.0285568 0.0468504 0.0725056 0.105898 0.146459 0.192867 0.243639 0.298222 0.358034 0.427207 0.511972 0.618022 0.746706 0.892935 1.04629 1.19408 1.32414 1.42577 1.48929 1.50581 1.46915 1.37961 1.24679 1.08862 0.925621 0.773702 0.639843 0.523864 0.423444 0.33729 0.26484 0.204996 0.155845 0.11545 0.082511 0.056345 0.0364708 0.0222561 0.0127484 0.00684273 0.00344164 0.0016284 0.000729379 0.000309095 0.00011751 0 0 0 0 0 0 0 0 0 0 0 0 0 0 0 0 0 0 0 0 0 0 0 0 0 0 0 0 0 0 0 0 0 0 0 0 0 0 0 0 0 0 0 0 0 0 0 0
0 0 0 0 0 0 0 0 0 0 0 0 0 0 0 0 0 0 0 0 0 0 0 0 0 0 0 0 0 0 0 0 0 0 0 0 0 0 0 0 0 0 0 0 0 0 0 0 0 0 0.000330992 0.00067763 0.00140553 0.00288126 0.0057745 0.0110106 0.0199518 0.034218 0.0553269 0.084287 0.121052 0.164388 0.212154 0.262172 0.31335 0.366606 0.425676 0.497225 0.589232 0.707065 0.849767 1.00964 1.17484 1.33205 1.46733 1.56576 1.61232 1.59545 1.51224 1.37203 1.19524 1.00712 0.829406 0.674314 0.544369 0.436742 0.347577 0.273652 0.212304 0.161285 0.119002 0.0845231 0.0573176 0.0368437 0.0223633 0.0127677 0.00685375 0.00346953 0.00166498 0.000763819 0.000337342 0.000117609 0 0 0 0 0 0 0 0 0 0 0 0 0 0 0 0 0 0 0 0 0 0 0 0 0 0 0 0 0 0 0 0 0 0 0 0 0 0 0 0 0 0 0 0 0 0 0 0
0 0 0 0 0 0 0 0 0 0 0 0 0 0 0 0 0 0 0 0 0 0 0 0 0 0 0 0 0 0 0 0 0 0 0 0 0 0 0 0 0 0 0 0 0 0 0 0 0 0 0.00042939 0.000927217 0.0019367 0.00391886 0.00761615 0.0141249 0.0249168 0.0416636 0.0658233 0.0981757 0.138272 0.184373 0.23395 0.284808 0.336192 0.389334 0.447606 0.516888 0.605465 0.721349 0.867465 1.03877 1.22343 1.40572 1.56756 1.68933 1.75192 1.74136 1.65451 1.50226 1.30777 1.09962 0.902774 0.731991 0.590784 0.475417 0.380165 0.300316 0.232812 0.175911 0.128664 0.0904698 0.060762 0.038761 0.0233803 0.0133241 0.00718288 0.0036796 0.00180507 0.000853727 0.000390245 0 0 0 0 0 0 0 0 0 0 0 0 0 0 0 0 0 0 0 0 0 0 0 0 0 0 0 0 0 0 0 0 0 0 0 0 0 0 0 0 0 0 0 0 0 0 0 0 0
0 0 0 0 0 0 0 0 0 0 0 0 0 0 0 0 0 0 0 0 0 0 0 0 0 0 0 0 0 0 0 0 0 0 0 0 0 0 0 0 0 0 0 0 0 0 0 0 0 0.000285559 0.000629647 0.00132955 0.00270419 0.00530565 0.00999744 0.0180183 0.0308765 0.0501752 0.0772016 0.112382 0.154937 0.20289 0.253899 0.306534 0.361302 0.420331 0.486455 0.563433 0.657523 0.777085 0.927843 1.10745 1.3045 1.50115 1.67605 1.80645 1.87156 1.85761 1.76314 1.60122 1.39687 1.17972 0.975205 0.798118 0.651433 0.530339 0.428024 0.339552 0.262709 0.197046 0.142616 0.0991755 0.0659751 0.041817 0.0251739 0.0144121 0.00787052 0.00412658 0.00209013 0.00102482 0.000484075 0.00018719 0 0 0 0 0 0 0 0 0 0 0 0 0 0 0 0 0 0 0 0 0 0 0 0 0 0 0 0 0 0 0 0 0 0 0 0 0 0 0 0 0 0 0 0 0 0 0 0
0 0 0 0 0 0 0 0 0 0 0 0 0 0 0 0 0 0 0 0 0 0 0 0 0 0 0 0 0 0 0 0 0 0 0 0 0 0 0 0 0 0 0 0 0 0 0 0 0 0.000398353 0.000867045 0.00179947 0.0035848 0.00687561 0.012651 0.0222381 0.0371932 0.0589644 0.0885426 0.126 0.170281 0.219483 0.271894 0.327464 0.388336 0.457549 0.536863 0.62694 0.73064 0.85483 1.00667 1.18654 1.38446 1.58197 1.75597 1.88253 1.94105 1.91964 1.81931 1.65508 1.45212 1.23865 1.03804 0.863288 0.716235 0.591383 0.481814 0.383409 0.295612 0.219776 0.157183 0.107989 0.0711502 0.044886 0.0270896 0.0157015 0.00877886 0.00476018 0.00250605 0.00127385 0.000589632 0.00026392 0 0 0 0 0 0 0 0 0 0 0 0 0 0 0 0 0 0 0 0 0 0 0 0 0 0 0 0 0 0 0 0 0 0 0 0 0 0 0 0 0 0 0 0 0 0 0 0
0 0 0 0 0 0 0 0 0 0 0 0 0 0 0 0 0 0 0 0 0 0 0 0 0 0 0 0 0 0 0 0 0 0 0 0 0 0 0 0 0 0 0 0 0 0 0 0 0 0.000515854 0.00111112 0.0022739 0.00449418 0.00841904 0.0151713 0.0261738 0.0429768 0.0669575 0.0988769 0.138565 0.184849 0.236047 0.291118 0.351108 0.419388 0.499449 0.591898 0.694684 0.80725 0.934017 1.08203 1.25371 1.44135 1.62767 1.78985 1.9045 1.95261 1.92475 1.82424 1.66682 1.47595 1.27628 1.0875 0.92024 0.775576 0.648179 0.531838 0.423785 0.325304 0.239612 0.169249 0.114777 0.0748568 0.0470463 0.0285686 0.0168715 0.00972889 0.00547935 0.00299373 0.00156792 0.000762923 0.000347912 0 0 0 0 0 0 0 0 0 0 0 0 0 0 0 0 0 0 0 0 0 0 0 0 0 0 0 0 0 0 0 0 0 0 0 0 0 0 0 0 0 0 0 0 0 0 0 0
0 0 0 0 0 0 0 0 0 0 0 0 0 0 0 0 0 0 0 0 0 0 0 0 0 0 0 0 0 0 0 0 0 0 0 0 0 0 0 0 0 0 0 0 0 0 0 0 0 0.00087008 0.00156594 0.00288752 0.00533486 0.00970493 0.0171268 0.0290975 0.0472214 0.072919 0.107005 0.14939 0.199058 0.254465 0.314644 0.38053 0.455463 0.542986 0.643576 0.754136 0.871866 0.998419 1.13917 1.29716 1.46704 1.63419 1.77811 1.87749 1.9156 1.88513 1.79063 1.64689 1.47422 1.29279 1.11842 0.960019 0.818707 0.690011 0.568757 0.453409 0.346727 0.253407 0.177047 0.118626 0.0766106 0.0480029 0.0293915 0.0177384 0.0105593 0.00615388 0.00346192 0.00183952 0.00092387 0.000426395 0 0 0 0 0 0 0 0 0 0 0 0 0 0 0 0 0 0 0 0 0 0 0 0 0 0 0 0 0 0 0 0 0 0 0 0 0 0 0 0 0 0 0 0 0 0 0 0
0 0 0 0 0 0 0 0 0 0 0 0 0 0 0 0 0 0 0 0 0 0 0 0 0 0 0 0 0 0 0 0 0 0 0 0 0 0 0 0 0 0 0 0 0 0 0 0.000581025 0.000907039 0.00148817 0.00231599 0.00372688 0.00625464 0.010718 0.0183032 0.030532 0.0491348 0.0757706 0.111646 0.157175 0.211751 0.273786 0.341433 0.414111 0.493658 0.583383 0.684969 0.796533 0.914841 1.03911 1.17191 1.31521 1.46531 1.61087 1.73503 1.81955 1.84999 1.82023 1.73452 1.60568 1.45054 1.28551 1.12374 0.97333 0.835973 0.708142 0.585456 0.467056 0.356511 0.259352 0.179885 0.119464 0.0765508 0.047856 0.0295517 0.0181672 0.0110963 0.00662987 0.0037937 0.00205535 0.00104091 0.000484099 0 0 0 0 0 0 0 0 0 0 0 0 0 0 0 0 0 0 0 0 0 0 0 0 0 0 0 0 0 0 0 0 0 0 0 0 0 0 0 0 0 0 0 0 0 0 0 0
0 0 0 0 0 0 0 0 0 0 0 0 0 0 0 0 0 0 0 0 0 0 0 0 0 0 0 0 0 0 0 0 0 0 0 0 0 0 0 0 0 0 0 0 0 0.000383016 0.000695945 0.00116958 0.00182197 0.00273386 0.00387682 0.00544279 0.00787033 0.0119757 0.019012 0.0305721 0.0485677 0.0750493 0.111883 0.160262 0.220102 0.289576 0.365463 0.444831 0.52716 0.615028 0.711816 0.81858 0.933517 1.05448 1.18092 1.31253 1.44603 1.57295 1.68012 1.75241 1.77705 1.74811 1.66873 1.54977 1.40588 1.25149 1.09861 0.955045 0.822835 0.698941 0.57922 0.462862 0.353509 0.2569 0.177649 0.117417 0.0748527 0.0466791 0.028938 0.0179925 0.0111582 0.00675686 0.00391658 0.00213711 0.00108713 0.000508052 0 0 0 0 0 0 0 0 0 0 0 0 0 0 0 0 0 0 0 0 0 0 0 0 0 0 0 0 0 0 0 0 0 0 0 0 0 0 0 0 0 0 0 0 0 0 0 0
0 0 0 0 0 0 0 0 0 0 0 0 0 0 0 0 0 0 0 0 0 0 0 0 0 0 0 0 0 0 0 0 0 0 0 0 0 0 0 0 0 0 0 0 0.000363194 0.000714757 0.00129888 0.00218187 0.00339425 0.00495122 0.0067634 0.00882891 0.0113305 0.0148559 0.0206226 0.0304137 0.0464787 0.0713688 0.107679 0.157395 0.220932 0.296227 0.37888 0.463823 0.548119 0.632947 0.722755 0.821671 0.930593 1.04749 1.16948 1.29375 1.41639 1.53049 1.62546 1.68833 1.70725 1.67603 1.59695 1.48012 1.33982 1.19036 1.04346 0.906542 0.781374 0.664703 0.552119 0.44239 0.3387 0.246522 0.17048 0.112458 0.0714176 0.0443374 0.0273923 0.0170612 0.0106204 0.00646769 0.00376458 0.00206031 0.0010415 0.000492244 0 0 0 0 0 0 0 0 0 0 0 0 0 0 0 0 0 0 0 0 0 0 0 0 0 0 0 0 0 0 0 0 0 0 0 0 0 0 0 0 0 0 0 0 0 0 0 0
0 0 0 0 0 0 0 0 0 0 0 0 0 0 0 0 0 0 0 0 0 0 0 0 0 0 0 0 0 0 0 0 0 0 0 0 0 0 0 0 0 0 0 0.000294104 0.000627856 0.00123667 0.00224872 0.00377817 0.00587408 0.00847198 0.0114495 0.0145333 0.0176436 0.0210081 0.0254875 0.0327747 0.0455157 0.0669675 0.100482 0.148711 0.212537 0.289981 0.37615 0.464765 0.55101 0.634225 0.718415 0.809389 0.91075 1.02194 1.1394 1.25863 1.37455 1.48042 1.56661 1.62116 1.63284 1.59552 1.51154 1.39151 1.25056 1.10369 0.962504 0.833572 0.71775 0.611151 0.508853 0.409006 0.314133 0.229184 0.158615 0.104461 0.066021 0.0406561 0.0248617 0.0153456 0.00950002 0.00577085 0.00335698 0.00183757 0.000930723 0.000439991 0 0 0 0 0 0 0 0 0 0 0 0 0 0 0 0 0 0 0 0 0 0 0 0 0 0 0 0 0 0 0 0 0 0 0 0 0 0 0 0 0 0 0 0 0 0 0 0
0 0 0 0 0 0 0 0 0 0 0 0 0 0 0 0 0 0 0 0 0 0 0 0 0 0 0 0 0 0 0 0 0 0 0 0 0 0 0 0 0 0 0.000203348 0.000471343 0.0010077 0.00198761 0.00361869 0.00608552 0.00946459 0.0136411 0.0183115 0.0229987 0.027335 0.0312709 0.0353437 0.0408231 0.0500024 0.0663591 0.0941006 0.136844 0.196268 0.270951 0.356415 0.44622 0.534432 0.618381 0.700051 0.784795 0.877689 0.980325 1.09029 1.20275 1.31168 1.40955 1.48663 1.53157 1.53395 1.48856 1.39858 1.27552 1.13534 0.993339 0.860539 0.742276 0.63824 0.543878 0.453862 0.365855 0.281722 0.205852 0.142408 0.0934799 0.0586507 0.0356774 0.0214569 0.0130123 0.00794397 0.00478499 0.00277176 0.00151443 0.000767467 0.000362695 0 0 0 0 0 0 0 0 0 0 0 0 0 0 0 0 0 0 0 0 0 0 0 0 0 0 0 0 0 0 0 0 0 0 0 0 0 0 0 0 0 0 0 0 0 0 0 0
0 0 0 0 0 0 0 0 0 0 0 0 0 0 0 0 0 0 0 0 0 0 0 0 0 0 0 0 0 0 0 0 0 0 0 0 0 0 0 0 0 0 0.000302522 0.000702608 0.00150519 0.00297501 0.00542727 0.00914361 0.0142413 0.0205403 0.0275261 0.0344397 0.0406044 0.0457863 0.0504777 0.0558132 0.0633658 0.0753305 0.095306 0.128089 0.177395 0.243654 0.323627 0.411466 0.500706 0.586687 0.668484 0.749114 0.833406 0.924678 1.02263 1.12346 1.2208 1.30645 1.37059 1.40277 1.39427 1.34141 1.24846 1.12726 0.993538 0.861839 0.741865 0.637523 0.547468 0.466817 0.390236 0.315192 0.243034 0.177561 0.122553 0.0800049 0.0497049 0.0297647 0.0175151 0.0103653 0.0061971 0.00368193 0.00211706 0.00114703 0.000583775 0 0 0 0 0 0 0 0 0 0 0 0 0 0 0 0 0 0 0 0 0 0 0 0 0 0 0 0 0 0 0 0 0 0 0 0 0 0 0 0 0 0 0 0 0 0 0 0 0
0 0 0 0 0 0 0 0 0 0 0 0 0 0 0 0 0 0 0 0 0 0 0 0 0 0 0 0 0 0 0 0 0 0 0 0 0 0 0 0 0 0.000166228 0.000419643 0.000977211 0.00209933 0.0041615 0.00761463 0.0128678 0.0201002 0.0290659 0.0390103 0.0488339 0.0574863 0.0645788 0.0707536 0.0774232 0.0858422 0.0965554 0.110541 0.13135 0.165011 0.216294 0.285048 0.366637 0.454243 0.541397 0.624196 0.702538 0.779462 0.858605 0.941342 1.02534 1.10488 1.17197 1.2177 1.23355 1.21323 1.15509 1.06403 0.951211 0.830731 0.715126 0.612194 0.524398 0.449769 0.383583 0.320947 0.259447 0.200048 0.145924 0.100325 0.0650309 0.0399369 0.0234955 0.0134872 0.00774951 0.00450933 0.00262895 0.00149556 0.000806765 0.00040956 0 0 0 0 0 0 0 0 0 0 0 0 0 0 0 0 0 0 0 0 0 0 0 0 0 0 0 0 0 0 0 0 0 0 0 0 0 0 0 0 0 0 0 0 0 0 0 0 0
0 0 0 0 0 0 0 0 0 0 0 0 0 0 0 0 0 0 0 0 0 0 0 0 0 0 0 0 0 0 0 0 0 0 0 0 0 0 0 0 7.84131e-05 0.000215284 0.000545242 0.0012741 0.00274741 0.00546843 0.0100508 0.0170667 0.0267965 0.0389583 0.0525735 0.0661444 0.0782031 0.0881181 0.0966667 0.105669 0.116448 0.12847 0.140148 0.15178 0.168329 0.198725 0.249302 0.318747 0.400236 0.485677 0.568674 0.646179 0.718608 0.788162 0.85617 0.921112 0.978364 1.02147 1.0439 1.04034 1.00772 0.946401 0.861418 0.762116 0.659765 0.564016 0.48042 0.410205 0.351202 0.299284 0.250338 0.202287 0.155792 0.113345 0.0775565 0.049886 0.0302721 0.0174643 0.00978373 0.00544062 0.00306423 0.00174329 0.000974132 0.000523889 0.00026503 0 0 0 0 0 0 0 0 0 0 0 0 0 0 0 0 0 0 0 0 0 0 0 0 0 0 0 0 0 0 0 0 0 0 0 0 0 0 0 0 0 0 0 0 0 0 0 0 0
0 0 0 0 0 0 0 0 0 0 0 0 0 0 0 0 0 0 0 0 0 0 0 0 0 0 0 0 0 0 0 0 0 0 0 0 0 0 0 0 9.54326e-05 0.000262953 0.00066857 0.00156934 0.00340123 0.00680897 0.0125972 0.0215507 0.0341241 0.0500843 0.0682979 0.0868859 0.103867 0.11813 0.130234 0.142119 0.15531 0.168936 0.179986 0.186098 0.189164 0.197779 0.224224 0.274575 0.344268 0.424052 0.505555 0.583355 0.65511 0.720297 0.778258 0.826695 0.861645 0.878885 0.875542 0.850702 0.805236 0.741643 0.664546 0.580777 0.498049 0.422723 0.358119 0.304466 0.259737 0.22067 0.184125 0.148442 0.114039 0.0826894 0.056293 0.0359346 0.0215598 0.012228 0.00667909 0.00359049 0.00194868 0.00107212 0.000590042 0.000314212 0 0 0 0 0 0 0 0 0 0 0 0 0 0 0 0 0 0 0 0 0 0 0 0 0 0 0 0 0 0 0 0 0 0 0 0 0 0 0 0 0 0 0 0 0 0 0 0 0 0
0 0 0 0 0 0 0 0 0 0 0 0 0 0 0 0 0 0 0 0 0 0 0 0 0 0 0 0 0 0 0 0 0 0 0 0 0 0 0 3.70748e-05 0.000111042 0.000307025 0.000784324 0.00185116 0.0040388 0.0081496 0.0152194 0.0263235 0.0422127 0.0628573 0.0871056 0.112733 0.137064 0.158062 0.175358 0.190324 0.204557 0.217651 0.226619 0.228 0.221338 0.212398 0.214099 0.239937 0.292153 0.362277 0.44036 0.519047 0.593487 0.660015 0.714801 0.75329 0.771086 0.765752 0.738205 0.692494 0.633966 0.5676 0.497627 0.428135 0.363132 0.305725 0.257192 0.217047 0.18361 0.154643 0.128004 0.102513 0.0783171 0.0564863 0.0382307 0.0242198 0.0143378 0.00803164 0.00428556 0.00222917 0.00115939 0.00061722 0.000331452 0.000174185 0 0 0 0 0 0 0 0 0 0 0 0 0 0 0 0 0 0 0 0 0 0 0 0 0 0 0 0 0 0 0 0 0 0 0 0 0 0 0 0 0 0 0 0 0 0 0 0 0 0
0 0 0 0 0 0 0 0 0 0 0 0 0 0 0 0 0 0 0 0 0 0 0 0 0 0 0 0 0 0 0 0 0 0 0 0 0 0 0 4.21914e-05 0.000126521 0.000350809 0.000900075 0.002137 0.00469872 0.00957385 0.0180912 0.0317296 0.0517043 0.0783804 0.110731 0.146173 0.181047 0.211777 0.236219 0.254347 0.267476 0.276248 0.279198 0.273579 0.258123 0.236126 0.217692 0.218449 0.249116 0.306061 0.378732 0.457954 0.53666 0.608285 0.665669 0.701492 0.710076 0.689799 0.644411 0.582111 0.512475 0.443153 0.378404 0.319964 0.26853 0.22438 0.187137 0.155865 0.129397 0.106519 0.086147 0.0676655 0.0509162 0.0362976 0.0243273 0.015188 0.00894619 0.0049415 0.00258399 0.00129888 0.000650836 0.000332379 0.00017304 0 0 0 0 0 0 0 0 0 0 0 0 0 0 0 0 0 0 0 0 0 0 0 0 0 0 0 0 0 0 0 0 0 0 0 0 0 0 0 0 0 0 0 0 0 0 0 0 0 0 0
0 0 0 0 0 0 0 0 0 0 0 0 0 0 0 0 0 0 0 0 0 0 0 0 0 0 0 0 0 0 0 0 0 0 0 0 0 0 0 4.86049e-05 0.000145525 0.00040365 0.00103778 0.00247501 0.005479 0.0112671 0.0215385 0.0382969 0.0633805 0.0977037 0.14044 0.188539 0.237025 0.280231 0.313578 0.335019 0.345174 0.345854 0.338139 0.321662 0.296003 0.263184 0.230124 0.210046 0.218307 0.259353 0.32444 0.402693 0.484956 0.562211 0.624566 0.662301 0.668445 0.641591 0.587206 0.516167 0.440924 0.371061 0.310904 0.26043 0.217908 0.181702 0.15049 0.123247 0.0992729 0.0783022 0.0602611 0.0450997 0.0325794 0.022502 0.0147364 0.00904036 0.0052452 0.00285282 0.00145981 0.000713607 0.000344076 0.000168004 0 0 0 0 0 0 0 0 0 0 0 0 0 0 0 0 0 0 0 0 0 0 0 0 0 0 0 0 0 0 0 0 0 0 0 0 0 0 0 0 0 0 0 0 0 0 0 0 0 0 0 0
0 0 0 0 0 0 0 0 0 0 0 0 0 0 0 0 0 0 0 0 0 0 0 0 0 0 0 0 0 0 0 0 0 0 0 0 0 0 0 5.75949e-05 0.000171613 0.000474527 0.0012185 0.00290844 0.00645927 0.0133559 0.0257249 0.0461718 0.077231 0.120415 0.175071 0.237567 0.301385 0.35849 0.401607 0.426435 0.43264 0.423033 0.401466 0.370897 0.333088 0.290002 0.246145 0.210986 0.199505 0.223273 0.278526 0.353361 0.436526 0.517071 0.583232 0.623741 0.630834 0.603265 0.547462 0.475695 0.401665 0.335478 0.280868 0.236412 0.199119 0.166648 0.13765 0.111309 0.0873461 0.0659986 0.0479256 0.0334089 0.0224056 0.0144539 0.00887813 0.00526149 0.0029541 0.00156269 0.000782285 0.000368037 0.000171436 0 0 0 0 0 0 0 0 0 0 0 0 0 0 0 0 0 0 0 0 0 0 0 0 0 0 0 0 0 0 0 0 0 0 0 0 0 0 0 0 0 0 0 0 0 0 0 0 0 0 0 0 0
0 0 0 0 0 0 0 0 0 0 0 0 0 0 0 0 0 0 0 0 0 0 0 0 0 0 0 0 0 0 0 0 0 0 0 0 0 0 0 6.89436e-05 0.000204218 0.000561835 0.00143697 0.00342111 0.00759008 0.0157049 0.0303175 0.054609 0.0917642 0.143818 0.21022 0.2867 0.365224 0.435502 0.487741 0.51554 0.517655 0.497629 0.46176 0.416322 0.365793 0.31294 0.260792 0.215461 0.188968 0.196167 0.239746 0.308303 0.388647 0.468444 0.535016 0.576557 0.585181 0.559912 0.507611 0.440861 0.373267 0.314181 0.266148 0.226769 0.192756 0.162056 0.133726 0.107365 0.0830187 0.0612559 0.0428705 0.0283665 0.0177638 0.0105069 0.00597849 0.0032569 0.00170373 0.000853335 0.000408285 0.000178053 0 0 0 0 0 0 0 0 0 0 0 0 0 0 0 0 0 0 0 0 0 0 0 0 0 0 0 0 0 0 0 0 0 0 0 0 0 0 0 0 0 0 0 0 0 0 0 0 0 0 0 0 0 0
0 0 0 0 0 0 0 0 0 0 0 0 0 0 0 0 0 0 0 0 0 0 0 0 0 0 0 0 0 0 0 0 0 0 0 0 0 0 2.53503e-05 8.05618e-05 0.000237406 0.000649847 0.00165413 0.00392129 0.00866893 0.017889 0.0344754 0.0620511 0.104278 0.163545 0.239312 0.326763 0.416642 0.496909 0.55584 0.585461 0.583807 0.554961 0.507028 0.448922 0.387534 0.326725 0.268758 0.217284 0.180994 0.17446 0.205639 0.265265 0.338912 0.413515 0.47645 0.516321 0.525765 0.504148 0.458289 0.400197 0.342315 0.292463 0.251875 0.217698 0.186936 0.158051 0.130536 0.104371 0.0799849 0.0582088 0.039937 0.0257104 0.0154743 0.00875079 0.00465162 0.00233573 0.00111526 0.000509761 0.00022429 5.05591e-05 0 0 0 0 0 0 0 0 0 0 0 0 0 0 0 0 0 0 0 0 0 0 0 0 0 0 0 0 0 0 0 0 0 0 0 0 0 0 0 0 0 0 0 0 0 0 0 0 0 0 0 0 0 0
0 0 0 0 0 0 0 0 0 0 0 0 0 0 0 0 0 0 0 0 0 0 0 0 0 0 0 0 0 0 0 0 0 0 0 0 0 0 2.82503e-05 8.94563e-05 0.000262585 0.000715761 0.00181386 0.00428079 0.00942254 0.0193653 0.0371863 0.0667281 0.111865 0.175121 0.255904 0.349043 0.444615 0.529631 0.591339 0.620928 0.616056 0.581107 0.525257 0.45902 0.390898 0.325627 0.265101 0.211339 0.170232 0.154156 0.173674 0.222539 0.286246 0.351838 0.407612 0.443351 0.452687 0.435364 0.397729 0.350489 0.304241 0.26497 0.232818 0.204899 0.178603 0.152703 0.126876 0.101436 0.0772641 0.0555943 0.0375239 0.0237036 0.0139723 0.00767627 0.00393169 0.00188061 0.00084288 0.000320158 0.000120681 4.24495e-05 0 0 0 0 0 0 0 0 0 0 0 0 0 0 0 0 0 0 0 0 0 0 0 0 0 0 0 0 0 0 0 0 0 0 0 0 0 0 0 0 0 0 0 0 0 0 0 0 0 0 0 0 0 0
0 0 0 0 0 0 0 0 0 0 0 0 0 0 0 0 0 0 0 0 0 0 0 0 0 0 0 0 0 0 0 0 0 0 0 0 0 0 2.94298e-05 9.30175e-05 0.000272306 0.000739705 0.00186781 0.00439091 0.00962519 0.0196996 0.0376747 0.0673475 0.112516 0.175613 0.255954 0.348317 0.442761 0.5263 0.586196 0.613599 0.60616 0.568339 0.509579 0.440912 0.371445 0.306302 0.24716 0.194995 0.153572 0.132456 0.142333 0.179793 0.231562 0.285663 0.331942 0.361917 0.370481 0.357702 0.329126 0.293708 0.259873 0.231826 0.209004 0.188632 0.168314 0.146734 0.123511 0.0992592 0.0753967 0.0537687 0.0358309 0.0222399 0.0128432 0.00689355 0.00343886 0.00157808 0.000676438 0.000269246 9.95969e-05 3.43191e-05 0 0 0 0 0 0 0 0 0 0 0 0 0 0 0 0 0 0 0 0 0 0 0 0 0 0 0 0 0 0 0 0 0 0 0 0 0 0 0 0 0 0 0 0 0 0 0 0 0 0 0 0 0 0
0 0 0 0 0 0 0 0 0 0 0 0 0 0 0 0 0 0 0 0 0 0 0 0 0 0 0 0 0 0 0 0 0 0 0 0 0 0 0 8.99598e-05 0.00026285 0.0007123 0.00179363 0.00420353 0.00918342 0.0187278 0.0356841 0.0635559 0.105808 0.164597 0.239163 0.324532 0.411387 0.48764 0.541476 0.564795 0.555512 0.517971 0.461164 0.395639 0.330199 0.269807 0.21593 0.168873 0.130852 0.108701 0.111617 0.138313 0.177675 0.219425 0.255361 0.278929 0.286347 0.277945 0.258278 0.234377 0.212521 0.195427 0.182111 0.169921 0.156371 0.139801 0.119708 0.0970446 0.0738217 0.0523916 0.0345737 0.0211692 0.0120132 0.00631978 0.00308106 0.00139237 0.000583443 0.00022685 8.18946e-05 2.75023e-05 0 0 0 0 0 0 0 0 0 0 0 0 0 0 0 0 0 0 0 0 0 0 0 0 0 0 0 0 0 0 0 0 0 0 0 0 0 0 0 0 0 0 0 0 0 0 0 0 0 0 0 0 0 0
0 0 0 0 0 0 0 0 0 0 0 0 0 0 0 0 0 0 0 0 0 0 0 0 0 0 0 0 0 0 0 0 0 0 0 0 0 0 0 8.07682e-05 0.000235537 0.00063728 0.00160168 0.00374541 0.00816242 0.016601 0.0315409 0.0560083 0.0929583 0.144164 0.208834 0.282506 0.35698 0.421733 0.466574 0.484628 0.474331 0.439677 0.388697 0.330718 0.273527 0.221503 0.175828 0.1364 0.104339 0.0841521 0.082842 0.100409 0.128314 0.158395 0.184474 0.201862 0.208006 0.203384 0.191534 0.177652 0.166141 0.158606 0.153813 0.149139 0.141875 0.130071 0.113241 0.0926277 0.070675 0.0500821 0.0328746 0.0199733 0.0112204 0.00582742 0.00279842 0.00124289 0.000510789 0.000194357 6.85229e-05 2.241e-05 0 0 0 0 0 0 0 0 0 0 0 0 0 0 0 0 0 0 0 0 0 0 0 0 0 0 0 0 0 0 0 0 0 0 0 0 0 0 0 0 0 0 0 0 0 0 0 0 0 0 0 0 0 0
0 0 0 0 0 0 0 0 0 0 0 0 0 0 0 0 0 0 0 0 0 0 0 0 0 0 0 0 0 0 0 0 0 0 0 0 0 0 0 6.72592e-05 0.000195914 0.000529437 0.00132886 0.00310334 0.00675334 0.0137126 0.026005 0.0460836 0.0763147 0.118061 0.170554 0.230032 0.289705 0.340962 0.375592 0.388185 0.377742 0.34779 0.30506 0.257257 0.210732 0.169042 0.133028 0.102371 0.077449 0.0609656 0.0577442 0.0683384 0.0867368 0.106931 0.124609 0.136666 0.141551 0.139799 0.134013 0.127825 0.124151 0.123795 0.125393 0.126341 0.123844 0.115936 0.102266 0.0842576 0.0644894 0.0457077 0.0299462 0.0181267 0.0101292 0.00522486 0.00248783 0.00109374 0.000444067 0.000166573 5.77541e-05 0 0 0 0 0 0 0 0 0 0 0 0 0 0 0 0 0 0 0 0 0 0 0 0 0 0 0 0 0 0 0 0 0 0 0 0 0 0 0 0 0 0 0 0 0 0 0 0 0 0 0 0 0 0 0
0 0 0 0 0 0 0 0 0 0 0 0 0 0 0 0 0 0 0 0 0 0 0 0 0 0 0 0 0 0 0 0 0 0 0 0 0 0 0 5.19691e-05 0.000151277 0.000408498 0.00102464 0.00239151 0.00520138 0.0105549 0.0200018 0.0354111 0.058565 0.0904485 0.130384 0.17538 0.220143 0.258051 0.282879 0.29068 0.280942 0.256632 0.223072 0.186218 0.150903 0.119774 0.0933687 0.0712378 0.0533554 0.0411425 0.0376107 0.043416 0.0546732 0.0672946 0.0784856 0.0863606 0.0900897 0.0901932 0.0884891 0.0873819 0.0886896 0.0926799 0.0979659 0.102105 0.10252 0.0974763 0.0867895 0.0718782 0.0551465 0.0391179 0.0256159 0.0154825 0.00863178 0.00443847 0.002105 0.000920828 0.000371605 0.000138355 4.75406e-05 0 0 0 0 0 0 0 0 0 0 0 0 0 0 0 0 0 0 0 0 0 0 0 0 0 0 0 0 0 0 0 0 0 0 0 0 0 0 0 0 0 0 0 0 0 0 0 0 0 0 0 0 0 0 0
0 0 0 0 0 0 0 0 0 0 0 0 0 0 0 0 0 0 0 0 0 0 0 0 0 0 0 0 0 0 0 0 0 0 0 0 0 0 0 3.7322e-05 0.000108533 0.000292963 0.000734714 0.00171493 0.00373075 0.00757314 0.014355 0.0254148 0.0420183 0.0648378 0.0933268 0.125253 0.156732 0.182968 0.199536 0.203725 0.195387 0.176864 0.152134 0.125519 0.100457 0.0787689 0.0607442 0.0459208 0.0340457 0.025789 0.0228153 0.0256795 0.0320631 0.039404 0.0460263 0.0508908 0.0536219 0.0546691 0.0552385 0.0568374 0.0605246 0.0662492 0.0727363 0.0779063 0.0796296 0.0765438 0.0685879 0.0570025 0.0438129 0.031101 0.0203668 0.0123037 0.00685311 0.00351931 0.00166621 0.000727281 0.000292698 0.00010861 3.71662e-05 0 0 0 0 0 0 0 0 0 0 0 0 0 0 0 0 0 0 0 0 0 0 0 0 0 0 0 0 0 0 0 0 0 0 0 0 0 0 0 0 0 0 0 0 0 0 0 0 0 0 0 0 0 0 0
0 0 0 0 0 0 0 0 0 0 0 0 0 0 0 0 0 0 0 0 0 0 0 0 0 0 0 0 0 0 0 0 0 0 0 0 0 0 0 0 7.24575e-05 0.000195491 0.000490339 0.00114507 0.00249316 0.00506615 0.00961305 0.0170339 0.0281749 0.0434718 0.0625192 0.0837605 0.104523 0.12154 0.13185 0.133713 0.127173 0.113961 0.0968741 0.0788619 0.0622112 0.0480948 0.0366281 0.027406 0.0201168 0.0149725 0.0128601 0.0141136 0.0174686 0.0214468 0.0251206 0.0279753 0.0298885 0.0312041 0.0326774 0.0352093 0.0393618 0.0449442 0.050914 0.0556745 0.0576338 0.055814 0.050228 0.0418427 0.0322008 0.0228649 0.0149801 0.00904825 0.00503822 0.00258594 0.00122344 0.000533537 0.000214468 7.94668e-05 2.71416e-05 0 0 0 0 0 0 0 0 0 0 0 0 0 0 0 0 0 0 0 0 0 0 0 0 0 0 0 0 0 0 0 0 0 0 0 0 0 0 0 0 0 0 0 0 0 0 0 0 0 0 0 0 0 0 0
0 0 0 0 0 0 0 0 0 0 0 0 0 0 0 0 0 0 0 0 0 0 0 0 0 0 0 0 0 0 0 0 0 0 0 0 0 0 0 0 4.50616e-05 0.000121505 0.000304846 0.000712383 0.00155283 0.00315998 0.00600522 0.0106557 0.0176427 0.0272331 0.0391525 0.0523891 0.0652237 0.0755714 0.0815686 0.0821687 0.0774803 0.0686963 0.0576505 0.0462359 0.035879 0.0272834 0.0204767 0.0151404 0.0109976 0.00806399 0.00672267 0.00718029 0.00883485 0.0108473 0.012766 0.0143656 0.0156402 0.0168227 0.0183608 0.0207581 0.0242923 0.0287525 0.0333784 0.0370559 0.0387059 0.0376749 0.0340009 0.0283661 0.0218505 0.0155224 0.0101711 0.00614354 0.00342044 0.00175525 0.00083019 0.000361905 0.000145407 5.38458e-05 0 0 0 0 0 0 0 0 0 0 0 0 0 0 0 0 0 0 0 0 0 0 0 0 0 0 0 0 0 0 0 0 0 0 0 0 0 0 0 0 0 0 0 0 0 0 0 0 0 0 0 0 0 0 0 0
0 0 0 0 0 0 0 0 0 0 0 0 0 0 0 0 0 0 0 0 0 0 0 0 0 0 0 0 0 0 0 0 0 0 0 0 0 0 0 0 0 7.04299e-05 0.000176692 0.000413145 0.000901557 0.00183736 0.00349749 0.00621583 0.0103046 0.0159172 0.0228843 0.0305947 0.0380176 0.0439116 0.0471794 0.0472278 0.0441634 0.0387406 0.0320822 0.0253209 0.0192936 0.0143951 0.0106202 0.00774447 0.00556141 0.00401897 0.00325803 0.00340464 0.00414178 0.00509162 0.00605167 0.00691066 0.00770973 0.00859155 0.00980506 0.011616 0.0141514 0.0172433 0.0203912 0.022889 0.024054 0.0234984 0.0212436 0.0177453 0.0136715 0.00971919 0.00636922 0.00384727 0.00214196 0.00109908 0.000519779 0.000226551 9.10067e-05 3.36947e-05 0 0 0 0 0 0 0 0 0 0 0 0 0 0 0 0 0 0 0 0 0 0 0 0 0 0 0 0 0 0 0 0 0 0 0 0 0 0 0 0 0 0 0 0 0 0 0 0 0 0 0 0 0 0 0 0
0 0 0 0 0 0 0 0 0 0 0 0 0 0 0 0 0 0 0 0 0 0 0 0 0 0 0 0 0 0 0 0 0 0 0 0 0 0 0 0 0 3.80903e-05 9.54952e-05 0.000223387 0.000487845 0.000995412 0.00189759 0.00337728 0.00560559 0.00866551 0.0124605 0.0166489 0.0206565 0.0237962 0.0254651 0.0253476 0.0235217 0.0204249 0.0166943 0.0129612 0.00968481 0.00707428 0.00511323 0.00367007 0.00260179 0.00185338 0.00146551 0.00149789 0.0018099 0.00223422 0.00267742 0.00312089 0.00358724 0.00416318 0.00496888 0.00614278 0.00773968 0.00964792 0.011569 0.0130889 0.0138158 0.0135286 0.012247 0.0102306 0.00789079 0.00561052 0.00367705 0.00222117 0.00123661 0.000634532 0.000300064 0.00013078 5.25162e-05 0 0 0 0 0 0 0 0 0 0 0 0 0 0 0 0 0 0 0 0 0 0 0 0 0 0 0 0 0 0 0 0 0 0 0 0 0 0 0 0 0 0 0 0 0 0 0 0 0 0 0 0 0 0 0 0 0
0 0 0 0 0 0 0 0 0 0 0 0 0 0 0 0 0 0 0 0 0 0 0 0 0 0 0 0 0 0 0 0 0 0 0 0 0 0 0 0 0 0 4.81508e-05 0.000112589 0.000245925 0.000502128 0.00095811 0.00170703 0.00283592 0.00438667 0.00630863 0.00842534 0.0104406 0.0120012 0.0127997 0.0126785 0.011686 0.0100544 0.00811761 0.00620208 0.00454223 0.00324237 0.00229057 0.00160903 0.00112639 0.000790633 0.000610508 0.000611683 0.000735754 0.000915153 0.00111451 0.00133221 0.00158417 0.00191235 0.00238013 0.00305318 0.00395523 0.00501872 0.00608024 0.00691588 0.00732549 0.00718333 0.00650311 0.00544188 0.00419819 0.00298532 0.00195665 0.00118195 0.000658035 0.000337643 0.000159667 6.95876e-05 2.79507e-05 0 0 0 0 0 0 0 0 0 0 0 0 0 0 0 0 0 0 0 0 0 0 0 0 0 0 0 0 0 0 0 0 0 0 0 0 0 0 0 0 0 0 0 0 0 0 0 0 0 0 0 0 0 0 0 0 0
0 0 0 0 0 0 0 0 0 0 0 0 0 0 0 0 0 0 0 0 0 0 0 0 0 0 0 0 0 0 0 0 0 0 0 0 0 0 0 0 0 0 0 5.28562e-05 0.000115417 0.000235636 0.000449732 0.000801604 0.00133238 0.00206158 0.0029648 0.0039577 0.00489945 0.00562168 0.00597908 0.00589842 0.0054053 0.00461354 0.00368405 0.00277291 0.0019912 0.0013877 0.000955717 0.000656534 0.000446983 0.000312034 0.000235466 0.000225229 0.000278795 0.000349322 0.000436719 0.000537653 0.000662583 0.000831633 0.00107406 0.00142151 0.00188215 0.00242077 0.00295233 0.00337587 0.00358184 0.00351136 0.00318799 0.00266843 0.00205884 0.00146415 0.000959669 0.000579735 0.000322767 0.000165615 7.83186e-05 3.41334e-05 0 0 0 0 0 0 0 0 0 0 0 0 0 0 0 0 0 0 0 0 0 0 0 0 0 0 0 0 0 0 0 0 0 0 0 0 0 0 0 0 0 0 0 0 0 0 0 0 0 0 0 0 0 0 0 0 0 0
0 0 0 0 0 0 0 0 0 0 0 0 0 0 0 0 0 0 0 0 0 0 0 0 0 0 0 0 0 0 0 0 0 0 0 0 0 0 0 0 0 0 0 0 5.03687e-05 0.000102771 0.000196042 0.000349339 0.000580571 0.000898249 0.00129148 0.00172309 0.00213102 0.00244159 0.00259092 0.00254752 0.00232342 0.00196966 0.00155803 0.00115711 0.000815759 0.000555057 0.000371967 0.00024905 0.000166268 0.000108915 7.84216e-05 7.831e-05 9.60021e-05 0.000125862 0.000161625 0.000205181 0.000262087 0.000340654 0.00045444 0.000617074 0.000831491 0.00107775 0.00132276 0.00151918 0.00161048 0.00158633 0.00144062 0.00120603 0.000930586 0.000661833 0.000433818 0.000262067 0.000145905 7.48672e-05 3.54047e-05 0 0 0 0 0 0 0 0 0 0 0 0 0 0 0 0 0 0 0 0 0 0 0 0 0 0 0 0 0 0 0 0 0 0 0 0 0 0 0 0 0 0 0 0 0 0 0 0 0 0 0 0 0 0 0 0 0 0 0
0 0 0 0 0 0 0 0 0 0 0 0 0 0 0 0 0 0 0 0 0 0 0 0 0 0 0 0 0 0 0 0 0 0 0 0 0 0 0 0 0 0 0 0 0 4.16006e-05 7.92817e-05 0.000141137 0.000234388 0.000362423 0.000520793 0.000694426 0.000858062 0.00098176 0.00103994 0.00101978 0.0009265 0.000781135 0.000612885 0.00044994 0.000312063 0.000207524 0.000135188 8.79253e-05 5.73464e-05 3.69319e-05 0 1.72175e-05 2.25977e-05 4.27803e-05 5.64462e-05 7.41996e-05 9.78012e-05 0.000130976 0.000179511 0.000248995 0.000337867 0.000442915 0.000548613 0.000627413 0.000670467 0.000660619 0.000600025 0.000502377 0.000387679 0.000275724 0.000180725 0.000109181 6.07876e-05 3.11916e-05 0 0 0 0 0 0 0 0 0 0 0 0 0 0 0 0 0 0 0 0 0 0 0 0 0 0 0 0 0 0 0 0 0 0 0 0 0 0 0 0 0 0 0 0 0 0 0 0 0 0 0 0 0 0 0 0 0 0 0 0
0 0 0 0 0 0 0 0 0 0 0 0 0 0 0 0 0 0 0 0 0 0 0 0 0 0 0 0 0 0 0 0 0 0 0 0 0 0 0 0 0 0 0 0 0 0 0 5.28151e-05 8.75944e-05 0.000135302 0.000194257 0.000258789 0.000319468 0.00036514 0.000386115 0.00037786 0.000342245 0.000287276 0.000223961 0.00016283 0.000111217 7.23897e-05 4.59421e-05 2.88688e-05 1.83551e-05 0 0 0 0 8.28574e-06 1.7872e-05 2.46216e-05 3.37268e-05 4.70594e-05 6.59957e-05 9.00699e-05 0.000126977 0.000165202 0.000207546 0.000240654 0.000257287 0.000253575 0.000230358 0.00019288 0.000148844 0.000105859 6.93925e-05 4.19212e-05 2.33403e-05 0 0 0 0 0 0 0 0 0 0 0 0 0 0 0 0 0 0 0 0 0 0 0 0 0 0 0 0 0 0 0 0 0 0 0 0 0 0 0 0 0 0 0 0 0 0 0 0 0 0 0 0 0 0 0 0 0 0 0 0 0
0 0 0 0 0 0 0 0 0 0 0 0 0 0 0 0 0 0 0 0 0 0 0 0 0 0 0 0 0 0 0 0 0 0 0 0 0 0 0 0 0 0 0 0 0 0 0 0 0 4.67023e-05 6.69717e-05 8.91281e-05 0.000109918 0.000125482 0.000132508 0.000129399 0.000116858 9.78393e-05 7.58875e-05 5.47538e-05 3.69673e-05 2.34657e-05 1.43886e-05 0 0 0 0 0 0 0 5.01575e-06 7.82379e-06 1.05493e-05 1.36933e-05 2.09855e-05 2.89548e-05 4.27767e-05 5.83352e-05 7.33815e-05 8.51183e-05 9.10195e-05 8.97103e-05 8.14924e-05 6.82425e-05 5.26673e-05 3.74602e-05 2.45555e-05 1.48345e-05 0 0 0 0 0 0 0 0 0 0 0 0 0 0 0 0 0 0 0 0 0 0 0 0 0 0 0 0 0 0 0 0 0 0 0 0 0 0 0 0 0 0 0 0 0 0 0 0 0 0 0 0 0 0 0 0 0 0 0 0 0 0
0 0 0 0 0 0 0 0 0 0 0 0 0 0 0 0 0 0 0 0 0 0 0 0 0 0 0 0 0 0 0 0 0 0 0 0 0 0 0 0 0 0 0 0 0 0 0 0 0 0 0 2.83501e-05 3.4925e-05 3.98284e-05 4.20104e-05 4.09673e-05 3.69296e-05 3.07807e-05 2.36291e-05 1.68571e-05 0 0 0 0 0 0 0 0 0 0 0 8.5573e-07 1.75894e-06 3.33209e-06 5.81733e-06 9.36017e-06 1.38799e-05 1.89687e-05 2.38912e-05 2.7732e-05 2.9667e-05 2.92496e-05 2.6577e-05 2.22557e-05 1.7176e-05 1.22167e-05 0 0 0 0 0 0 0 0 0 0 0 0 0 0 0 0 0 0 0 0 0 0 0 0 0 0 0 0 0 0 0 0 0 0 0 0 0 0 0 0 0 0 0 0 0 0 0 0 0 0 0 0 0 0 0 0 0 0 0 0 0 0 0 0
0 0 0 0 0 0 0 0 0 0 0 0 0 0 0 0 0 0 0 0 0 0 0 0 0 0 0 0 0 0 0 0 0 0 0 0 0 0 0 0 0 0 0 0 0 0 0 0 0 0 0 0 0 0 0 0 0 0 0 0 0 0 0 0 0 0 0 0 0 0 0 0 0 1.00149e-06 1.74846e-06 2.81329e-06 4.17173e-06 5.70127e-06 7.18073e-06 8.33517e-06 8.91674e-06 8.79126e-06 7.98801e-06 0 0 0 0 0 0 0 0 0 0 0 0 0 0 0 0 0 0 0 0 0 0 0 0 0 0 0 0 0 0 0 0 0 0 0 0 0 0 0 0 0 0 0 0 0 0 0 0 0 0 0 0 0 0 0 0 0 0 0 0 0 0 0 0 0 0 0
0 0 0 0 0 0 0 0 0 0 0 0 0 0 0 0 0 0 0 0 0 0 0 0 0 0 0 0 0 0 0 0 0 0 0 0 0 0 0 0 0 0 0 0 0 0 0 0 0 0 0 0 0 0 0 0 0 0 0 0 0 0 0 0 0 0 0 0 0 0 0 0 0 0 0 0 0 0 0 0 0 0 0 0 0 0 0 0 0 0 0 0 0 0 0 0 0 0 0 0 0 0 0 0 0 0 0 0 0 0 0 0 0 0 0 0 0 0 0 0 0 0 0 0 0 0 0 0 0 0 0 0 0 0 0 0 0 0 0 0 0 0 0 0 0 0 0 0 0 0
0 0 0 0 0 0 0 0 0 0 0 0 0 0 0 0 0 0 0 0 0 0 0 0 0 0 0 0 0 0 0 0 0 0 0 0 0 0 0 0 0 0 0 0 0 0 0 0 0 0 0 0 0 0 0 0 0 0 0 0 0 0 0 0 0 0 0 0 0 0 0 0 0 0 0 0 0 0 0 0 0 0 0 0 0 0 0 0 0 0 0 0 0 0 0 0 0 0 0 0 0 0 0 0 0 0 0 0 0 0 0 0 0 0 0 0 0 0 0 0 0 0 0 0 0 0 0 0 0 0 0 0 0 0 0 0 0 0 0 0 0 0 0 0 0 0 0 0 0 0
0 0 0 0 0 0 0 0 0 0 0 0 0 0 0 0 0 0 0 0 0 0 0 0 0 0 0 0 0 0 0 0 0 0 0 0 0 0 0 0 0 0 0 0 0 0 0 0 0 0 0 0 0 0 0 0 0 0 0 0 0 0 0 0 0 0 0 0 0 0 0 0 0 0 0 0 0 0 0 0 0 0 0 0 0 0 0 0 0 0 0 0 0 0 0 0 0 0 0 0 0 0 0 0 0 0 0 0 0 0 0 0 0 0 0 0 0 0 0 0 0 0 0 0 0 0 0 0 0 0 0 0 0 0 0 0 0 0 0 0 0 0 0 0 0 0 0 0 0 0
0 0 0 0 0 0 0 0 0 0 0 0 0 0 0 0 0 0 0 0 0 0 0 0 0 0 0 0 0 0 0 0 0 0 0 0 0 0 0 0 0 0 0 0 0 0 0 0 0 0 0 0 0 0 0 0 0 0 0 0 0 0 0 0 0 0 0 0 0 0 0 0 0 0 0 0 0 0 0 0 0 0 0 0 0 0 0 0 0 0 0 0 0 0 0 0 0 0 0 0 0 0 0 0 0 0 0 0 0 0 0 0 0 0 0 0 0 0 0 0 0 0 0 0 0 0 0 0 0 0 0 0 0 0 0 0 0 0 0 0 0 0 0 0 0 0 0 0 0 0
0 0 0 0 0 0 0 0 0 0 0 0 0 0 0 0 0 0 0 0 0 0 0 0 0 0 0 0 0 0 0 0 0 0 0 0 0 0 0 0 0 0 0 0 0 0 0 0 0 0 0 0 0 0 0 0 0 0 0 0 0 0 0 0 0 0 0 0 0 0 0 0 0 0 0 0 0 0 0 0 0 0 0 0 0 0 0 0 0 0 0 0 0 0 0 0 0 0 0 0 0 0 0 0 0 0 0 0 0 0 0 0 0 0 0 0 0 0 0 0 0 0 0 0 0 0 0 0 0 0 0 0 0 0 0 0 0 0 0 0 0 0 0 0 0 0 0 0 0 0
0 0 0 0 0 0 0 0 0 0 0 0 0 0 0 0 0 0 0 0 0 0 0 0 0 0 0 0 0 0 0 0 0 0 0 0 0 0 0 0 0 0 0 0 0 0 0 0 0 0 0 0 0 0 0 0 0 0 0 0 0 0 0 0 0 0 0 0 0 0 0 0 0 0 0 0 0 0 0 0 0 0 0 0 0 0 0 0 0 0 0 0 0 0 0 0 0 0 0 0 0 0 0 0 0 0 0 0 0 0 0 0 0 0 0 0 0 0 0 0 0 0 0 0 0 0 0 0 0 0 0 0 0 0 0 0 0 0 0 0 0 0 0 0 0 0 0 0 0 0
0 0 0 0 0 0 0 0 0 0 0 0 0 0 0 0 0 0 0 0 0 0 0 0 0 0 0 0 0 0 0 0 0 0 0 0 0 0 0 0 0 0 0 0 0 0 0 0 0 0 0 0 0 0 0 0 0 0 0 0 0 0 0 0 0 0 0 0 0 0 0 0 0 0 0 0 0 0 0 0 0 0 0 0 0 0 0 0 0 0 0 0 0 0 0 0 0 0 0 0 0 0 0 0 0 0 0 0 0 0 0 0 0 0 0 0 0 0 0 0 0 0 0 0 0 0 0 0 0 0 0 0 0 0 0 0 0 0 0 0 0 0 0 0 0 0 0 0 0 0
0 0 0 0 0 0 0 0 0 0 0 0 0 0 0 0 0 0 0 0 0 0 0 0 0 0 0 0 0 0 0 0 0 0 0 0 0 0 0 0 0 0 0 0 0 0 0 0 0 0 0 0 0 0 0 0 0 0 0 0 0 0 0 0 0 0 0 0 0 0 0 0 0 0 0 0 0 0 0 0 0 0 0 0 0 0 0 0 0 0 0 0 0 0 0 0 0 0 0 0 0 0 0 0 0 0 0 0 0 0 0 0 0 0 0 0 0 0 0 0 0 0 0 0 0 0 0 0 0 0 0 0 0 0 0 0 0 0 0 0 0 0 0 0 0 0 0 0 0 0
0 0 0 0 0 0 0 0 0 0 0 0 0 0 0 0 0 0 0 0 0 0 0 0 0 0 0 0 0 0 0 0 0 0 0 0 0 0 0 0 0 0 0 0 0 0 0 0 0 0 0 0 0 0 0 0 0 0 0 0 0 0 0 0 0 0 0 0 0 0 0 0 0 0 0 0 0 0 0 0 0 0 0 0 0 0 0 0 0 0 0 0 0 0 0 0 0 0 0 0 0 0 0 0 0 0 0 0 0 0 0 0 0 0 0 0 0 0 0 0 0 0 0 0 0 0 0 0 0 0 0 0 0 0 0 0 0 0 0 0 0 0 0 0 0 0 0 0 0 0
0 0 0 0 0 0 0 0 0 0 0 0 0 0 0 0 0 0 0 0 0 0 0 0 0 0 0 0 0 0 0 0 0 0 0 0 0 0 0 0 0 0 0 0 0 0 0 0 0 0 0 0 0 0 0 0 0 0 0 0 0 0 0 0 0 0 0 0 0 0 0 0 0 0 0 0 0 0 0 0 0 0 0 0 0 0 0 0 0 0 0 0 0 0 0 0 0 0 0 0 0 0 0 0 0 0 0 0 0 0 0 0 0 0 0 0 0 0 0 0 0 0 0 0 0 0 0 0 0 0 0 0 0 0 0 0 0 0 0 0 0 0 0 0 0 0 0 0 0 0
0 0 0 0 0 0 0 0 0 0 0 0 0 0 0 0 0 0 0 0 0 0 0 0 0 0 0 0 0 0 0 0 0 0 0 0 0 0 0 0 0 0 0 0 0 0 0 0 0 0 0 0 0 0 0 0 0 0 0 0 0 0 0 0 0 0 0 0 0 0 0 0 0 0 0 0 0 0 0 0 0 0 0 0 0 0 0 0 0 0 0 0 0 0 0 0 0 0 0 0 0 0 0 0 0 0 0 0 0 0 0 0 0 0 0 0 0 0 0 0 0 0 0 0 0 0 0 0 0 0 0 0 0 0 0 0 0 0 0 0 0 0 0 0 0 0 0 0 0 0
0 0 0 0 0 0 0 0 0 0 0 0 0 0 0 0 0 0 0 0 0 0 0 0 0 0 0 0 0 0 0 0 0 0 0 0 0 0 0 0 0 0 0 0 0 0 0 0 0 0 0 0 0 0 0 0 0 0 0 0 0 0 0 0 0 0 0 0 0 0 0 0 0 0 0 0 0 0 0 0 0 0 0 0 0 0 0 0 0 0 0 0 0 0 0 0 0 0 0 0 0 0 0 0 0 0 0 0 0 0 0 0 0 0 0 0 0 0 0 0 0 0 0 0 0 0 0 0 0 0 0 0 0 0 0 0 0 0 0 0 0 0 0 0 0 0 0 0 0 0
0 0 0 0 0 0 0 0 0 0 0 0 0 0 0 0 0 0 0 0 0 0 0 0 0 0 0 0 0 0 0 0 0 0 0 0 0 0 0 0 0 0 0 0 0 0 0 0 0 0 0 0 0 0 0 0 0 0 0 0 0 0 0 0 0 0 0 0 0 0 0 0 0 0 0 0 0 0 0 0 0 0 0 0 0 0 0 0 0 0 0 0 0 0 0 0 0 0 0 0 0 0 0 0 0 0 0 0 0 0 0 0 0 0 0 0 0 0 0 0 0 0 0 0 0 0 0 0 0 0 0 0 0 0 0 0 0 0 0 0 0 0 0 0 0 0 0 0 0 0
0 0 0 0 0 0 0 0 0 0 0 0 0 0 0 0 0 0 0 0 0 0 0 0 0 0 0 0 0 0 0 0 0 0 0 0 0 0 0 0 0 0 0 0 0 0 0 0 0 0 0 0 0 0 0 0 0 0 0 0 0 0 0 0 0 0 0 0 0 0 0 0 0 0 0 0 0 0 0 0 0 0 0 0 0 0 0 0 0 0 0 0 0 0 0 0 0 0 0 0 0 0 0 0 0 0 0 0 0 0 0 0 0 0 0 0 0 0 0 0 0 0 0 0 0 0 0 0 0 0 0 0 0 0 0 0 0 0 0 0 0 0 0 0 0 0 0 0 0 0
0 0 0 0 0 0 0 0 0 0 0 0 0 0 0 0 0 0 0 0 0 0 0 0 0 0 0 0 0 0 0 0 0 0 0 0 0 0 0 0 0 0 0 0 0 0 0 0 0 0 0 0 0 0 0 0 0 0 0 0 0 0 0 0 0 0 0 0 0 0 0 0 0 0 0 0 0 0 0 0 0 0 0 0 0 0 0 0 0 0 0 0 0 0 0 0 0 0 0 0 0 0 0 0 0 0 0 0 0 0 0 0 0 0 0 0 0 0 0 0 0 0 0 0 0 0 0 0 0 0 0 0 0 0 0 0 0 0 0 0 0 0 0 0 0 0 0 0 0 0
0 0 0 0 0 0 0 0 0 0 0 0 0 0 0 0 0 0 0 0 0 0 0 0 0 0 0 0 0 0 0 0 0 0 0 0 0 0 0 0 0 0 0 0 0 0 0 0 0 0 0 0 0 0 0 0 0 0 0 0 0 0 0 0 0 0 0 0 0 0 0 0 0 0 0 0 0 0 0 0 0 0 0 0 0 0 0 0 0 0 0 0 0 0 0 0 0 0 0 0 0 0 0 0 0 0 0 0 0 0 0 0 0 0 0 0 0 0 0 0 0 0 0 0 0 0 0 0 0 0 0 0 0 0 0 0 0 0 0 0 0 0 0 0 0 0 0 0 0 0
0 0 0 0 0 0 0 0 0 0 0 0 0 0 0 0 0 0 0 0 0 0 0 0 0 0 0 0 0 0 0 0 0 0 0 0 0 0 0 0 0 0 0 0 0 0 0 0 0 0 0 0 0 0 0 0 0 0 0 0 0 0 0 0 0 0 0 0 0 0 0 0 0 0 0 0 0 0 0 0 0 0 0 0 0 0 0 0 0 0 0 0 0 0 0 0 0 0 0 0 0 0 0 0 0 0 0 0 0 0 0 0 0 0 0 0 0 0 0 0 0 0 0 0 0 0 0 0 0 0 0 0 0 0 0 0 0 0 0 0 0 0 0 0 0 0 0 0 0 0
0 0 0 0 0 0 0 0 0 0 0 0 0 0 0 0 0 0 0 0 0 0 0 0 0 0 0 0 0 0 0 0 0 0 0 0 0 0 0 0 0 0 0 0 0 0 0 0 0 0 0 0 0 0 0 0 0 0 0 0 0 0 0 0 0 0 0 0 0 0 0 0 0 0 0 0 0 0 0 0 0 0 0 0 0 0 0 0 0 0 0 0 0 0 0 0 0 0 0 0 0 0 0 0 0 0 0 0 0 0 0 0 0 0 0 0 0 0 0 0 0 0 0 0 0 0 0 0 0 0 0 0 0 0 0 0 0 0 0 0 0 0 0 0 0 0 0 0 0 0
0 0 0 0 0 0 0 0 0 0 0 0 0 0 0 0 0 0 0 0 0 0 0 0 0 0 0 0 0 0 0 0 0 0 0 0 0 0 0 0 0 0 0 0 0 0 0 0 0 0 0 0 0 0 0 0 0 0 0 0 0 0 0 0 0 0 0 0 0 0 0 0 0 0 0 0 0 0 0 0 0 0 0 0 0 0 0 0 0 0 0 0 0 0 0 0 0 0 0 0 0 0 0 0 0 0 0 0 0 0 0 0 0 0 0 0 0 0 0 0 0 0 0 0 0 0 0 0 0 0 0 0 0 0 0 0 0 0 0 0 0 0 0 0 0 0 0 0 0 0
0 0 0 0 0 0 0 0 0 0 0 0 0 0 0 0 0 0 0 0 0 0 0 0 0 0 0 0 0 0 0 0 0 0 0 0 0 0 0 0 0 0 0 0 0 0 0 0 0 0 0 0 0 0 0 0 0 0 0 0 0 0 0 0 0 0 0 0 0 0 0 0 0 0 0 0 0 0 0 0 0 0 0 0 0 0 0 0 0 0 0 0 0 0 0 0 0 0 0 0 0 0 0 0 0 0 0 0 0 0 0 0 0 0 0 0 0 0 0 0 0 0 0 0 0 0 0 0 0 0 0 0 0 0 0 0 0 0 0 0 0 0 0 0 0 0 0 0 0 0
0 0 0 0 0 0 0 0 0 0 0 0 0 0 0 0 0 0 0 0 0 0 0 0 0 0 0 0 0 0 0 0 0 0 0 0 0 0 0 0 0 0 0 0 0 0 0 0 0 0 0 0 0 0 0 0 0 0 0 0 0 0 0 0 0 0 0 0 0 0 0 0 0 0 0 0 0 0 0 0 0 0 0 0 0 0 0 0 0 0 0 0 0 0 0 0 0 0 0 0 0 0 0 0 0 0 0 0 0 0 0 0 0 0 0 0 0 0 0 0 0 0 0 0 0 0 0 0 0 0 0 0 0 0 0 0 0 0 0 0 0 0 0 0 0 0 0 0 0 0
0 0 0 0 0 0 0 0 0 0 0 0 0 0 0 0 0 0 0 0 0 0 0 0 0 0 0 0 0 0 0 0 0 0 0 0 0 0 0 0 0 0 0 0 0 0 0 0 0 0 0 0 0 0 0 0 0 0 0 0 0 0 0 0 0 0 0 0 0 0 0 0 0 0 0 0 0 0 0 0 0 0 0 0 0 0 0 0 0 0 0 0 0 0 0 0 0 0 0 0 0 0 0 0 0 0 0 0 0 0 0 0 0 0 0 0 0 0 0 0 0 0 0 0 0 0 0 0 0 0 0 0 0 0 0 0 0 0 0 0 0 0 0 0 0 0 0 0 0 0
0 0 0 0 0 0 0 0 0 0 0 0 0 0 0 0 0 0 0 0 0 0 0 0 0 0 0 0 0 0 0 0 0 0 0 0 0 0 0 0 0 0 0 0 0 0 0 0 0 0 0 0 0 0 0 0 0 0 0 0 0 0 0 0 0 0 0 0 0 0 0 0 0 0 0 0 0 0 0 0 0 0 0 0 0 0 0 0 0 0 0 0 0 0 0 0 0 0 0 0 0 0 0 0 0 0 0 0 0 0 0 0 0 0 0 0 0 0 0 0 0 0 0 0 0 0 0 0 0 0 0 0 0 0 0 0 0 0 0 0 0 0 0 0 0 0 0 0 0 0
0 0 0 0 0 0 0 0 0 0 0 0 0 0 0 0 0 0 0 0 0 0 0 0 0 0 0 0 0 0 0 0 0 0 0 0 0 0 0 0 0 0 0 0 0 0 0 0 0 0 0 0 0 0 0 0 0 0 0 0 0 0 0 0 0 0 0 0 0 0 0 0 0 0 0 0 0 0 0 0 0 0 0 0 0 0 0 0 0 0 0 0 0 0 0 0 0 0 0 0 0 0 0 0 0 0 0 0 0 0 0 0 0 0 0 0 0 0 0 0 0 0 0 0 0 0 0 0 0 0 0 0 0 0 0 0 0 0 0 0 0 0 0 0 0 0 0 0 0 0
0 0 0 0 0 0 0 0 0 0 0 0 0 0 0 0 0 0 0 0 0 0 0 0 0 0 0 0 0 0 0 0 0 0 0 0 0 0 0 0 0 0 0 0 0 0 0 0 0 0 0 0 0 0 0 0 0 0 0 0 0 0 0 0 0 0 0 0 0 0 0 0 0 0 0 0 0 0 0 0 0 0 0 0 0 0 0 0 0 0 0 0 0 0 0 0 0 0 0 0 0 0 0 0 0 0 0 0 0 0 0 0 0 0 0 0 0 0 0 0 0 0 0 0 0 0 0 0 0 0 0 0 0 0 0 0 0 0 0 0 0 0 0 0 0 0 0 0 0 0
0 0 0 0 0 0 0 0 0 0 0 0 0 0 0 0 0 0 0 0 0 0 0 0 0 0 0 0 0 0 0 0 0 0 0 0 0 0 0 0 0 0 0 0 0 0 0 0 0 0 0 0 0 0 0 0 0 0 0 0 0 0 0 0 0 0 0 0 0 0 0 0 0 0 0 0 0 0 0 0 0 0 0 0 0 0 0 0 0 0 0 0 0 0 0 0 0 0 0 0 0 0 0 0 0 0 0 0 0 0 0 0 0 0 0 0 0 0 0 0 0 0 0 0 0 0 0 0 0 0 0 0 0 0 0 0 0 0 0 0 0 0 0 0 0 0 0 0 0 0
0 0 0 0 0 0 0 0 0 0 0 0 0 0 0 0 0 0 0 0 0 0 0 0 0 0 0 0 0 0 0 0 0 0 0 0 0 0 0 0 0 0 0 0 0 0 0 0 0 0 0 0 0 0 0 0 0 0 0 0 0 0 0 0 0 0 0 0 0 0 0 0 0 0 0 0 0 0 0 0 0 0 0 0 0 0 0 0 0 0 0 0 0 0 0 0 0 0 0 0 0 0 0 0 0 0 0 0 0 0 0 0 0 0 0 0 0 0 0 0 0 0 0 0 0 0 0 0 0 0 0 0 0 0 0 0 0 0 0 0 0 0 0 0 0 0 0 0 0 0
0 0 0 0 0 0 0 0 0 0 0 0 0 0 0 0 0 0 0 0 0 0 0 0 0 0 0 0 0 0 0 0 0 0 0 0 0 0 0 0 0 0 0 0 0 0 0 0 0 0 0 0 0 0 0 0 0 0 0 0 0 0 0 0 0 0 0 0 0 0 0 0 0 0 0 0 0 0 0 0 0 0 0 0 0 0 0 0 0 0 0 0 0 0 0 0 0 0 0 0 0 0 0 0 0 0 0 0 0 0 0 0 0 0 0 0 0 0 0 0 0 0 0 0 0 0 0 0 0 0 0 0 0 0 0 0 0 0 0 0 0 0 0 0 0 0 0 0 0 0
0 0 0 0 0 0 0 0 0 0 0 0 0 0 0 0 0 0 0 0 0 0 0 0 0 0 0 0 0 0 0 0 0 0 0 0 0 0 0 0 0 0 0 0 0 0 0 0 0 0 0 0 0 0 0 0 0 0 0 0 0 0 0 0 0 0 0 0 0 0 0 0 0 0 0 0 0 0 0 0 0 0 0 0 0 0 0 0 0 0 0 0 0 0 0 0 0 0 0 0 0 0 0 0 0 0 0 0 0 0 0 0 0 0 0 0 0 0 0 0 0 0 0 0 0 0 0 0 0 0 0 0 0 0 0 0 0 0 0 0 0 0 0 0 0 0 0 0 0 0
0 0 0 0 0 0 0 0 0 0 0 0 0 0 0 0 0 0 0 0 0 0 0 0 0 0 0 0 0 0 0 0 0 0 0 0 0 0 0 0 0 0 0 0 0 0 0 0 0 0 0 0 0 0 0 0 0 0 0 0 0 0 0 0 0 0 0 0 0 0 0 0 0 0 0 0 0 0 0 0 0 0 0 0 0 0 0 0 0 0 0 0 0 0 0 0 0 0 0 0 0 0 0 0 0 0 0 0 0 0 0 0 0 0 0 0 0 0 0 0 0 0 0 0 0 0 0 0 0 0 0 0 0 0 0 0 0 0 0 0 0 0 0 0 0 0 0 0 0 0
0 0 0 0 0 0 0 0 0 0 0 0 0 0 0 0 0 0 0 0 0 0 0 0 0 0 0 0 0 0 0 0 0 0 0 0 0 0 0 0 0 0 0 0 0 0 0 0 0 0 0 0 0 0 0 0 0 0 0 0 0 0 0 0 0 0 0 0 0 0 0 0 0 0 0 0 0 0 0 0 0 0 0 0 0 0 0 0 0 0 0 0 0 0 0 0 0 0 0 0 0 0 0 0 0 0 0 0 0 0 0 0 0 0 0 0 0 0 0 0 0 0 0 0 0 0 0 0 0 0 0 0 0 0 0 0 0 0 0 0 0 0 0 0 0 0 0 0 0 0
