0 0 0 0 0 0 0 0 0 0 0 0 0 0 0 0 0 0 0 0 0 0 0 0 0 0 0 0 0 0 0 0 0 0 0 0 0 0 0 0 0 0 0 0 0 0 0 0 0 0 0 0 0 0 0 0 0 0 0 0 0 0 0 0 0 0 0 0 0 0 0 0 0 0 0 0 0 0 0 0 0 0 0 0 0 0 0 0 0 0 0 0 0 0 0 0 0 0 0 0 0 0 0 0 0 0 0 0 0 0 0 0 0 0 0 0 0 0 0 0 0 0 0 0 0 0 0 0 0 0 0 0 0 0 0 0 0 0 0 0 0 0 0 0 0 0 0 0 0 0
0 0 0 0 0 0 0 0 0 0 0 0 0 0 0 0 0 0 0 0 0 0 0 0 0 0 0 0 0 0 0 0 0 0 0 0 0 0 0 0 0 0 0 0 0 0 0 0 0 0 0 0 0 0 0 0 0 0 0 0 0 0 0 0 0 0 0 0 0 0 0 0 0 0 0 0 0 0 0 0 0 0 0 0 0 0 0 0 0 0 0 0 0 0 0 0 0 0 0 0 0 0 0 0 0 0 0 0 0 0 0 0 0 0 0 0 0 0 0 0 0 0 0 0 0 0 0 0 0 0 0 0 0 0 0 0 0 0 0 0 0 0 0 0 0 0 0 0 0 0
0 0 0 0 0 0 0 0 0 0 0 0 0 0 0 0 0 0 0 0 0 0 0 0 0 0 0 0 0 0 0 0 0 0 0 0 0 0 0 0 0 0 0 0 0 0 0 0 0 0 0 0 0 0 0 0 0 0 0 0 0 0 0 0 0 0 0 0 0 0 0 0 0 0 0 0 0 0 0 0 0 0 0 0 0 0 0 0 0 0 0 0 0 0 0 0 0 0 0 0 0 0 0 0 0 0 0 0 0 0 0 0 0 0 0 0 0 0 0 0 0 0 0 0 0 0 0 0 0 0 0 0 0 0 0 0 0 0 0 0 0 0 0 0 0 0 0 0 0 0
0 0 0 0 0 0 0 0 0 0 0 0 0 0 0 0 0 0 0 0 0 0 0 0 0 0 0 0 0 0 0 0 0 0 0 0 0 0 0 0 0 0 0 0 0 0 0 0 0 0 0 0 0 0 0 0 0 0 0 0 0 0 0 0 0 0 0 0 0 0 0 0 0 0 0 0 0 0 0 0 0 0 0 0 0 0 0 0 0 0 0 0 0 0 0 0 0 0 0 0 0 0 0 0 0 0 0 0 0 0 0 0 0 0 0 0 0 0 0 0 0 0 0 0 0 0 0 0 0 0 0 0 0 0 0 0 0 0 0 0 0 0 0 0 0 0 0 0 0 0
0 0 0 0 0 0 0 0 0 0 0 0 0 0 0 0 0 0 0 0 0 0 0 0 0 0 0 0 0 0 0 0 0 0 0 0 0 0 0 0 0 0 0 0 0 0 0 0 0 0 0 0 0 0 0 0 0 0 0 0 0 0 0 0 0 0 0 0 0 0 0 0 0 0 0 0 0 0 0 0 0 0 0 0 0 0 0 0 0 0 0 0 0 0 0 0 0 0 0 0 0 0 0 0 0 0 0 0 0 0 0 0 0 0 0 0 0 0 0 0 0 0 0 0 0 0 0 0 0 0 0 0 0 0 0 0 0 0 0 0 0 0 0 0 0 0 0 0 0 0
0 0 0 0 0 0 0 0 0 0 0 0 0 0 0 0 0 0 0 0 0 0 0 0 0 0 0 0 0 0 0 0 0 0 0 0 0 0 0 0 0 0 0 0 0 0 0 0 0 0 0 0 0 0 0 0 0 0 0 0 0 0 0 0 0 0 0 0 0 0 0 0 0 0 0 0 0 0 0 0 0 0 0 0 0 0 0 0 0 0 0 0 0 0 0 0 0 0 0 0 0 0 0 0 0 0 0 0 0 0 0 0 0 0 0 0 0 0 0 0 0 0 0 0 0 0 0 0 0 0 0 0 0 0 0 0 0 0 0 0 0 0 0 0 0 0 0 0 0 0
0 0 0 0 0 0 0 0 0 0 0 0 0 0 0 0 0 0 0 0 0 0 0 0 0 0 0 0 0 0 0 0 0 0 0 0 0 0 0 0 0 0 0 0 0 0 0 0 0 0 0 0 0 0 0 0 0 0 0 0 0 0 0 0 0 0 0 0 0 0 0 0 0 0 0 0 0 0 0 0 0 0 0 0 0 0 0 0 0 0 0 0 0 0 0 0 0 0 0 0 0 0 0 0 0 0 0 0 0 0 0 0 0 0 0 0 0 0 0 0 0 0 0 0 0 0 0 0 0 0 0 0 0 0 0 0 0 0 0 0 0 0 0 0 0 0 0 0 0 0
0 0 0 0 0 0 0 0 0 0 0 0 0 0 0 0 0 0 0 0 0 0 0 0 0 0 0 0 0 0 0 0 0 0 0 0 0 0 0 0 0 0 0 0 0 0 0 0 0 0 0 0 0 0 0 0 0 0 0 0 0 0 0 0 0 0 0 0 0 0 0 0 0 0 0 0 0 0 0 0 0 0 0 0 0 0 0 0 0 0 0 0 0 0 0 0 0 0 0 0 0 0 0 0 0 0 0 0 0 0 0 0 0 0 0 0 0 0 0 0 0 0 0 0 0 0 0 0 0 0 0 0 0 0 0 0 0 0 0 0 0 0 0 0 0 0 0 0 0 0
0 0 0 0 0 0 0 0 0 0 0 0 0 0 0 0 0 0 0 0 0 0 0 0 0 0 0 0 0 0 0 0 0 0 0 0 0 0 0 0 0 0 0 0 0 0 0 0 0 0 0 0 0 0 0 0 0 0 0 0 0 0 0 0 0 0 0 0 0 0 0 0 0 0 0 0 0 0 0 0 0 0 0 0 0 0 0 0 0 0 0 0 0 0 0 0 0 0 0 0 0 0 0 0 0 0 0 0 0 0 0 0 0 0 0 0 0 0 0 0 0 0 0 0 0 0 0 0 0 0 0 0 0 0 0 0 0 0 0 0 0 0 0 0 0 0 0 0 0 0
0 0 0 0 0 0 0 0 0 0 0 0 0 0 0 0 0 0 0 0 0 0 0 0 0 0 0 0 0 0 0 0 0 0 0 0 0 0 0 0 0 0 0 0 0 0 0 0 0 0 0 0 0 0 0 0 0 0 0 0 0 0 0 0 0 0 0 0 0 0 0 0 0 0 0 0 0 0 0 0 0 0 0 0 0 0 0 0 0 0 0 0 0 0 0 0 0 0 0 0 0 0 0 0 0 0 0 0 0 0 0 0 0 0 0 0 0 0 0 0 0 0 0 0 0 0 0 0 0 0 0 0 0 0 0 0 0 0 0 0 0 0 0 0 0 0 0 0 0 0
0 0 0 0 0 0 0 0 0 0 0 0 0 0 0 0 0 0 0 0 0 0 0 0 0 0 0 0 0 0 0 0 0 0 0 0 0 0 0 0 0 0 0 0 0 0 0 0 0 0 0 0 0 0 0 0 0 0 0 0 0 0 0 0 0 0 0 0 0 0 0 0 0 0 0 0 0 0 0 0 0 0 0 0 0 0 0 0 0 0 0 0 0 0 0 0 0 0 0 0 0 0 0 0 0 0 0 0 0 0 0 0 0 0 0 0 0 0 0 0 0 0 0 0 0 0 0 0 0 0 0 0 0 0 0 0 0 0 0 0 0 0 0 0 0 0 0 0 0 0
0 0 0 0 0 0 0 0 0 0 0 0 0 0 0 0 0 0 0 0 0 0 0 0 0 0 0 0 0 0 0 0 0 0 0 0 0 0 0 0 0 0 0 0 0 0 0 0 0 0 0 0 0 0 0 0 0 0 0 0 0 0 0 0 0 0 0 0 0 0 0 0 0 0 0 0 0 0 0 0 0 0 0 0 0 0 0 0 0 0 0 0 0 0 0 0 0 0 0 0 0 0 0 0 0 0 0 0 0 0 0 0 0 0 0 0 0 0 0 0 0 0 0 0 0 0 0 0 0 0 0 0 0 0 0 0 0 0 0 0 0 0 0 0 0 0 0 0 0 0
0 0 0 0 0 0 0 0 0 0 0 0 0 0 0 0 0 0 0 0 0 0 0 0 0 0 0 0 0 0 0 0 0 0 0 0 0 0 0 0 0 0 0 0 0 0 0 0 0 0 0 0 0 0 0 0 0 0 0 0 0 0 0 0 0 0 0 0 0 0 0 0 0 0 0 0 0 0 0 0 0 0 0 0 0 0 0 0 0 0 0 0 0 0 0 0 0 0 0 0 0 0 0 0 0 0 0 0 0 0 0 0 0 0 0 0 0 0 0 0 0 0 0 0 0 0 0 0 0 0 0 0 0 0 0 0 0 0 0 0 0 0 0 0 0 0 0 0 0 0
0 0 0 0 0 0 0 0 0 0 0 0 0 0 0 0 0 0 0 0 0 0 0 0 0 0 0 0 0 0 0 0 0 0 0 0 0 0 0 0 0 0 0 0 0 0 0 0 0 0 0 0 0 0 0 0 0 0 0 0 0 0 0 0 0 0 0 0 0 0 0 0 0 0 0 0 0 0 0 0 0 0 0 0 0 0 0 0 0 0 0 0 0 0 0 0 0 0 0 0 0 0 0 0 0 0 0 0 0 0 0 0 0 0 0 0 0 0 0 0 0 0 0 0 0 0 0 0 0 0 0 0 0 0 0 0 0 0 0 0 0 0 0 0 0 0 0 0 0 0
0 0 0 0 0 0 0 0 0 0 0 0 0 0 0 0 0 0 0 0 0 0 0 0 0 0 0 0 0 0 0 0 0 0 0 0 0 0 0 0 0 0 0 0 0 0 0 0 0 0 0 0 0 0 0 0 0 0 0 0 0 0 0 0 0 0 0 0 0 0 0 0 0 0 0 0 0 0 0 0 0 0 0 0 0 0 0 0 0 0 0 0 0 0 0 0 0 0 0 0 0 0 0 0 0 0 0 0 0 0 0 0 0 0 0 0 0 0 0 0 0 0 0 0 0 0 0 0 0 0 0 0 0 0 0 0 0 0 0 0 0 0 0 0 0 0 0 0 0 0
0 0 0 0 0 0 0 0 0 0 0 0 0 0 0 0 0 0 0 0 0 0 0 0 0 0 0 0 0 0 0 0 0 0 0 0 0 0 0 0 0 0 0 0 0 0 0 0 0 0 0 0 0 0 0 0 0 0 0 0 0 0 0 0 0 0 0 0 0 0 0 0 0 0 0 0 0 0 0 0 0 0 0 0 0 0 0 0 0 0 0 0 0 0 0 0 0 0 0 0 0 0 0 0 0 0 0 0 0 0 0 0 0 0 0 0 0 0 0 0 0 0 0 0 0 0 0 0 0 0 0 0 0 0 0 0 0 0 0 0 0 0 0 0 0 0 0 0 0 0
0 0 0 0 0 0 0 0 0 0 0 0 0 0 0 0 0 0 0 0 0 0 0 0 0 0 0 0 0 0 0 0 0 0 0 0 0 0 0 0 0 0 0 0 0 0 0 0 0 0 0 0 0 0 0 0 0 0 0 0 0 0 0 0 0 0 0 0 0 0 0 0 0 0 0 0 0 0 0 0 0 0 0 0 0 0 0 0 0 0 0 0 0 0 0 0 0 0 0 0 0 0 0 0 0 0 0 0 0 0 0 0 0 0 0 0 0 0 0 0 0 0 0 0 0 0 0 0 0 0 0 0 0 0 0 0 0 0 0 0 0 0 0 0 0 0 0 0 0 0
0 0 0 0 0 0 0 0 0 0 0 0 0 0 0 0 0 0 0 0 0 0 0 0 0 0 0 0 0 0 0 0 0 0 0 0 0 0 0 0 0 0 0 0 0 0 0 0 0 0 0 0 0 0 0 0 0 0 0 0 0 0 0 0 0 0 0 0 0 0 0 0 0 0 0 0 0 0 0 0 0 0 0 0 0 0 0 0 0 0 0 0 0 0 0 0 0 0 0 0 0 0 0 0 0 0 0 0 0 0 0 0 0 0 0 0 0 0 0 0 0 0 0 0 0 0 0 0 0 0 0 0 0 0 0 0 0 0 0 0 0 0 0 0 0 0 0 0 0 0
0 0 0 0 0 0 0 0 0 0 0 0 0 0 0 0 0 0 0 0 0 0 0 0 0 0 0 0 0 0 0 0 0 0 0 0 0 0 0 0 0 0 0 0 0 0 0 0 0 0 0 0 0 0 0 0 0 0 0 0 0 0 0 0 0 0 0 0 0 0 0 0 0 0 0 0 0 0 0 0 0 0 0 0 0 0 0 0 0 0 0 0 0 0 0 0 0 0 0 0 0 0 0 0 0 0 0 0 0 0 0 0 0 0 0 0 0 0 0 0 0 0 0 0 0 0 0 0 0 0 0 0 0 0 0 0 0 0 0 0 0 0 0 0 0 0 0 0 0 0
0 0 0 0 0 0 0 0 0 0 0 0 0 0 0 0 0 0 0 0 0 0 0 0 0 0 0 0 0 0 0 0 0 0 0 0 0 0 0 0 0 0 0 0 0 0 0 0 0 0 0 0 0 0 0 0 0 0 0 0 0 0 0 0 0 0 0 0 0 0 0 0 0 0 0 0 0 0 0 0 0 0 0 0 0 0 0 0 0 0 0 0 0 0 0 0 0 0 0 0 0 0 0 0 0 0 0 0 0 0 0 0 0 0 0 0 0 0 0 0 0 0 0 0 0 0 0 0 0 0 0 0 0 0 0 0 0 0 0 0 0 0 0 0 0 0 0 0 0 0
0 0 0 0 0 0 0 0 0 0 0 0 0 0 0 0 0 0 0 0 0 0 0 0 0 0 0 0 0 0 0 0 0 0 0 0 0 0 0 0 0 0 0 0 0 0 0 0 0 0 0 0 0 0 0 0 0 0 0 0 0 0 0 0 0 0 0 0 0 0 0 0 0 0 0 0 0 0 0 0 0 0 0 0 0 0 0 0 0 0 0 0 0 0 0 0 0 0 0 0 0 0 0 0 0 0 0 0 0 0 0 0 0 0 0 0 0 0 0 0 0 0 0 0 0 0 0 0 0 0 0 0 0 0 0 0 0 0 0 0 0 0 0 0 0 0 0 0 0 0
0 0 0 0 0 0 0 0 0 0 0 0 0 0 0 0 0 0 0 0 0 0 0 0 0 0 0 0 0 0 0 0 0 0 0 0 0 0 0 0 0 0 0 0 0 0 0 0 0 0 0 0 0 0 0 0 0 0 0 0 0 0 0 0 0 0 0 0 0 0 0 0 0 0 0 0 0 0 0 0 0 0 0 0 0 0 0 0 0 0 0 0 0 0 0 0 0 0 0 0 0 0 0 0 0 0 0 0 0 0 0 0 0 0 0 0 0 0 0 0 0 0 0 0 0 0 0 0 0 0 0 0 0 0 0 0 0 0 0 0 0 0 0 0 0 0 0 0 0 0
0 0 0 0 0 0 0 0 0 0 0 0 0 0 0 0 0 0 0 0 0 0 0 0 0 0 0 0 0 0 0 0 0 0 0 0 0 0 0 0 0 0 0 0 0 0 0 0 0 0 0 0 0 0 0 0 0 0 0 0 0 0 0 0 0 0 0 0 0 0 0 0 0 0 0 0 0 0 0 0 0 0 0 0 0 0 0 0 0 0 0 0 0 0 0 0 0 0 0 0 0 0 0 0 0 0 0 0 0 0 0 0 0 0 0 0 0 0 0 0 0 0 0 0 0 0 0 0 0 0 0 0 0 0 0 0 0 0 0 0 0 0 0 0 0 0 0 0 0 0
0 0 0 0 0 0 0 0 0 0 0 0 0 0 0 0 0 0 0 0 0 0 0 0 0 0 0 0 0 0 0 0 0 0 0 0 0 0 0 0 0 0 0 0 0 0 0 0 0 0 0 0 0 0 0 0 0 0 0 0 0 0 0 0 0 0 0 0 0 0 0 0 0 0 0 0 0 0 0 0 0 0 0 0 0 0 0 0 0 0 0 0 0 0 0 0 0 0 0 0 0 0 0 0 0 0 0 0 0 0 0 0 0 0 0 0 0 0 0 0 0 0 0 0 0 0 0 0 0 0 0 0 0 0 0 0 0 0 0 0 0 0 0 0 0 0 0 0 0 0
0 0 0 0 0 0 0 0 0 0 0 0 0 0 0 0 0 0 0 0 0 0 0 0 0 0 0 0 0 0 0 0 0 0 0 0 0 0 0 0 0 0 0 0 0 0 0 0 0 0 0 0 0 0 0 0 0 0 0 0 0 0 0 0 0 0 0 0 0 0 0 0 0 0 0 0 0 0 0 0 0 0 0 0 0 0 0 0 0 0 0 0 0 0 0 0 0 0 0 0 0 0 0 0 0 0 0 0 0 0 0 0 0 0 0 0 0 0 0 0 0 0 0 0 0 0 0 0 0 0 0 0 0 0 0 0 0 0 0 0 0 0 0 0 0 0 0 0 0 0
0 0 0 0 0 0 0 0 0 0 0 0 0 0 0 0 0 0 0 0 0 0 0 0 0 0 0 0 0 0 0 0 0 0 0 0 0 0 0 0 0 0 0 0 0 0 0 0 0 0 0 0 0 0 0 0 0 0 0 0 0 0 0 0 0 0 0 0 0 0 0 0 0 0 0 0 0 0 0 0 0 0 0 0 0 0 0 0 0 0 0 0 0 0 0 0 0 0 0 0 0 0 0 0 0 0 0 0 0 0 0 0 0 0 0 0 0 0 0 0 0 0 0 0 0 0 0 0 0 0 0 0 0 0 0 0 0 0 0 0 0 0 0 0 0 0 0 0 0 0
0 0 0 0 0 0 0 0 0 0 0 0 0 0 0 0 0 0 0 0 0 0 0 0 0 0 0 0 0 0 0 0 0 0 0 0 0 0 0 0 0 0 0 0 0 0 0 0 0 0 0 0 0 0 0 0 0 0 0 0 0 0 0 0 0 0 0 0 0 0 0 0 0 0 0 0 0 0 0 0 0 0 0 0 0 0 0 0 0 0 0 0 0 0 0 0 0 0 0 0 0 0 0 0 0 0 0 0 0 0 0 0 0 0 0 0 0 0 0 0 0 0 0 0 0 0 0 0 0 0 0 0 0 0 0 0 0 0 0 0 0 0 0 0 0 0 0 0 0 0
0 0 0 0 0 0 0 0 0 0 0 0 0 0 0 0 0 0 0 0 0 0 0 0 0 0 0 0 0 0 0 0 0 0 0 0 0 0 0 0 0 0 0 0 0 0 0 0 0 0 0 0 0 0 0 0 0 0 0 0 0 0 0 0 0 0 0 0 0 0 0 0 0 0 0 0 0 0 0 0 0 0 0 0 0 0 0 0 0 0 0 0 0 0 0 0 0 0 0 0 0 0 0 0 0 0 0 0 0 0 0 0 0 0 0 0 0 0 0 0 0 0 0 0 0 0 0 0 0 0 0 0 0 0 0 0 0 0 0 0 0 0 0 0 0 0 0 0 0 0
0 0 0 0 0 0 0 0 0 0 0 0 0 0 0 0 0 0 0 0 0 0 0 0 0 0 0 0 0 0 0 0 0 0 0 0 0 0 0 0 0 0 0 0 0 0 0 0 0 0 0 0 0 0 0 0 0 0 0 0 0 0 0 0 0 0 0 0 0 0 0 0 0 0 0 0 0 0 0 0 0 0 0 0 0 0 0 0 0 0 0 0 0 0 0 0 0 0 0 0 0 0 0 0 0 0 0 0 0 0 0 0 0 0 0 0 0 0 0 0 0 0 0 0 0 0 0 0 0 0 0 0 0 0 0 0 0 0 0 0 0 0 0 0 0 0 0 0 0 0
0 0 0 0 0 0 0 0 0 0 0 0 0 0 0 0 0 0 0 0 0 0 0 0 0 0 0 0 0 0 0 0 0 0 0 0 0 0 0 0 0 0 0 0 0 0 0 0 0 0 0 0 0 0 0 0 0 0 0 0 0 0 0 0 0 0 0 0 0 0 0 0 0 0 0 0 0 0 0 0 0 0 0 0 0 0 0 0 0 0 0 0 0 0 0 0 0 0 0 0 0 0 0 0 0 0 0 0 0 0 0 0 0 0 0 0 0 0 0 0 0 0 0 0 0 0 0 0 0 0 0 0 0 0 0 0 0 0 0 0 0 0 0 0 0 0 0 0 0 0
0 0 0 0 0 0 0 0 0 0 0 0 0 0 0 0 0 0 0 0 0 0 0 0 0 0 0 0 0 0 0 0 0 0 0 0 0 0 0 0 0 0 0 0 0 0 0 0 0 0 0 0 0 0 0 0 0 0 0 0 0 0 0 0 0 0 0 0 0 0 0 0 0 0 0 0 0 0 0 0 0 0 0 0 0 0 0 0 0 0 0 0 0 0 0 0 0 0 0 0 0 0 0 0 0 0 0 0 0 0 0 0 0 0 0 0 0 0 0 0 0 0 0 0 0 0 0 0 0 0 0 0 0 0 0 0 0 0 0 0 0 0 0 0 0 0 0 0 0 0
0 0 0 0 0 0 0 0 0 0 0 0 0 0 0 0 0 0 0 0 0 0 0 0 0 0 0 0 0 0 0 0 0 0 0 0 0 0 0 0 0 0 0 0 0 0 0 0 0 0 0 0 0 0 0 0 0 0 0 0 0 0 0 0 0 0 0 0 0 0 0 0 0 0 0 0 0 0 0 0 0 0 0 0 0 0 9.70862e-07 1.68349e-06 2.36342e-06 3.0175e-06 3.55537e-06 3.86616e-06 3.8801e-06 3.59409e-06 3.05314e-06 2.41114e-06 0 0 0 0 0 0 0 0 0 0 0 0 0 0 0 0 0 0 0 0 0 0 0 0 0 0 0 0 0 0 0 0 0 0 0 0 0 0 0 0 0 0 0 0 0 0 0 0 0 0 0 0 0 0
0 0 0 0 0 0 0 0 0 0 0 0 0 0 0 0 0 0 0 0 0 0 0 0 0 0 0 0 0 0 0 0 0 0 0 0 0 0 0 0 0 0 0 0 0 0 0 0 0 0 0 0 0 0 0 0 0 0 0 0 0 0 0 0 0 0 0 0 0 0 0 0 0 0 0 0 0 0 0 0 0 0 0 0 1.7711e-06 2.79056e-06 4.21436e-06 6.31674e-06 8.73672e-06 1.11514e-05 1.31355e-05 1.42797e-05 1.43272e-05 1.32674e-05 1.13398e-05 8.94591e-06 6.51395e-06 4.37797e-06 2.70476e-06 0 0 0 0 0 0 0 0 0 0 0 0 0 0 0 0 0 0 0 0 0 0 0 0 0 0 0 0 0 0 0 0 0 0 0 0 0 0 0 0 0 0 0 0 0 0 0 0 0 0 0
0 0 0 0 0 0 0 0 0 0 0 0 0 0 0 0 0 0 0 0 0 0 0 0 0 0 0 0 0 0 0 0 0 0 0 0 0 0 0 0 0 0 0 0 0 0 0 0 0 0 0 0 0 0 0 0 0 0 0 0 0 0 0 3.91545e-06 7.20891e-06 1.22323e-05 1.91288e-05 2.75688e-05 3.71393e-05 4.56966e-05 5.19126e-05 5.4482e-05 5.28654e-05 4.74714e-05 1.57652e-05 1.38414e-05 0 0 0 0 0 0 4.42919e-06 4.99416e-06 6.34539e-06 9.42821e-06 1.4588e-05 2.15289e-05 2.97683e-05 3.7984e-05 4.47295e-05 4.86118e-05 4.87596e-05 4.51403e-05 3.85711e-05 3.04201e-05 2.21447e-05 1.48793e-05 9.22786e-06 5.28222e-06 2.78141e-06 0 0 0 0 0 0 0 0 0 0 0 0 0 0 0 0 0 0 0 0 0 0 0 0 0 0 0 0 0 0 0 0 0 0 0 0 0 0 0 0 0 0 0 0 0 0 0 0 0
0 0 0 0 0 0 0 0 0 0 0 0 0 0 0 0 0 0 0 0 0 0 0 0 0 0 0 0 0 0 0 0 0 0 0 0 0 0 0 0 0 0 0 0 0 0 0 0 0 0 0 0 0 0 0 0 0 0 0 0 0 2.83843e-06 6.15274e-06 1.22918e-05 2.26308e-05 3.86223e-05 6.05264e-05 8.74833e-05 0.000116656 0.000143565 0.000163137 0.000171275 0.000166267 0.000149394 0.000124389 9.6104e-05 6.90013e-05 2.67471e-05 1.83824e-05 0 0 1.17602e-05 1.31382e-05 1.59662e-05 2.14307e-05 3.21972e-05 4.90254e-05 7.12489e-05 9.67254e-05 0.000122067 0.000142636 0.000154178 0.000154062 0.000141556 0.000120922 9.53416e-05 6.93862e-05 4.66089e-05 2.88985e-05 1.65378e-05 8.73518e-06 4.24503e-06 0 0 0 0 0 0 0 0 0 0 0 0 0 0 0 0 0 0 0 0 0 0 0 0 0 0 0 0 0 0 0 0 0 0 0 0 0 0 0 0 0 0 0 0 0 0 0 0
0 0 0 0 0 0 0 0 0 0 0 0 0 0 0 0 0 0 0 0 0 0 0 0 0 0 0 0 0 0 0 0 0 0 0 0 0 0 0 0 0 0 0 0 0 0 0 0 0 0 0 0 0 0 0 0 0 0 0 0 3.4915e-06 8.21217e-06 1.78012e-05 3.56767e-05 6.57631e-05 0.000111769 0.000175171 0.000253217 0.000337711 0.000415693 0.000472499 0.000496248 0.000481979 0.000433331 0.000361089 0.000284494 0.000207737 0.000142799 6.77336e-05 4.04034e-05 3.38377e-05 3.23312e-05 3.73388e-05 4.53462e-05 6.27647e-05 9.57762e-05 0.000145353 0.000209972 0.000283552 0.000355956 0.00041482 0.000447506 0.000446518 0.000411824 0.000350934 0.000275416 0.000200379 0.000134566 8.34101e-05 4.77213e-05 2.52001e-05 1.22821e-05 5.52472e-06 0 0 0 0 0 0 0 0 0 0 0 0 0 0 0 0 0 0 0 0 0 0 0 0 0 0 0 0 0 0 0 0 0 0 0 0 0 0 0 0 0 0 0 0 0 0 0
0 0 0 0 0 0 0 0 0 0 0 0 0 0 0 0 0 0 0 0 0 0 0 0 0 0 0 0 0 0 0 0 0 0 0 0 0 0 0 0 0 0 0 0 0 0 0 0 0 0 0 0 0 0 0 0 0 0 0 0 9.30977e-06 2.18968e-05 4.75811e-05 9.51409e-05 0.000175384 0.000298094 0.000467229 0.000675483 0.000901021 0.00110933 0.00126128 0.00132741 0.00129197 0.00116596 0.00097808 0.000765413 0.000561567 0.000388763 0.0002587 0.000170167 0.000110186 9.80061e-05 0.000101942 0.000121092 0.000172813 0.000264075 0.000398874 0.000572206 0.00076842 0.00096058 0.00111501 0.00119963 0.00119453 0.00109978 0.000936249 0.000736365 0.000534911 0.000358076 0.000221894 0.000126918 6.70043e-05 3.26487e-05 1.46825e-05 6.09384e-06 0 0 0 0 0 0 0 0 0 0 0 0 0 0 0 0 0 0 0 0 0 0 0 0 0 0 0 0 0 0 0 0 0 0 0 0 0 0 0 0 0 0 0 0 0 0
0 0 0 0 0 0 0 0 0 0 0 0 0 0 0 0 0 0 0 0 0 0 0 0 0 0 0 0 0 0 0 0 0 0 0 0 0 0 0 0 0 0 0 0 0 0 0 0 0 0 0 0 0 0 0 0 0 0 0 8.96418e-06 2.28777e-05 5.39087e-05 0.000116937 0.000234212 0.000431691 0.000733664 0.00114987 0.00166238 0.00221755 0.00273198 0.00310849 0.00326843 0.00318414 0.00287768 0.00241949 0.00190018 0.00140193 0.000979015 0.000658189 0.00043543 0.000303036 0.00024121 0.000249178 0.000309361 0.000445198 0.000679455 0.00101684 0.00144601 0.00192746 0.00239534 0.00276773 0.00296747 0.00294773 0.00270989 0.00230374 0.00180974 0.00131371 0.00088075 0.000545246 0.000311333 0.000164332 7.9989e-05 3.59638e-05 1.4923e-05 5.71458e-06 0 0 0 0 0 0 0 0 0 0 0 0 0 0 0 0 0 0 0 0 0 0 0 0 0 0 0 0 0 0 0 0 0 0 0 0 0 0 0 0 0 0 0 0 0
0 0 0 0 0 0 0 0 0 0 0 0 0 0 0 0 0 0 0 0 0 0 0 0 0 0 0 0 0 0 0 0 0 0 0 0 0 0 0 0 0 0 0 0 0 0 0 0 0 0 0 0 0 0 0 0 0 0 0 2.03019e-05 5.20601e-05 0.000122465 0.000265564 0.000530895 0.000978493 0.00166294 0.00260644 0.00376903 0.00502918 0.00619584 0.0070525 0.00742459 0.00723968 0.0065533 0.00552105 0.00435421 0.0032339 0.00228316 0.00154995 0.00103499 0.000717458 0.000573595 0.000575069 0.000731044 0.00106981 0.0016277 0.00241386 0.0033936 0.00448131 0.00552806 0.00635144 0.00678117 0.00671539 0.00615978 0.0052281 0.00410284 0.00297549 0.00199324 0.00123333 0.00070465 0.000371357 0.000180882 8.13184e-05 3.36811e-05 1.2895e-05 4.54491e-06 0 0 0 0 0 0 0 0 0 0 0 0 0 0 0 0 0 0 0 0 0 0 0 0 0 0 0 0 0 0 0 0 0 0 0 0 0 0 0 0 0 0 0 0
0 0 0 0 0 0 0 0 0 0 0 0 0 0 0 0 0 0 0 0 0 0 0 0 0 0 0 0 0 0 0 0 0 0 0 0 0 0 0 0 0 0 0 0 0 0 0 0 0 0 0 0 0 0 0 0 0 0 1.54431e-05 4.27197e-05 0.00010892 0.000256086 0.000555135 0.00110955 0.00204477 0.00347488 0.00544681 0.00787628 0.0105112 0.0129528 0.0147502 0.0155398 0.0151704 0.0137572 0.0116315 0.0092181 0.00689539 0.00491879 0.00338379 0.00228787 0.00159079 0.00125742 0.00126673 0.00162933 0.00240573 0.00363968 0.00533301 0.00740737 0.00967069 0.0118231 0.013489 0.0143254 0.0141309 0.0129252 0.0109477 0.00857875 0.00621483 0.00416036 0.00257239 0.00146906 0.000774629 0.000376797 0.000169368 7.02635e-05 2.68177e-05 9.47295e-06 3.08085e-06 0 0 0 0 0 0 0 0 0 0 0 0 0 0 0 0 0 0 0 0 0 0 0 0 0 0 0 0 0 0 0 0 0 0 0 0 0 0 0 0 0 0 0
0 0 0 0 0 0 0 0 0 0 0 0 0 0 0 0 0 0 0 0 0 0 0 0 0 0 0 0 0 0 0 0 0 0 0 0 0 0 0 0 0 0 0 0 0 0 0 0 0 0 0 0 0 0 0 0 0 0 2.98698e-05 8.24641e-05 0.0002101 0.000493734 0.00106997 0.00213809 0.00393964 0.00669481 0.0104932 0.0151739 0.0202528 0.0249648 0.0284422 0.0299874 0.0293132 0.02664 0.0226053 0.0180173 0.0136008 0.00981921 0.00685502 0.00470819 0.00330948 0.0026191 0.00264481 0.00343164 0.00506803 0.00759578 0.010983 0.0150458 0.019401 0.0234642 0.0265405 0.0280006 0.0274848 0.0250492 0.021162 0.016552 0.0119753 0.00800897 0.00494911 0.0028246 0.00148887 0.000724595 0.00032533 0.000134956 5.16677e-05 1.82555e-05 5.91614e-06 0 0 0 0 0 0 0 0 0 0 0 0 0 0 0 0 0 0 0 0 0 0 0 0 0 0 0 0 0 0 0 0 0 0 0 0 0 0 0 0 0 0 0
0 0 0 0 0 0 0 0 0 0 0 0 0 0 0 0 0 0 0 0 0 0 0 0 0 0 0 0 0 0 0 0 0 0 0 0 0 0 0 0 0 0 0 0 0 0 0 0 0 0 0 0 0 0 0 0 0 0 5.33342e-05 0.000146959 0.000373982 0.000878218 0.0019023 0.0037999 0.00700019 0.0118935 0.0186397 0.0269543 0.0359816 0.0443635 0.0505679 0.0533621 0.0522406 0.0475993 0.0405601 0.032547 0.0248167 0.0181665 0.0129055 0.0090345 0.00647755 0.0052056 0.00528517 0.00684419 0.0100018 0.0148006 0.0210949 0.028478 0.0362158 0.0432674 0.0484432 0.0506945 0.0494556 0.0448686 0.0377821 0.029483 0.0212957 0.0142263 0.00878418 0.00501114 0.00264015 0.00128461 0.00057655 0.000239173 9.15732e-05 3.23579e-05 1.05518e-05 0 0 0 0 0 0 0 0 0 0 0 0 0 0 0 0 0 0 0 0 0 0 0 0 0 0 0 0 0 0 0 0 0 0 0 0 0 0 0 0 0 0 0
0 0 0 0 0 0 0 0 0 0 0 0 0 0 0 0 0 0 0 0 0 0 0 0 0 0 0 0 0 0 0 0 0 0 0 0 0 0 0 0 0 0 0 0 0 0 0 0 0 0 0 0 0 0 0 0 0 2.97243e-05 8.81105e-05 0.000242034 0.000614778 0.00144195 0.00312083 0.00623069 0.0114736 0.0194884 0.0305371 0.0441591 0.0589502 0.0727008 0.0829139 0.0875821 0.0858919 0.078499 0.0672261 0.0543747 0.0419489 0.0311964 0.0226022 0.016211 0.0119722 0.00990442 0.0101202 0.0128923 0.0184871 0.0269217 0.0377953 0.050261 0.0629834 0.0742308 0.0821337 0.0851224 0.0824162 0.0743503 0.0623504 0.0485135 0.0349714 0.0233299 0.0143925 0.0082058 0.00432221 0.00210247 0.00094447 0.000391392 0.000149886 5.29766e-05 1.72808e-05 5.20198e-06 0 0 0 0 0 0 0 0 0 0 0 0 0 0 0 0 0 0 0 0 0 0 0 0 0 0 0 0 0 0 0 0 0 0 0 0 0 0 0 0 0 0
0 0 0 0 0 0 0 0 0 0 0 0 0 0 0 0 0 0 0 0 0 0 0 0 0 0 0 0 0 0 0 0 0 0 0 0 0 0 0 0 0 0 0 0 0 0 0 0 0 0 0 0 0 0 0 0 0 4.58862e-05 0.000134896 0.000368794 0.00093405 0.00218681 0.0047273 0.0094303 0.0173549 0.0294642 0.0461593 0.0667358 0.0890907 0.1099 0.125413 0.13263 0.130348 0.119561 0.103011 0.0841091 0.0657821 0.0498175 0.0369319 0.0272984 0.0209946 0.0180582 0.0185461 0.0229676 0.0320146 0.0456962 0.063153 0.0827331 0.102131 0.118636 0.129545 0.132754 0.127371 0.11411 0.0952065 0.0738113 0.0530761 0.0353507 0.0217859 0.012414 0.00653723 0.00318012 0.00142862 0.000592051 0.000226845 8.0222e-05 2.61838e-05 7.88725e-06 0 0 0 0 0 0 0 0 0 0 0 0 0 0 0 0 0 0 0 0 0 0 0 0 0 0 0 0 0 0 0 0 0 0 0 0 0 0 0 0 0 0
0 0 0 0 0 0 0 0 0 0 0 0 0 0 0 0 0 0 0 0 0 0 0 0 0 0 0 0 0 0 0 0 0 0 0 0 0 0 0 0 0 0 0 0 0 0 0 0 0 0 0 0 0 0 0 0 0 6.60681e-05 0.000191931 0.000520925 0.00131349 0.00306664 0.00661729 0.0131833 0.0242393 0.0411307 0.0644011 0.0930833 0.124256 0.153314 0.175077 0.185411 0.182695 0.168331 0.146109 0.120672 0.0959225 0.0742076 0.0565462 0.0434025 0.0350866 0.0315076 0.0324208 0.038695 0.0519273 0.0723545 0.0983625 0.126989 0.154472 0.176792 0.19033 0.192591 0.182836 0.162441 0.134693 0.103966 0.0745377 0.0495509 0.0305041 0.0173731 0.00914777 0.0044511 0.00200046 0.000830453 0.000318036 0.000112583 3.67859e-05 1.10936e-05 0 0 0 0 0 0 0 0 0 0 0 0 0 0 0 0 0 0 0 0 0 0 0 0 0 0 0 0 0 0 0 0 0 0 0 0 0 0 0 0 0 0
0 0 0 0 0 0 0 0 0 0 0 0 0 0 0 0 0 0 0 0 0 0 0 0 0 0 0 0 0 0 0 0 0 0 0 0 0 0 0 0 0 0 0 0 0 0 0 0 0 0 0 0 0 0 0 0 0 8.9177e-05 0.000254762 0.000684039 0.00171318 0.00398292 0.0085701 0.017041 0.0312955 0.0530452 0.0829979 0.119908 0.160041 0.197516 0.225745 0.239504 0.236779 0.219416 0.192239 0.161033 0.130554 0.103638 0.081692 0.0656536 0.0560797 0.052424 0.0538242 0.0616341 0.0789824 0.106865 0.142716 0.181662 0.217905 0.245784 0.260778 0.260297 0.24419 0.214866 0.17686 0.135801 0.0970226 0.064362 0.0395784 0.0225336 0.0118678 0.0057783 0.00259968 0.00108033 0.000414204 0.000146867 4.80712e-05 1.45237e-05 4.04048e-06 0 0 0 0 0 0 0 0 0 0 0 0 0 0 0 0 0 0 0 0 0 0 0 0 0 0 0 0 0 0 0 0 0 0 0 0 0 0 0 0 0
0 0 0 0 0 0 0 0 0 0 0 0 0 0 0 0 0 0 0 0 0 0 0 0 0 0 0 0 0 0 0 0 0 0 0 0 0 0 0 0 0 0 0 0 0 0 0 0 0 0 0 0 0 0 0 0 0 0.000113562 0.000316988 0.000838037 0.00207989 0.00480297 0.0102892 0.0203979 0.0373887 0.0632819 0.0989115 0.142806 0.190562 0.235268 0.269214 0.286333 0.284355 0.265534 0.235515 0.200893 0.166956 0.13686 0.112454 0.0952376 0.085804 0.0827635 0.0844674 0.0927462 0.112806 0.1473 0.192803 0.242018 0.286545 0.318805 0.333449 0.32819 0.303969 0.264607 0.215992 0.164858 0.117323 0.0776548 0.0477084 0.0271632 0.0143165 0.00697938 0.00314533 0.00130961 0.000503809 0.000178828 5.86872e-05 1.77796e-05 4.97208e-06 0 0 0 0 0 0 0 0 0 0 0 0 0 0 0 0 0 0 0 0 0 0 0 0 0 0 0 0 0 0 0 0 0 0 0 0 0 0 0 0 0
0 0 0 0 0 0 0 0 0 0 0 0 0 0 0 0 0 0 0 0 0 0 0 0 0 0 0 0 0 0 0 0 0 0 0 0 0 0 0 0 0 0 0 0 0 0 0 0 0 0 0 0 0 0 0 0 0 0.000136965 0.000376483 0.000968771 0.00236167 0.00539622 0.0114817 0.0226727 0.0414217 0.069956 0.109184 0.157507 0.210143 0.259622 0.297642 0.31776 0.317653 0.299869 0.270467 0.236335 0.202791 0.173041 0.149243 0.133258 0.125407 0.123372 0.124752 0.131668 0.151518 0.189638 0.242464 0.300047 0.351001 0.385676 0.398023 0.386406 0.353252 0.304038 0.24595 0.186513 0.132189 0.0873113 0.053612 0.0305445 0.0161236 0.00787733 0.00355935 0.00148665 0.000573679 0.000204294 6.72915e-05 2.04633e-05 5.74462e-06 0 0 0 0 0 0 0 0 0 0 0 0 0 0 0 0 0 0 0 0 0 0 0 0 0 0 0 0 0 0 0 0 0 0 0 0 0 0 0 0 0
0 0 0 0 0 0 0 0 0 0 0 0 0 0 0 0 0 0 0 0 0 0 0 0 0 0 0 0 0 0 0 0 0 0 0 0 0 0 0 0 0 0 0 0 0 0 0 0 0 0 0 0 0 0 0 0 3.63937e-05 0.000172264 0.00043352 0.00106857 0.00253357 0.00568732 0.0119655 0.0234699 0.0426835 0.0718628 0.111942 0.161334 0.215276 0.266361 0.306405 0.329137 0.332408 0.318882 0.294518 0.265834 0.237597 0.212571 0.192787 0.180049 0.174373 0.17293 0.172793 0.176025 0.191658 0.228415 0.283912 0.345961 0.40017 0.434856 0.443431 0.425061 0.38376 0.326605 0.261822 0.197269 0.139275 0.091844 0.0564082 0.032189 0.0170355 0.0083505 0.00378746 0.00158848 0.000615618 0.000220184 7.28674e-05 2.22636e-05 6.27951e-06 0 0 0 0 0 0 0 0 0 0 0 0 0 0 0 0 0 0 0 0 0 0 0 0 0 0 0 0 0 0 0 0 0 0 0 0 0 0 0 0 0
0 0 0 0 0 0 0 0 0 0 0 0 0 0 0 0 0 0 0 0 0 0 0 0 0 0 0 0 0 0 0 0 0 0 0 0 0 0 0 0 0 0 0 0 0 0 0 0 0 0 0 0 0 0 0 4.14585e-05 8.14296e-05 0.00023001 0.000517261 0.00117458 0.00263462 0.00571206 0.0117825 0.0228051 0.0411374 0.0689279 0.107088 0.154214 0.206002 0.255741 0.296073 0.321392 0.329925 0.32416 0.30942 0.291178 0.272992 0.256522 0.243031 0.234006 0.229599 0.227252 0.223895 0.221093 0.228493 0.257947 0.309811 0.370904 0.424311 0.456632 0.460866 0.436911 0.39007 0.328588 0.261228 0.195699 0.137747 0.0907816 0.0558313 0.031949 0.0169731 0.00835727 0.0038092 0.00160578 0.000625593 0.00022492 7.48335e-05 2.29848e-05 6.5163e-06 0 0 0 0 0 0 0 0 0 0 0 0 0 0 0 0 0 0 0 0 0 0 0 0 0 0 0 0 0 0 0 0 0 0 0 0 0 0 0 0 0
0 0 0 0 0 0 0 0 0 0 0 0 0 0 0 0 0 0 0 0 0 0 0 0 0 0 0 0 0 0 0 0 0 0 0 0 0 0 0 0 0 0 0 0 0 0 0 0 0 0 0 0 0 0 4.43913e-05 8.99172e-05 0.000172568 0.000362786 0.000708768 0.00140789 0.00283619 0.00570347 0.0112415 0.0211418 0.0375186 0.0623049 0.096411 0.138797 0.186003 0.232538 0.272389 0.300941 0.316722 0.321727 0.320118 0.315793 0.310556 0.304378 0.297333 0.290619 0.285177 0.279553 0.271022 0.260438 0.256778 0.273818 0.315601 0.369877 0.418291 0.446259 0.446564 0.419522 0.371112 0.309979 0.244797 0.182614 0.128338 0.0846521 0.0522028 0.0299938 0.0160128 0.00792709 0.00363362 0.00154057 0.000603535 0.000218193 7.29893e-05 2.2535e-05 6.42079e-06 0 0 0 0 0 0 0 0 0 0 0 0 0 0 0 0 0 0 0 0 0 0 0 0 0 0 0 0 0 0 0 0 0 0 0 0 0 0 0 0 0
0 0 0 0 0 0 0 0 0 0 0 0 0 0 0 0 0 0 0 0 0 0 0 0 0 0 0 0 0 0 0 0 0 0 0 0 0 0 0 0 0 0 0 0 0 0 0 0 0 0 0 0 0 4.4027e-05 9.27851e-05 0.000184297 0.000346277 0.000619126 0.00114039 0.00199951 0.00351105 0.00621459 0.0111244 0.0195645 0.0333485 0.0542149 0.0831312 0.119641 0.161386 0.204405 0.244174 0.276999 0.30142 0.318551 0.331096 0.341218 0.34882 0.352042 0.349657 0.342723 0.33335 0.321859 0.306469 0.287381 0.271972 0.274008 0.300998 0.343564 0.383505 0.405837 0.403278 0.37621 0.330505 0.274387 0.215735 0.160598 0.112905 0.0746559 0.0462246 0.0266928 0.0143295 0.00713487 0.00328938 0.00140247 0.00055252 0.000200737 6.74774e-05 2.09289e-05 5.98875e-06 0 0 0 0 0 0 0 0 0 0 0 0 0 0 0 0 0 0 0 0 0 0 0 0 0 0 0 0 0 0 0 0 0 0 0 0 0 0 0 0 0
0 0 0 0 0 0 0 0 0 0 0 0 0 0 0 0 0 0 0 0 0 0 0 0 0 0 0 0 0 0 0 0 0 0 0 0 0 0 0 0 0 0 0 0 0 0 0 0 0 0 0 0 4.1197e-05 8.97972e-05 0.000184724 0.00035883 0.000659645 0.00115233 0.00196114 0.00321921 0.00513344 0.0080605 0.0126738 0.01984 0.0309721 0.0476734 0.0712284 0.101942 0.138731 0.179108 0.219776 0.257519 0.290455 0.318606 0.343303 0.365255 0.382783 0.392471 0.391978 0.382244 0.366584 0.347354 0.324252 0.297234 0.271629 0.259436 0.270115 0.29827 0.327652 0.34381 0.339607 0.315171 0.275603 0.227989 0.178914 0.133211 0.0938575 0.0623001 0.0387625 0.0225053 0.0121494 0.00608201 0.00281862 0.0012077 0.00047802 0.000174408 5.88577e-05 1.83218e-05 0 0 0 0 0 0 0 0 0 0 0 0 0 0 0 0 0 0 0 0 0 0 0 0 0 0 0 0 0 0 0 0 0 0 0 0 0 0 0 0 0 0
0 0 0 0 0 0 0 0 0 0 0 0 0 0 0 0 0 0 0 0 0 0 0 0 0 0 0 0 0 0 0 0 0 0 0 0 0 0 0 0 0 0 0 0 0 0 0 0 0 0 0 3.70177e-05 8.31707e-05 0.000176299 0.000352971 0.000668401 0.0011994 0.00206373 0.00336122 0.00530065 0.00804056 0.0118146 0.016935 0.0237467 0.0330304 0.046113 0.0647407 0.0903103 0.123116 0.161903 0.204059 0.246335 0.28612 0.322332 0.35515 0.38421 0.406904 0.418944 0.417353 0.402985 0.380044 0.352672 0.322303 0.289126 0.25661 0.233878 0.230237 0.244003 0.262391 0.27244 0.267472 0.247182 0.215508 0.177994 0.139697 0.10421 0.0736776 0.0491227 0.0307159 0.0179238 0.00972344 0.00489028 0.00227551 0.000978781 0.000388795 0.000142323 4.817e-05 1.50348e-05 0 0 0 0 0 0 0 0 0 0 0 0 0 0 0 0 0 0 0 0 0 0 0 0 0 0 0 0 0 0 0 0 0 0 0 0 0 0 0 0 0 0
0 0 0 0 0 0 0 0 0 0 0 0 0 0 0 0 0 0 0 0 0 0 0 0 0 0 0 0 0 0 0 0 0 0 0 0 0 0 0 0 0 0 0 0 0 0 0 0 0 0 0 7.3453e-05 0.000161357 0.000333485 0.000650041 0.00119813 0.0021312 0.00353902 0.00562413 0.00858271 0.0125856 0.0178014 0.0242839 0.031959 0.0409136 0.0518569 0.0665715 0.0876349 0.116974 0.154512 0.197996 0.243861 0.288531 0.329637 0.366116 0.396832 0.419046 0.428736 0.423133 0.403187 0.373473 0.339251 0.303417 0.26678 0.231476 0.203528 0.190255 0.192112 0.200326 0.20454 0.19893 0.182816 0.158879 0.131061 0.102921 0.0769403 0.0545748 0.0365272 0.0229311 0.0134336 0.00731397 0.00369076 0.00172288 0.000742765 0.000295719 0.0001085 3.67978e-05 1.15064e-05 0 0 0 0 0 0 0 0 0 0 0 0 0 0 0 0 0 0 0 0 0 0 0 0 0 0 0 0 0 0 0 0 0 0 0 0 0 0 0 0 0 0
0 0 0 0 0 0 0 0 0 0 0 0 0 0 0 0 0 0 0 0 0 0 0 0 0 0 0 0 0 0 0 0 0 0 0 0 0 0 0 0 0 0 0 0 0 0 0 0 0 0 5.98147e-05 0.000138112 0.000298384 0.000630254 0.0011807 0.00214217 0.00362762 0.00586896 0.00907341 0.0134649 0.0192446 0.0264613 0.0350021 0.0444703 0.0544319 0.0649262 0.0772893 0.0946282 0.120525 0.156492 0.200871 0.249645 0.298009 0.34188 0.378504 0.40601 0.422318 0.424991 0.412615 0.386672 0.351686 0.313123 0.274677 0.237813 0.203928 0.176378 0.159343 0.153231 0.152768 0.151071 0.143863 0.130402 0.112337 0.0921766 0.0721809 0.0539143 0.0382558 0.0256326 0.0161157 0.00945496 0.00515641 0.00260608 0.00121837 0.00052537 0.000209483 7.69838e-05 2.61299e-05 0 0 0 0 0 0 0 0 0 0 0 0 0 0 0 0 0 0 0 0 0 0 0 0 0 0 0 0 0 0 0 0 0 0 0 0 0 0 0 0 0 0 0
0 0 0 0 0 0 0 0 0 0 0 0 0 0 0 0 0 0 0 0 0 0 0 0 0 0 0 0 0 0 0 0 0 0 0 0 0 0 0 0 0 0 0 0 0 0 0 0 0 0 0.000106572 0.000299579 0.00059429 0.00112925 0.00210453 0.00363799 0.00599973 0.00942751 0.0141896 0.0205324 0.0286122 0.0384097 0.0496092 0.0615385 0.0733841 0.0846645 0.0961764 0.11089 0.133445 0.167282 0.21194 0.263164 0.314744 0.360422 0.39536 0.41676 0.42354 0.415717 0.394364 0.362179 0.323595 0.283571 0.245807 0.212107 0.183405 0.160841 0.145194 0.135296 0.127955 0.119837 0.109025 0.0953913 0.0800096 0.064353 0.0496386 0.036656 0.0257863 0.017167 0.0107425 0.00627943 0.00341694 0.00172431 0.000805249 0.000347587 0.000137841 5.07237e-05 1.71955e-05 0 0 0 0 0 0 0 0 0 0 0 0 0 0 0 0 0 0 0 0 0 0 0 0 0 0 0 0 0 0 0 0 0 0 0 0 0 0 0 0 0 0 0
0 0 0 0 0 0 0 0 0 0 0 0 0 0 0 0 0 0 0 0 0 0 0 0 0 0 0 0 0 0 0 0 0 0 0 0 0 0 0 0 0 0 0 0 0 0 0 0 0 0.000124411 0.000293304 0.000574231 0.00108336 0.00203683 0.00357042 0.00599733 0.00959782 0.0146799 0.0215277 0.0303896 0.0413736 0.0543444 0.0687816 0.0837394 0.0981031 0.111051 0.122934 0.136279 0.155967 0.187033 0.230757 0.283279 0.33719 0.384127 0.417113 0.432232 0.429107 0.410135 0.37928 0.34112 0.300408 0.261476 0.227453 0.19985 0.178723 0.163055 0.150798 0.139495 0.127106 0.11273 0.0966435 0.07985 0.0635692 0.0488159 0.0361619 0.0257878 0.0176129 0.0114433 0.0070211 0.00404227 0.00217075 0.00108546 0.00050333 0.000216037 8.41286e-05 3.09844e-05 0 0 0 0 0 0 0 0 0 0 0 0 0 0 0 0 0 0 0 0 0 0 0 0 0 0 0 0 0 0 0 0 0 0 0 0 0 0 0 0 0 0 0 0
0 0 0 0 0 0 0 0 0 0 0 0 0 0 0 0 0 0 0 0 0 0 0 0 0 0 0 0 0 0 0 0 0 0 0 0 0 0 0 0 0 0 0 0 0 0 0 0 0.000136345 0.00029667 0.000582657 0.00108957 0.00201584 0.00351419 0.00590565 0.00957811 0.0148677 0.022131 0.0316585 0.0436466 0.0581521 0.0749011 0.0931597 0.111698 0.12915 0.144485 0.1578 0.171043 0.18873 0.216454 0.257274 0.308542 0.362553 0.409519 0.440846 0.451569 0.441439 0.414341 0.37643 0.334198 0.293174 0.257395 0.229147 0.208802 0.194813 0.184239 0.173698 0.160604 0.143845 0.123866 0.102207 0.080756 0.0611773 0.0445228 0.0311768 0.0210058 0.0135785 0.00838168 0.00491237 0.00271783 0.0014083 0.0006852 0.000310637 0.000130899 5.11115e-05 1.76169e-05 0 0 0 0 0 0 0 0 0 0 0 0 0 0 0 0 0 0 0 0 0 0 0 0 0 0 0 0 0 0 0 0 0 0 0 0 0 0 0 0 0 0 0 0
0 0 0 0 0 0 0 0 0 0 0 0 0 0 0 0 0 0 0 0 0 0 0 0 0 0 0 0 0 0 0 0 0 0 0 0 0 0 0 0 0 0 0 0 0 0 0 0.000129688 0.000280081 0.000585049 0.00112103 0.00206926 0.0035909 0.00597712 0.00961986 0.014931 0.0223735 0.0323315 0.0450888 0.0607847 0.0793977 0.100522 0.123185 0.145871 0.16699 0.185333 0.200847 0.215091 0.231755 0.256019 0.291872 0.338357 0.388785 0.433332 0.462776 0.471515 0.459016 0.429471 0.389907 0.347804 0.309296 0.27824 0.255942 0.241277 0.231249 0.222034 0.210188 0.193605 0.171922 0.146318 0.118976 0.0922906 0.0682825 0.0481994 0.0324894 0.0208992 0.0128156 0.00747164 0.00412801 0.0021538 0.00105774 0.000485525 0.000209899 8.46363e-05 3.18786e-05 0 0 0 0 0 0 0 0 0 0 0 0 0 0 0 0 0 0 0 0 0 0 0 0 0 0 0 0 0 0 0 0 0 0 0 0 0 0 0 0 0 0 0 0 0
0 0 0 0 0 0 0 0 0 0 0 0 0 0 0 0 0 0 0 0 0 0 0 0 0 0 0 0 0 0 0 0 0 0 0 0 0 0 0 0 0 0 0 0 0 0 0.00010758 0.000248236 0.000533755 0.00108939 0.00205524 0.00370001 0.00622815 0.00999588 0.0153769 0.0228426 0.0328886 0.0459547 0.062331 0.0821569 0.105358 0.131409 0.159122 0.186585 0.211835 0.233586 0.25173 0.267597 0.283994 0.305086 0.334656 0.373117 0.415825 0.4546 0.481002 0.489529 0.479235 0.453623 0.419076 0.382636 0.350059 0.324646 0.306887 0.294805 0.284946 0.27359 0.257802 0.23608 0.208595 0.17691 0.143497 0.11103 0.0817895 0.0572681 0.0380594 0.0239657 0.0142757 0.00802469 0.00424677 0.0021113 0.000984004 0.000426273 0.00017416 6.63574e-05 1.92054e-05 0 0 0 0 0 0 0 0 0 0 0 0 0 0 0 0 0 0 0 0 0 0 0 0 0 0 0 0 0 0 0 0 0 0 0 0 0 0 0 0 0 0 0 0 0
0 0 0 0 0 0 0 0 0 0 0 0 0 0 0 0 0 0 0 0 0 0 0 0 0 0 0 0 0 0 0 0 0 0 0 0 0 0 0 0 0 0 0 0 0 7.87917e-05 0.000192999 0.000442017 0.00094495 0.00190098 0.00357991 0.00628213 0.0103596 0.0161691 0.0240166 0.0342767 0.047383 0.0638097 0.08395 0.108067 0.136154 0.167701 0.201114 0.234038 0.263932 0.289183 0.309701 0.326818 0.342878 0.360911 0.383779 0.412422 0.444397 0.474312 0.496108 0.505384 0.500934 0.484865 0.46158 0.436101 0.412572 0.393283 0.378318 0.365853 0.35299 0.336774 0.31506 0.28696 0.252955 0.214735 0.174822 0.135982 0.100707 0.0707869 0.0470699 0.029526 0.0174178 0.00964091 0.0049942 0.0024166 0.00109059 0.000454478 0.000178104 6.17771e-05 2.06339e-05 0 0 0 0 0 0 0 0 0 0 0 0 0 0 0 0 0 0 0 0 0 0 0 0 0 0 0 0 0 0 0 0 0 0 0 0 0 0 0 0 0 0 0 0 0
0 0 0 0 0 0 0 0 0 0 0 0 0 0 0 0 0 0 0 0 0 0 0 0 0 0 0 0 0 0 0 0 0 0 0 0 0 0 0 0 0 0 0 0 0 0.000133842 0.000323725 0.000734102 0.00155728 0.00309902 0.00577868 0.010035 0.0163346 0.0249965 0.0361994 0.0500453 0.0667287 0.0866762 0.110485 0.138781 0.171959 0.20944 0.249396 0.288645 0.323667 0.352139 0.373904 0.390631 0.404804 0.418886 0.434808 0.453369 0.47369 0.493461 0.509879 0.520677 0.524824 0.522687 0.515652 0.505426 0.493482 0.480724 0.467204 0.452014 0.433584 0.410285 0.381012 0.345466 0.304297 0.259068 0.212127 0.166255 0.124137 0.0879111 0.0587977 0.0370038 0.0218302 0.0120428 0.00619477 0.00296543 0.00131907 0.0005444 0.000204731 7.25197e-05 2.37797e-05 7.20451e-06 0 0 0 0 0 0 0 0 0 0 0 0 0 0 0 0 0 0 0 0 0 0 0 0 0 0 0 0 0 0 0 0 0 0 0 0 0 0 0 0 0 0 0 0
0 0 0 0 0 0 0 0 0 0 0 0 0 0 0 0 0 0 0 0 0 0 0 0 0 0 0 0 0 0 0 0 0 0 0 0 0 0 0 0 0 0 0 0 8.46347e-05 0.000213982 0.000509541 0.00114074 0.00239562 0.00471898 0.00871925 0.0150147 0.0241978 0.0365583 0.0520358 0.0703133 0.0911515 0.1148 0.142118 0.174455 0.212719 0.256743 0.304249 0.350858 0.391536 0.42273 0.443903 0.457331 0.466475 0.474261 0.482355 0.491269 0.501019 0.511693 0.523711 0.537415 0.552434 0.567423 0.580218 0.588388 0.590005 0.584241 0.571203 0.551388 0.525136 0.492652 0.454127 0.409894 0.360627 0.307624 0.252966 0.199378 0.149781 0.106696 0.0717238 0.0453058 0.0267937 0.0147861 0.00759771 0.00362658 0.00160275 0.000656999 0.000247289 8.69228e-05 2.8218e-05 8.45693e-06 0 0 0 0 0 0 0 0 0 0 0 0 0 0 0 0 0 0 0 0 0 0 0 0 0 0 0 0 0 0 0 0 0 0 0 0 0 0 0 0 0 0 0 0
0 0 0 0 0 0 0 0 0 0 0 0 0 0 0 0 0 0 0 0 0 0 0 0 0 0 0 0 0 0 0 0 0 0 0 0 0 0 0 0 0 0 0 0 0.000130284 0.000323004 0.000755394 0.00166494 0.00345206 0.0067396 0.0123051 0.0210226 0.0336102 0.0503189 0.0708023 0.0942256 0.119796 0.14745 0.178407 0.21469 0.258311 0.309554 0.365623 0.42068 0.467648 0.501145 0.519839 0.52664 0.526711 0.524717 0.523177 0.52283 0.524082 0.528408 0.538567 0.557222 0.584917 0.618882 0.653459 0.681827 0.698275 0.699824 0.686513 0.660374 0.624119 0.580231 0.530473 0.475908 0.417232 0.355468 0.292435 0.230835 0.173765 0.124042 0.0835518 0.0528614 0.0312994 0.0172816 0.00887845 0.00423516 0.0018725 0.000766438 0.00028768 0.000100853 3.26447e-05 9.73232e-06 0 0 0 0 0 0 0 0 0 0 0 0 0 0 0 0 0 0 0 0 0 0 0 0 0 0 0 0 0 0 0 0 0 0 0 0 0 0 0 0 0 0 0 0
0 0 0 0 0 0 0 0 0 0 0 0 0 0 0 0 0 0 0 0 0 0 0 0 0 0 0 0 0 0 0 0 0 0 0 0 0 0 0 0 0 0 0 7.341e-05 0.000189675 0.000461323 0.00105832 0.00229155 0.00467889 0.00901177 0.0162842 0.0275891 0.0437923 0.0651189 0.0909477 0.119943 0.15074 0.183005 0.218053 0.258807 0.308275 0.367268 0.432567 0.496806 0.550694 0.586659 0.602051 0.600071 0.587768 0.572469 0.559 0.54925 0.544005 0.545146 0.556411 0.58185 0.622796 0.675588 0.731697 0.780236 0.811612 0.820339 0.805977 0.771997 0.723674 0.666108 0.602963 0.536219 0.466771 0.39548 0.324003 0.25496 0.191491 0.136476 0.0918118 0.0580402 0.0343425 0.0189506 0.00973451 0.00464211 0.00205165 0.000839323 0.000314634 0.000110256 3.56463e-05 1.06139e-05 0 0 0 0 0 0 0 0 0 0 0 0 0 0 0 0 0 0 0 0 0 0 0 0 0 0 0 0 0 0 0 0 0 0 0 0 0 0 0 0 0 0 0 0
0 0 0 0 0 0 0 0 0 0 0 0 0 0 0 0 0 0 0 0 0 0 0 0 0 0 0 0 0 0 0 0 0 0 0 0 0 0 0 0 0 0 0 0.000102424 0.000260798 0.000623594 0.00140436 0.00298487 0.00599119 0.0113646 0.0202905 0.0340657 0.0536913 0.0794251 0.11047 0.145128 0.18164 0.21931 0.259562 0.305744 0.361532 0.428188 0.502363 0.57567 0.636994 0.676622 0.690172 0.680269 0.65509 0.624673 0.597195 0.577186 0.56651 0.566862 0.58145 0.614251 0.66695 0.735678 0.81018 0.876429 0.921186 0.936172 0.919918 0.876908 0.814863 0.741661 0.66317 0.582641 0.501467 0.420599 0.341566 0.266788 0.199145 0.141226 0.0946302 0.0596427 0.0352126 0.0194036 0.00995043 0.00474141 0.00209434 0.000856371 0.0003207 0.000112377 3.63307e-05 1.08094e-05 0 0 0 0 0 0 0 0 0 0 0 0 0 0 0 0 0 0 0 0 0 0 0 0 0 0 0 0 0 0 0 0 0 0 0 0 0 0 0 0 0 0 0 0
0 0 0 0 0 0 0 0 0 0 0 0 0 0 0 0 0 0 0 0 0 0 0 0 0 0 0 0 0 0 0 0 0 0 0 0 0 0 0 0 0 0 0 0.000134127 0.000337874 0.000796899 0.00176604 0.00368865 0.00727623 0.0135799 0.0239258 0.0397673 0.062258 0.0917624 0.127499 0.167667 0.210327 0.254486 0.301282 0.353831 0.415774 0.488786 0.570045 0.651263 0.720558 0.766549 0.78272 0.769849 0.735505 0.691229 0.648782 0.616974 0.600462 0.600986 0.619829 0.659063 0.719883 0.798911 0.885776 0.964707 1.0195 1.03892 1.01989 0.967166 0.890441 0.800277 0.704999 0.609571 0.516352 0.426619 0.341793 0.263848 0.195013 0.137185 0.0913442 0.0572703 0.0336848 0.0185064 0.00947009 0.00450642 0.00198873 0.00081279 0.000303992 0.000106519 3.44387e-05 0 0 0 0 0 0 0 0 0 0 0 0 0 0 0 0 0 0 0 0 0 0 0 0 0 0 0 0 0 0 0 0 0 0 0 0 0 0 0 0 0 0 0 0 0
0 0 0 0 0 0 0 0 0 0 0 0 0 0 0 0 0 0 0 0 0 0 0 0 0 0 0 0 0 0 0 0 0 0 0 0 0 0 0 0 0 0 0 0.000164398 0.000411248 0.000960644 0.00210268 0.00432786 0.0084031 0.0154377 0.0268362 0.0441521 0.068701 0.101071 0.140734 0.186095 0.235222 0.286742 0.340962 0.399948 0.466719 0.543433 0.628806 0.716262 0.794601 0.85143 0.877561 0.870278 0.83431 0.780756 0.724333 0.679344 0.655433 0.655567 0.678304 0.722039 0.78628 0.868526 0.959899 1.0447 1.10477 1.12606 1.10321 1.04046 0.948712 0.840875 0.727864 0.616835 0.511599 0.414055 0.325478 0.247097 0.180083 0.125235 0.0826295 0.0514261 0.0300883 0.0164696 0.00839661 0.00398826 0.00175786 0.000717868 0.000268172 9.39496e-05 3.03554e-05 0 0 0 0 0 0 0 0 0 0 0 0 0 0 0 0 0 0 0 0 0 0 0 0 0 0 0 0 0 0 0 0 0 0 0 0 0 0 0 0 0 0 0 0 0
0 0 0 0 0 0 0 0 0 0 0 0 0 0 0 0 0 0 0 0 0 0 0 0 0 0 0 0 0 0 0 0 0 0 0 0 0 0 0 0 0 0 7.01875e-05 0.000188204 0.000469116 0.00108952 0.00236516 0.00481594 0.00923304 0.0167362 0.02874 0.0468522 0.0725546 0.106769 0.149436 0.199419 0.254776 0.313614 0.374877 0.438987 0.508063 0.585081 0.671481 0.764043 0.853633 0.927213 0.97209 0.980346 0.951962 0.896013 0.829308 0.77189 0.739662 0.738151 0.763414 0.809254 0.872507 0.951344 1.03952 1.12305 1.18314 1.20321 1.17526 1.10213 0.995151 0.869147 0.737665 0.610383 0.49301 0.38834 0.297482 0.220679 0.157695 0.107918 0.0703048 0.0433474 0.0251547 0.0136958 0.00694731 0.00329253 0.0014489 0.000581157 0.0002205 7.72736e-05 2.49775e-05 0 0 0 0 0 0 0 0 0 0 0 0 0 0 0 0 0 0 0 0 0 0 0 0 0 0 0 0 0 0 0 0 0 0 0 0 0 0 0 0 0 0 0 0 0
0 0 0 0 0 0 0 0 0 0 0 0 0 0 0 0 0 0 0 0 0 0 0 0 0 0 0 0 0 0 0 0 0 0 0 0 0 0 0 0 0 0 7.49097e-05 0.000200938 0.000500481 0.00115967 0.00250644 0.0050699 0.00963624 0.0172946 0.0294207 0.0476287 0.073559 0.108519 0.153013 0.206413 0.266782 0.331429 0.397704 0.4643 0.532579 0.606895 0.692378 0.790348 0.89436 0.990483 1.06163 1.09371 1.08124 1.0308 0.960719 0.895849 0.857669 0.854466 0.880662 0.92619 0.985082 1.05575 1.13479 1.2111 1.26641 1.2821 1.24734 1.16297 1.04018 0.89537 0.74462 0.600317 0.470245 0.358251 0.265353 0.190724 0.132552 0.0886398 0.0566829 0.0344665 0.0197728 0.0106884 0.00539739 0.00254237 0.00111683 0.00044687 0.000169524 5.94134e-05 1.92329e-05 0 0 0 0 0 0 0 0 0 0 0 0 0 0 0 0 0 0 0 0 0 0 0 0 0 0 0 0 0 0 0 0 0 0 0 0 0 0 0 0 0 0 0 0 0
0 0 0 0 0 0 0 0 0 0 0 0 0 0 0 0 0 0 0 0 0 0 0 0 0 0 0 0 0 0 0 0 0 0 0 0 0 0 0 0 0 0 7.43621e-05 0.000199922 0.000498658 0.00115586 0.00249539 0.00503314 0.00952213 0.0169885 0.0287319 0.0463326 0.0715487 0.106025 0.150783 0.205609 0.268487 0.335921 0.40385 0.469613 0.534332 0.604248 0.688703 0.793626 0.91477 1.03659 1.13745 1.19758 1.20696 1.17018 1.10656 1.04392 1.00678 1.0048 1.03164 1.07516 1.12756 1.18733 1.25357 1.31851 1.36518 1.37357 1.32994 1.23294 1.09333 0.928885 0.758217 0.596292 0.452872 0.332784 0.236932 0.163578 0.109437 0.070765 0.0440166 0.0261928 0.0148096 0.00788904 0.00395027 0.00184468 0.000808996 0.000322946 0.00012253 4.29715e-05 0 0 0 0 0 0 0 0 0 0 0 0 0 0 0 0 0 0 0 0 0 0 0 0 0 0 0 0 0 0 0 0 0 0 0 0 0 0 0 0 0 0 0 0 0 0
0 0 0 0 0 0 0 0 0 0 0 0 0 0 0 0 0 0 0 0 0 0 0 0 0 0 0 0 0 0 0 0 0 0 0 0 0 0 0 0 0 0 6.86588e-05 0.000185248 0.000463495 0.00107694 0.00232823 0.0046965 0.0088745 0.0157985 0.0266635 0.0429729 0.0665248 0.099177 0.142305 0.195891 0.257874 0.324172 0.389859 0.451618 0.510969 0.576387 0.661049 0.774322 0.912748 1.05879 1.18742 1.27538 1.31001 1.29475 1.24904 1.20115 1.17527 1.18027 1.20948 1.25059 1.29546 1.34295 1.39436 1.44516 1.48027 1.47876 1.42429 1.31328 1.15601 0.971671 0.78122 0.602031 0.44547 0.316979 0.217239 0.143668 0.0918548 0.0568119 0.033945 0.019531 0.0107568 0.00560128 0.00276886 0.00129047 0.000539984 0.000221609 8.41961e-05 2.95886e-05 0 0 0 0 0 0 0 0 0 0 0 0 0 0 0 0 0 0 0 0 0 0 0 0 0 0 0 0 0 0 0 0 0 0 0 0 0 0 0 0 0 0 0 0 0 0
0 0 0 0 0 0 0 0 0 0 0 0 0 0 0 0 0 0 0 0 0 0 0 0 0 0 0 0 0 0 0 0 0 0 0 0 0 0 0 0 0 0 5.895e-05 0.00015982 0.000401602 0.000936694 0.00203142 0.00410738 0.00777349 0.0138502 0.0234141 0.0378431 0.0588824 0.0884323 0.127978 0.177583 0.235163 0.296455 0.356364 0.411756 0.465096 0.526969 0.613165 0.734364 0.886494 1.05074 1.20107 1.31351 1.37482 1.38779 1.37078 1.34963 1.34503 1.36318 1.39719 1.43597 1.47248 1.50656 1.54161 1.57618 1.59737 1.584 1.51751 1.39227 1.21811 1.0154 0.807271 0.613067 0.445329 0.309681 0.206314 0.131817 0.0808961 0.0477852 0.0272316 0.0149693 0.0079218 0.00396571 0.00191768 0.000880141 0.000357962 0.000147358 5.62136e-05 0 0 0 0 0 0 0 0 0 0 0 0 0 0 0 0 0 0 0 0 0 0 0 0 0 0 0 0 0 0 0 0 0 0 0 0 0 0 0 0 0 0 0 0 0 0 0
0 0 0 0 0 0 0 0 0 0 0 0 0 0 0 0 0 0 0 0 0 0 0 0 0 0 0 0 0 0 0 0 0 0 0 0 0 0 0 0 0 0 0 0.000128359 0.000324183 0.000759765 0.00165507 0.00336021 0.0063847 0.0114243 0.0194105 0.0315791 0.0495344 0.0750533 0.109524 0.152987 0.203393 0.256793 0.308536 0.35635 0.403982 0.463524 0.551468 0.677713 0.83718 1.01146 1.17608 1.30862 1.39655 1.44212 1.46117 1.47476 1.49771 1.53234 1.57157 1.60655 1.63251 1.65116 1.66799 1.68443 1.69004 1.6639 1.58596 1.44881 1.26153 1.04524 0.824588 0.620303 0.445566 0.305837 0.200628 0.125762 0.0753423 0.043141 0.0236711 0.0124583 0.00629851 0.00295239 0.00139328 0.000603033 0.000236373 9.80194e-05 3.77102e-05 0 0 0 0 0 0 0 0 0 0 0 0 0 0 0 0 0 0 0 0 0 0 0 0 0 0 0 0 0 0 0 0 0 0 0 0 0 0 0 0 0 0 0 0 0 0 0
0 0 0 0 0 0 0 0 0 0 0 0 0 0 0 0 0 0 0 0 0 0 0 0 0 0 0 0 0 0 0 0 0 0 0 0 0 0 0 0 0 0 0 9.59488e-05 0.000243726 0.000574427 0.00125848 0.00257045 0.00491743 0.00887031 0.0152159 0.0250459 0.0397547 0.0609034 0.0896185 0.125835 0.167705 0.211816 0.254575 0.294931 0.337876 0.395917 0.484435 0.611377 0.771449 0.948472 1.12116 1.26979 1.38297 1.46203 1.51921 1.5693 1.62011 1.66961 1.71063 1.73721 1.7481 1.74781 1.74413 1.74104 1.73043 1.6924 1.60607 1.46245 1.26947 1.04803 0.823231 0.61634 0.440642 0.30121 0.196893 0.122969 0.0732773 0.0416096 0.0224759 0.0115628 0.00566556 0.00252289 0.00114375 0.000480627 0.000159898 6.70543e-05 0 0 0 0 0 0 0 0 0 0 0 0 0 0 0 0 0 0 0 0 0 0 0 0 0 0 0 0 0 0 0 0 0 0 0 0 0 0 0 0 0 0 0 0 0 0 0 0
0 0 0 0 0 0 0 0 0 0 0 0 0 0 0 0 0 0 0 0 0 0 0 0 0 0 0 0 0 0 0 0 0 0 0 0 0 0 0 0 0 0 0 6.67647e-05 0.000170695 0.000405091 0.000894293 0.00184325 0.00356638 0.00652477 0.0113846 0.0190783 0.030814 0.0478158 0.0709759 0.100053 0.133526 0.168771 0.203448 0.23785 0.277694 0.334701 0.421815 0.545197 0.700676 0.875451 1.05193 1.21304 1.34836 1.45788 1.54972 1.63196 1.70539 1.76369 1.79974 1.81099 1.80077 1.77738 1.75123 1.72835 1.70278 1.65586 1.56656 1.42441 1.23559 1.01957 0.800621 0.599613 0.429472 0.294772 0.193976 0.122222 0.0735293 0.042103 0.0228523 0.0117403 0.00570366 0.00247923 0.00107409 0.000447206 0.00012324 0 0 0 0 0 0 0 0 0 0 0 0 0 0 0 0 0 0 0 0 0 0 0 0 0 0 0 0 0 0 0 0 0 0 0 0 0 0 0 0 0 0 0 0 0 0 0 0 0
0 0 0 0 0 0 0 0 0 0 0 0 0 0 0 0 0 0 0 0 0 0 0 0 0 0 0 0 0 0 0 0 0 0 0 0 0 0 0 0 0 0 0 4.33043e-05 0.000111605 0.000267308 0.000597051 0.00124919 0.00246406 0.00461576 0.00827193 0.0142473 0.0235049 0.037067 0.0555 0.0786074 0.105271 0.133803 0.163154 0.194614 0.233756 0.290149 0.373809 0.490109 0.637129 0.805776 0.981941 1.15089 1.30294 1.43658 1.55571 1.66203 1.74998 1.80954 1.83375 1.82356 1.78747 1.73836 1.6895 1.6487 1.61157 1.56068 1.47503 1.34274 1.16759 0.966594 0.76216 0.573983 0.414333 0.287457 0.191794 0.122799 0.0751348 0.0437198 0.0240759 0.012485 0.00606215 0.00262667 0.00114321 0.000466388 7.36041e-05 0 0 0 0 0 0 0 0 0 0 0 0 0 0 0 0 0 0 0 0 0 0 0 0 0 0 0 0 0 0 0 0 0 0 0 0 0 0 0 0 0 0 0 0 0 0 0 0 0
0 0 0 0 0 0 0 0 0 0 0 0 0 0 0 0 0 0 0 0 0 0 0 0 0 0 0 0 0 0 0 0 0 0 0 0 0 0 0 0 0 0 0 0 6.85058e-05 0.000166565 0.000379425 0.00081442 0.00165781 0.00322023 0.00601126 0.010674 0.0181125 0.0290662 0.0440945 0.06333 0.0861992 0.112101 0.140964 0.174305 0.216111 0.272681 0.351228 0.457132 0.591204 0.748168 0.917467 1.08691 1.24773 1.39699 1.53446 1.65605 1.7509 1.80618 1.81524 1.78214 1.72013 1.64667 1.57811 1.52378 1.48027 1.43096 1.35476 1.23832 1.08282 0.902339 0.716908 0.544781 0.397605 0.279566 0.189422 0.123321 0.0767213 0.0453457 0.0253193 0.0132696 0.00648699 0.00285077 0.00124185 0.000492588 9.62997e-05 0 0 0 0 0 0 0 0 0 0 0 0 0 0 0 0 0 0 0 0 0 0 0 0 0 0 0 0 0 0 0 0 0 0 0 0 0 0 0 0 0 0 0 0 0 0 0 0 0
0 0 0 0 0 0 0 0 0 0 0 0 0 0 0 0 0 0 0 0 0 0 0 0 0 0 0 0 0 0 0 0 0 0 0 0 0 0 0 0 0 0 0 0 4.00569e-05 9.99695e-05 0.000235407 0.000525669 0.00111684 0.00226862 0.00446805 0.00829624 0.0145123 0.0240253 0.0376688 0.0562112 0.0799889 0.109277 0.144178 0.185179 0.23367 0.292502 0.366022 0.459006 0.574445 0.711178 0.863294 1.02243 1.18151 1.33638 1.4828 1.61154 1.70772 1.75674 1.75244 1.70105 1.61923 1.52804 1.44646 1.38511 1.34102 1.29773 1.23384 1.13472 0.999314 0.83915 0.672115 0.515201 0.379646 0.269814 0.184967 0.1219 0.0767625 0.0458998 0.0259066 0.0136602 0.00679137 0.00298758 0.0013062 0.000530797 0.000118509 0 0 0 0 0 0 0 0 0 0 0 0 0 0 0 0 0 0 0 0 0 0 0 0 0 0 0 0 0 0 0 0 0 0 0 0 0 0 0 0 0 0 0 0 0 0 0 0 0
0 0 0 0 0 0 0 0 0 0 0 0 0 0 0 0 0 0 0 0 0 0 0 0 0 0 0 0 0 0 0 0 0 0 0 0 0 0 0 0 0 0 0 0 0 5.97293e-05 0.000147364 0.000345053 0.000772006 0.0017306 0.00360249 0.00701319 0.012951 0.0227171 0.0378569 0.0599851 0.090264 0.129115 0.175992 0.22976 0.289419 0.354893 0.427371 0.509169 0.603135 0.711511 0.834515 0.969979 1.11433 1.26293 1.40796 1.53584 1.6289 1.67179 1.65883 1.59748 1.50596 1.40723 1.32181 1.26091 1.22135 1.18628 1.13391 1.04898 0.929207 0.78458 0.631589 0.486395 0.36002 0.257057 0.177127 0.11741 0.0744164 0.0447997 0.025449 0.0135934 0.00676585 0.0029945 0.00131989 0.000540629 0.000135738 0 0 0 0 0 0 0 0 0 0 0 0 0 0 0 0 0 0 0 0 0 0 0 0 0 0 0 0 0 0 0 0 0 0 0 0 0 0 0 0 0 0 0 0 0 0 0 0 0
0 0 0 0 0 0 0 0 0 0 0 0 0 0 0 0 0 0 0 0 0 0 0 0 0 0 0 0 0 0 0 0 0 0 0 0 0 0 0 0 0 0 0 0 0 3.66431e-05 9.47559e-05 0.000230808 0.000542559 0.00145219 0.00336663 0.00703459 0.0139071 0.0259384 0.0455158 0.0750773 0.116231 0.169223 0.232514 0.303347 0.378691 0.456172 0.534211 0.611889 0.68954 0.769835 0.857783 0.958688 1.075 1.20379 1.33518 1.45261 1.53673 1.57207 1.55353 1.48893 1.39674 1.30009 1.21956 1.16587 1.13477 1.10844 1.06491 0.989029 0.878486 0.742876 0.598192 0.460238 0.340008 0.242187 0.166534 0.110283 0.0699383 0.0421789 0.0240618 0.0129125 0.00644053 0.00294528 0.00125645 0.000367595 0.000144023 0 0 0 0 0 0 0 0 0 0 0 0 0 0 0 0 0 0 0 0 0 0 0 0 0 0 0 0 0 0 0 0 0 0 0 0 0 0 0 0 0 0 0 0 0 0 0 0 0
0 0 0 0 0 0 0 0 0 0 0 0 0 0 0 0 0 0 0 0 0 0 0 0 0 0 0 0 0 0 0 0 0 0 0 0 0 0 0 0 0 0 0 0 0 0 6.16331e-05 0.000153489 0.000594102 0.00160897 0.00378592 0.00833074 0.0171392 0.0329035 0.0588875 0.0982786 0.153146 0.223342 0.306251 0.397376 0.491739 0.58512 0.674106 0.755635 0.827596 0.890975 0.951614 1.01889 1.1009 1.19875 1.30367 1.39867 1.46421 1.48549 1.45824 1.39063 1.30074 1.2109 1.14047 1.09846 1.07859 1.06159 1.02518 0.954722 0.848516 0.716586 0.575147 0.440174 0.322849 0.228016 0.155417 0.102145 0.0643945 0.0387218 0.0220587 0.0118392 0.00572406 0.00272318 0.00112485 0.000359597 0.000141273 0 0 0 0 0 0 0 0 0 0 0 0 0 0 0 0 0 0 0 0 0 0 0 0 0 0 0 0 0 0 0 0 0 0 0 0 0 0 0 0 0 0 0 0 0 0 0 0 0
0 0 0 0 0 0 0 0 0 0 0 0 0 0 0 0 0 0 0 0 0 0 0 0 0 0 0 0 0 0 0 0 0 0 0 0 0 0 0 0 0 0 0 0 0 0 0 0.000118189 0.000658342 0.00191863 0.00463977 0.010396 0.0216347 0.0418103 0.0750821 0.125391 0.195165 0.28392 0.387835 0.500524 0.615022 0.725555 0.827926 0.91871 0.995172 1.05685 1.10774 1.15615 1.21104 1.27623 1.34626 1.4069 1.44099 1.43601 1.38973 1.31151 1.21946 1.13476 1.07477 1.04577 1.03866 1.03223 1.00353 0.938145 0.834894 0.704357 0.563321 0.428369 0.311209 0.217128 0.145972 0.094631 0.0589596 0.0351142 0.0198598 0.0106084 0.00513497 0.00243605 0.00107744 0.000325069 0.000128002 0 0 0 0 0 0 0 0 0 0 0 0 0 0 0 0 0 0 0 0 0 0 0 0 0 0 0 0 0 0 0 0 0 0 0 0 0 0 0 0 0 0 0 0 0 0 0 0 0
0 0 0 0 0 0 0 0 0 0 0 0 0 0 0 0 0 0 0 0 0 0 0 0 0 0 0 0 0 0 0 0 0 0 0 0 0 0 0 0 0 0 0 0 0 0 0 7.25993e-05 0.000769245 0.00231863 0.00562297 0.0126363 0.026321 0.0508453 0.0911922 0.15203 0.236097 0.3426 0.466488 0.599538 0.732817 0.859333 0.975106 1.07817 1.1671 1.24089 1.30028 1.34873 1.39134 1.43126 1.46555 1.48438 1.47533 1.43049 1.35171 1.25121 1.1481 1.06261 1.00966 0.992187 0.997773 1.00296 0.983828 0.925639 0.827156 0.699066 0.558541 0.42286 0.304606 0.209836 0.13882 0.0884153 0.0541552 0.0317632 0.0177382 0.00937793 0.00451973 0.00212775 0.000851359 0.00027149 0.000107102 0 0 0 0 0 0 0 0 0 0 0 0 0 0 0 0 0 0 0 0 0 0 0 0 0 0 0 0 0 0 0 0 0 0 0 0 0 0 0 0 0 0 0 0 0 0 0 0 0
0 0 0 0 0 0 0 0 0 0 0 0 0 0 0 0 0 0 0 0 0 0 0 0 0 0 0 0 0 0 0 0 0 0 0 0 0 0 0 0 0 0 0 0 0 0 0 0.000309469 0.00101379 0.00267344 0.00648297 0.0145562 0.0302798 0.0584052 0.104595 0.174128 0.270062 0.391322 0.531913 0.681958 0.830818 0.970718 1.09882 1.21608 1.32383 1.42064 1.50247 1.56544 1.60821 1.63117 1.63283 1.60767 1.54903 1.45519 1.33381 1.20145 1.07914 0.9866 0.936133 0.927064 0.943579 0.960163 0.951942 0.903608 0.813201 0.690771 0.553301 0.41847 0.29977 0.204291 0.133037 0.0831055 0.0498582 0.0286697 0.0157343 0.00813483 0.00391643 0.00182227 0.000752623 0.000209537 8.27595e-05 0 0 0 0 0 0 0 0 0 0 0 0 0 0 0 0 0 0 0 0 0 0 0 0 0 0 0 0 0 0 0 0 0 0 0 0 0 0 0 0 0 0 0 0 0 0 0 0 0
0 0 0 0 0 0 0 0 0 0 0 0 0 0 0 0 0 0 0 0 0 0 0 0 0 0 0 0 0 0 0 0 0 0 0 0 0 0 0 0 0 0 0 0 0 0 0 0.000334111 0.00110446 0.00290085 0.00703245 0.0157822 0.0328071 0.0632508 0.113259 0.188596 0.292651 0.424315 0.576948 0.739505 0.90002 1.05037 1.18951 1.32217 1.4528 1.57896 1.69036 1.77448 1.82299 1.83335 1.80531 1.73749 1.62901 1.48462 1.31817 1.15095 1.0063 0.90344 0.852111 0.848029 0.872439 0.898457 0.900895 0.863927 0.784538 0.671457 0.540712 0.40983 0.292928 0.198059 0.127195 0.077933 0.0456997 0.0256693 0.0137258 0.00702072 0.00332693 0.00148721 0.000638392 0.000149561 0 0 0 0 0 0 0 0 0 0 0 0 0 0 0 0 0 0 0 0 0 0 0 0 0 0 0 0 0 0 0 0 0 0 0 0 0 0 0 0 0 0 0 0 0 0 0 0 0 0
0 0 0 0 0 0 0 0 0 0 0 0 0 0 0 0 0 0 0 0 0 0 0 0 0 0 0 0 0 0 0 0 0 0 0 0 0 0 0 0 0 0 0 0 0 0 0 0.000337369 0.00112675 0.00295884 0.00717362 0.0161057 0.03352 0.0647477 0.116191 0.194025 0.302043 0.43938 0.599221 0.769782 0.938177 1.09613 1.24444 1.39152 1.54448 1.69912 1.83854 1.94211 1.9955 1.99407 1.93907 1.83316 1.68074 1.49233 1.28706 1.09012 0.926476 0.814596 0.761492 0.7596 0.788118 0.820092 0.830984 0.805008 0.73806 0.637123 0.516621 0.393242 0.28118 0.189199 0.120161 0.0723361 0.0414434 0.022674 0.0118375 0.00591071 0.00275071 0.00122503 0.000518431 9.88788e-05 0 0 0 0 0 0 0 0 0 0 0 0 0 0 0 0 0 0 0 0 0 0 0 0 0 0 0 0 0 0 0 0 0 0 0 0 0 0 0 0 0 0 0 0 0 0 0 0 0 0
0 0 0 0 0 0 0 0 0 0 0 0 0 0 0 0 0 0 0 0 0 0 0 0 0 0 0 0 0 0 0 0 0 0 0 0 0 0 0 0 0 0 0 0 0 0 0 0.000319145 0.00107874 0.0028371 0.0068941 0.0155262 0.0324412 0.0629602 0.113608 0.190871 0.299039 0.437748 0.600377 0.774775 0.947311 1.10942 1.26313 1.41953 1.5876 1.7614 1.9189 2.0335 2.08689 2.07334 1.99583 1.86052 1.67626 1.45778 1.22772 1.01335 0.839962 0.724449 0.670924 0.66913 0.697679 0.731105 0.746753 0.72956 0.674632 0.587135 0.479449 0.366801 0.262808 0.176439 0.111189 0.0659752 0.037003 0.0196895 0.00999774 0.00484767 0.00219365 0.000966539 0.000401987 6.07219e-05 0 0 0 0 0 0 0 0 0 0 0 0 0 0 0 0 0 0 0 0 0 0 0 0 0 0 0 0 0 0 0 0 0 0 0 0 0 0 0 0 0 0 0 0 0 0 0 0 0 0
0 0 0 0 0 0 0 0 0 0 0 0 0 0 0 0 0 0 0 0 0 0 0 0 0 0 0 0 0 0 0 0 0 0 0 0 0 0 0 0 0 0 0 0 0 0 0 0.000284353 0.000974457 0.00257194 0.00627914 0.0142279 0.0299417 0.0585833 0.106652 0.180846 0.28594 0.422169 0.583294 0.757041 0.929115 1.09033 1.24291 1.39921 1.56936 1.74683 1.9072 2.02112 2.06852 2.04357 1.95077 1.79898 1.59996 1.3708 1.13522 0.920274 0.749762 0.638051 0.586303 0.582755 0.607285 0.637504 0.6536 0.641918 0.597247 0.523095 0.429668 0.330242 0.237214 0.159143 0.0998228 0.0586178 0.0323065 0.0167982 0.00827779 0.00387623 0.00171135 0.000732597 0.000297681 0 0 0 0 0 0 0 0 0 0 0 0 0 0 0 0 0 0 0 0 0 0 0 0 0 0 0 0 0 0 0 0 0 0 0 0 0 0 0 0 0 0 0 0 0 0 0 0 0 0 0
0 0 0 0 0 0 0 0 0 0 0 0 0 0 0 0 0 0 0 0 0 0 0 0 0 0 0 0 0 0 0 0 0 0 0 0 0 0 0 0 0 0 0 0 0 0 0 0.00023853 0.000838967 0.00222549 0.00547123 0.0125037 0.0265741 0.0525559 0.0967501 0.165873 0.264985 0.394804 0.549529 0.716977 0.882457 1.03601 1.17914 1.32408 1.48161 1.64608 1.79379 1.89593 1.9328 1.89925 1.80084 1.64799 1.45367 1.23505 1.01447 0.816298 0.660996 0.559528 0.510763 0.503334 0.520309 0.543414 0.55617 0.546755 0.510083 0.448357 0.369656 0.285033 0.205154 0.137645 0.0860979 0.0502061 0.0273512 0.0139589 0.00669864 0.00300063 0.00130017 0.000537142 0.000211553 0 0 0 0 0 0 0 0 0 0 0 0 0 0 0 0 0 0 0 0 0 0 0 0 0 0 0 0 0 0 0 0 0 0 0 0 0 0 0 0 0 0 0 0 0 0 0 0 0 0 0
0 0 0 0 0 0 0 0 0 0 0 0 0 0 0 0 0 0 0 0 0 0 0 0 0 0 0 0 0 0 0 0 0 0 0 0 0 0 0 0 0 0 0 0 0 0 0 0.000196424 0.000698861 0.00186222 0.00461146 0.0106356 0.0228441 0.045686 0.0850421 0.147327 0.237553 0.356661 0.499309 0.653784 0.805576 0.944249 1.07017 1.19444 1.32786 1.46677 1.5906 1.67366 1.69852 1.66121 1.56787 1.42919 1.25761 1.06831 0.879847 0.711761 0.579747 0.491335 0.4447 0.431078 0.437999 0.451542 0.458508 0.44899 0.418352 0.367852 0.303611 0.234393 0.168836 0.113249 0.0707042 0.0410616 0.0221876 0.0111791 0.00526627 0.00230392 0.000965015 0.000383804 0.000143455 0 0 0 0 0 0 0 0 0 0 0 0 0 0 0 0 0 0 0 0 0 0 0 0 0 0 0 0 0 0 0 0 0 0 0 0 0 0 0 0 0 0 0 0 0 0 0 0 0 0 0
0 0 0 0 0 0 0 0 0 0 0 0 0 0 0 0 0 0 0 0 0 0 0 0 0 0 0 0 0 0 0 0 0 0 0 0 0 0 0 0 0 0 0 0 0 0 0 0.000159775 0.000572541 0.00152623 0.00379449 0.00880879 0.0190728 0.03847 0.0722295 0.126102 0.204662 0.308836 0.433826 0.568906 0.700547 0.818566 0.922343 1.02124 1.12548 1.2335 1.32911 1.39135 1.40617 1.37115 1.29265 1.1805 1.04507 0.897613 0.751061 0.618765 0.511441 0.43449 0.387543 0.365845 0.361557 0.364667 0.364854 0.354007 0.328055 0.287552 0.236926 0.182708 0.131494 0.0881211 0.0549143 0.0317892 0.017093 0.00854079 0.003972 0.00170896 0.000696831 0.000265949 0 0 0 0 0 0 0 0 0 0 0 0 0 0 0 0 0 0 0 0 0 0 0 0 0 0 0 0 0 0 0 0 0 0 0 0 0 0 0 0 0 0 0 0 0 0 0 0 0 0 0 0
0 0 0 0 0 0 0 0 0 0 0 0 0 0 0 0 0 0 0 0 0 0 0 0 0 0 0 0 0 0 0 0 0 0 0 0 0 0 0 0 0 0 0 0 0 0 0 0 0.000463764 0.00122929 0.00305605 0.00709925 0.0154146 0.0312164 0.0588623 0.103176 0.168 0.254094 0.357325 0.468475 0.575798 0.670237 0.750666 0.824644 0.901208 0.980353 1.05026 1.09505 1.10456 1.07811 1.02192 0.944142 0.851621 0.750167 0.64613 0.546871 0.459645 0.389871 0.340028 0.309369 0.293873 0.286737 0.280114 0.26746 0.245237 0.213455 0.175034 0.134511 0.0965417 0.0645591 0.0401395 0.0231676 0.0124101 0.00616676 0.00281906 0.00121081 0.000482877 0.000180716 0 0 0 0 0 0 0 0 0 0 0 0 0 0 0 0 0 0 0 0 0 0 0 0 0 0 0 0 0 0 0 0 0 0 0 0 0 0 0 0 0 0 0 0 0 0 0 0 0 0 0 0
0 0 0 0 0 0 0 0 0 0 0 0 0 0 0 0 0 0 0 0 0 0 0 0 0 0 0 0 0 0 0 0 0 0 0 0 0 0 0 0 0 0 0 0 0 0 0 0 0.000372695 0.000973597 0.00239615 0.00553137 0.0119699 0.0242079 0.0456397 0.0800246 0.130341 0.19713 0.27704 0.362695 0.44471 0.515792 0.574952 0.628182 0.682991 0.740113 0.791252 0.825186 0.835447 0.8231 0.793948 0.753424 0.703582 0.644079 0.575355 0.500847 0.426712 0.359822 0.305458 0.265831 0.239656 0.222714 0.209364 0.194498 0.175029 0.150413 0.122246 0.093349 0.0666786 0.0444183 0.0275255 0.0158394 0.0084519 0.00414586 0.00190486 0.000809924 0.000320118 0.000117749 0 0 0 0 0 0 0 0 0 0 0 0 0 0 0 0 0 0 0 0 0 0 0 0 0 0 0 0 0 0 0 0 0 0 0 0 0 0 0 0 0 0 0 0 0 0 0 0 0 0 0 0
0 0 0 0 0 0 0 0 0 0 0 0 0 0 0 0 0 0 0 0 0 0 0 0 0 0 0 0 0 0 0 0 0 0 0 0 0 0 0 0 0 0 0 0 0 0 0 0 0.00022044 0.000745593 0.00181083 0.00412939 0.00885646 0.0178013 0.033423 0.0584401 0.094988 0.1434 0.201157 0.262813 0.321498 0.372003 0.413901 0.452024 0.492285 0.535472 0.575825 0.605994 0.62286 0.628941 0.628853 0.624098 0.61112 0.584271 0.540481 0.481823 0.414856 0.347936 0.288252 0.239921 0.203562 0.177026 0.156673 0.138774 0.120661 0.101253 0.0809492 0.0611248 0.043302 0.0286708 0.0176817 0.0101335 0.0053836 0.00263623 0.00120468 0.000510036 0.000200039 0 0 0 0 0 0 0 0 0 0 0 0 0 0 0 0 0 0 0 0 0 0 0 0 0 0 0 0 0 0 0 0 0 0 0 0 0 0 0 0 0 0 0 0 0 0 0 0 0 0 0 0 0
0 0 0 0 0 0 0 0 0 0 0 0 0 0 0 0 0 0 0 0 0 0 0 0 0 0 0 0 0 0 0 0 0 0 0 0 0 0 0 0 0 0 0 0 0 0 0 0 0 0.000547783 0.0013024 0.00292987 0.00620147 0.0123395 0.0229924 0.0399938 0.0647458 0.0974383 0.136334 0.177732 0.217089 0.251188 0.280316 0.308469 0.340094 0.375729 0.411562 0.443599 0.471614 0.4988 0.527176 0.553229 0.568501 0.564358 0.536665 0.487506 0.423952 0.355194 0.289566 0.23259 0.186468 0.150678 0.123142 0.101295 0.0829016 0.0664894 0.0515001 0.038018 0.0265403 0.0173934 0.0106454 0.00606537 0.00317857 0.00156387 0.000712334 0.000300265 0.000117113 0 0 0 0 0 0 0 0 0 0 0 0 0 0 0 0 0 0 0 0 0 0 0 0 0 0 0 0 0 0 0 0 0 0 0 0 0 0 0 0 0 0 0 0 0 0 0 0 0 0 0 0 0
0 0 0 0 0 0 0 0 0 0 0 0 0 0 0 0 0 0 0 0 0 0 0 0 0 0 0 0 0 0 0 0 0 0 0 0 0 0 0 0 0 0 0 0 0 0 0 0 0 0.000381018 0.000887758 0.00196392 0.00409073 0.00803288 0.014816 0.0255752 0.0411713 0.0617057 0.0860793 0.112016 0.136846 0.158964 0.179267 0.201067 0.227627 0.259392 0.294525 0.332134 0.374047 0.422466 0.475384 0.524779 0.559515 0.570215 0.55281 0.509509 0.447424 0.375946 0.304112 0.238704 0.183485 0.139375 0.105342 0.0794747 0.0597522 0.044505 0.0325138 0.022995 0.0155703 0.00999818 0.00603328 0.00338133 0.00176555 0.000865248 0.000392637 0.00016486 0 0 0 0 0 0 0 0 0 0 0 0 0 0 0 0 0 0 0 0 0 0 0 0 0 0 0 0 0 0 0 0 0 0 0 0 0 0 0 0 0 0 0 0 0 0 0 0 0 0 0 0 0 0
0 0 0 0 0 0 0 0 0 0 0 0 0 0 0 0 0 0 0 0 0 0 0 0 0 0 0 0 0 0 0 0 0 0 0 0 0 0 0 0 0 0 0 0 0 0 0 0 0 0 0.000570441 0.00123404 0.00253485 0.00490118 0.00892657 0.0152554 0.0243906 0.0363808 0.0505998 0.0658107 0.0806741 0.0947113 0.109173 0.126798 0.150099 0.180046 0.217026 0.26254 0.318594 0.384562 0.45463 0.518476 0.564585 0.584035 0.573107 0.533854 0.472917 0.399364 0.322494 0.250059 0.18721 0.13622 0.0969685 0.0678912 0.0468849 0.0319566 0.0214409 0.0141164 0.00903202 0.00556673 0.00324562 0.00179764 0.000913524 0.000445808 0.000201518 8.43129e-05 0 0 0 0 0 0 0 0 0 0 0 0 0 0 0 0 0 0 0 0 0 0 0 0 0 0 0 0 0 0 0 0 0 0 0 0 0 0 0 0 0 0 0 0 0 0 0 0 0 0 0 0 0 0
0 0 0 0 0 0 0 0 0 0 0 0 0 0 0 0 0 0 0 0 0 0 0 0 0 0 0 0 0 0 0 0 0 0 0 0 0 0 0 0 0 0 0 0 0 0 0 0 0 0 0 0.000730383 0.00146755 0.00279996 0.00502598 0.00849038 0.0134627 0.0199813 0.0277381 0.0361697 0.0447939 0.0538064 0.0646022 0.0795557 0.101104 0.131353 0.172498 0.226563 0.293689 0.370248 0.448432 0.517744 0.567658 0.590427 0.582882 0.546811 0.48801 0.414699 0.335812 0.259461 0.191689 0.135906 0.0928948 0.0615275 0.0396685 0.0249796 0.0153791 0.00927243 0.00545942 0.00312441 0.00173569 0.00092353 0.000466143 0.000213857 9.62906e-05 0 0 0 0 0 0 0 0 0 0 0 0 0 0 0 0 0 0 0 0 0 0 0 0 0 0 0 0 0 0 0 0 0 0 0 0 0 0 0 0 0 0 0 0 0 0 0 0 0 0 0 0 0 0 0
0 0 0 0 0 0 0 0 0 0 0 0 0 0 0 0 0 0 0 0 0 0 0 0 0 0 0 0 0 0 0 0 0 0 0 0 0 0 0 0 0 0 0 0 0 0 0 0 0 0 0 0.000404587 0.000798881 0.00149617 0.00264497 0.00440956 0.00694297 0.0102645 0.0142839 0.0188403 0.0239523 0.0302044 0.0390902 0.0529858 0.0747895 0.107549 0.153834 0.214561 0.287705 0.367724 0.446163 0.513309 0.560356 0.581344 0.574146 0.540471 0.48515 0.415096 0.338179 0.262067 0.193058 0.135247 0.0902553 0.0575558 0.035238 0.0208047 0.0119043 0.00661064 0.00356831 0.00188056 0.000963854 0.000478898 0.000229187 9.55337e-05 0 0 0 0 0 0 0 0 0 0 0 0 0 0 0 0 0 0 0 0 0 0 0 0 0 0 0 0 0 0 0 0 0 0 0 0 0 0 0 0 0 0 0 0 0 0 0 0 0 0 0 0 0 0 0 0
0 0 0 0 0 0 0 0 0 0 0 0 0 0 0 0 0 0 0 0 0 0 0 0 0 0 0 0 0 0 0 0 0 0 0 0 0 0 0 0 0 0 0 0 0 0 0 0 0 0 0 0 0.000406743 0.000746526 0.00130053 0.00213927 0.00337334 0.00500188 0.00707967 0.00969463 0.013147 0.0182722 0.0267198 0.041044 0.0644589 0.10016 0.150248 0.214448 0.289224 0.367836 0.441532 0.501544 0.541002 0.556143 0.546424 0.513967 0.462825 0.398414 0.327015 0.255144 0.188673 0.131927 0.0871258 0.0543755 0.0321391 0.0180736 0.00973143 0.00504424 0.00252243 0.00122569 0.000577292 0.000263628 0.00011666 0 0 0 0 0 0 0 0 0 0 0 0 0 0 0 0 0 0 0 0 0 0 0 0 0 0 0 0 0 0 0 0 0 0 0 0 0 0 0 0 0 0 0 0 0 0 0 0 0 0 0 0 0 0 0 0 0
0 0 0 0 0 0 0 0 0 0 0 0 0 0 0 0 0 0 0 0 0 0 0 0 0 0 0 0 0 0 0 0 0 0 0 0 0 0 0 0 0 0 0 0 0 0 0 0 0 0 0 0 0 0.000349472 0.000597303 0.00100261 0.00158884 0.00242766 0.00363601 0.00545859 0.00836206 0.0133262 0.0220797 0.0372066 0.0618845 0.0991075 0.150499 0.215013 0.288194 0.362554 0.429205 0.480134 0.510129 0.517473 0.503409 0.47093 0.423776 0.366086 0.302414 0.237725 0.176939 0.124147 0.0818486 0.0506072 0.0293524 0.0160053 0.00824063 0.00402711 0.00188495 0.000851009 0.000371225 0.000141997 5.46007e-05 0 0 0 0 0 0 0 0 0 0 0 0 0 0 0 0 0 0 0 0 0 0 0 0 0 0 0 0 0 0 0 0 0 0 0 0 0 0 0 0 0 0 0 0 0 0 0 0 0 0 0 0 0 0 0 0 0
0 0 0 0 0 0 0 0 0 0 0 0 0 0 0 0 0 0 0 0 0 0 0 0 0 0 0 0 0 0 0 0 0 0 0 0 0 0 0 0 0 0 0 0 0 0 0 0 0 0 0 0 0 0 0.000207516 0.000470871 0.000785345 0.00131132 0.00220583 0.00378227 0.00659916 0.011691 0.0207355 0.036158 0.0608642 0.0975079 0.147322 0.208879 0.277408 0.345312 0.40392 0.445892 0.467115 0.467263 0.448928 0.41602 0.372437 0.321545 0.266479 0.21063 0.15771 0.111183 0.0734439 0.0453167 0.0260758 0.0139927 0.0070166 0.00329254 0.00146456 0.000619977 0.000246337 9.50619e-05 0 0 0 0 0 0 0 0 0 0 0 0 0 0 0 0 0 0 0 0 0 0 0 0 0 0 0 0 0 0 0 0 0 0 0 0 0 0 0 0 0 0 0 0 0 0 0 0 0 0 0 0 0 0 0 0 0 0
0 0 0 0 0 0 0 0 0 0 0 0 0 0 0 0 0 0 0 0 0 0 0 0 0 0 0 0 0 0 0 0 0 0 0 0 0 0 0 0 0 0 0 0 0 0 0 0 0 0 0 0 0 0 0 0.000183914 0.000463222 0.000872996 0.00166266 0.00318134 0.00603054 0.0112199 0.0202845 0.0353022 0.0587017 0.0926361 0.137984 0.193243 0.253941 0.313091 0.362826 0.396613 0.411028 0.406311 0.38558 0.353219 0.313378 0.269147 0.222785 0.176421 0.132549 0.0937851 0.0621125 0.0383465 0.0220103 0.0117321 0.00580854 0.00266497 0.00114613 0.000462547 0.000176478 6.41772e-05 0 0 0 0 0 0 0 0 0 0 0 0 0 0 0 0 0 0 0 0 0 0 0 0 0 0 0 0 0 0 0 0 0 0 0 0 0 0 0 0 0 0 0 0 0 0 0 0 0 0 0 0 0 0 0 0 0 0
0 0 0 0 0 0 0 0 0 0 0 0 0 0 0 0 0 0 0 0 0 0 0 0 0 0 0 0 0 0 0 0 0 0 0 0 0 0 0 0 0 0 0 0 0 0 0 0 0 0 0 0 0 0 0 0.000145055 0.000313506 0.000669986 0.00143228 0.00294147 0.0058157 0.010987 0.0197593 0.0337691 0.0548158 0.0844021 0.123016 0.169282 0.219467 0.267814 0.307813 0.334023 0.343556 0.336662 0.316178 0.286305 0.251146 0.213728 0.175892 0.138971 0.104438 0.0739964 0.0490839 0.0303292 0.0174009 0.00925253 0.00455597 0.00207345 0.000877877 0.000345691 0.000127206 4.40626e-05 0 0 0 0 0 0 0 0 0 0 0 0 0 0 0 0 0 0 0 0 0 0 0 0 0 0 0 0 0 0 0 0 0 0 0 0 0 0 0 0 0 0 0 0 0 0 0 0 0 0 0 0 0 0 0 0 0 0
0 0 0 0 0 0 0 0 0 0 0 0 0 0 0 0 0 0 0 0 0 0 0 0 0 0 0 0 0 0 0 0 0 0 0 0 0 0 0 0 0 0 0 0 0 0 0 0 0 0 0 0 0 0 0 0.000113103 0.000258296 0.000586936 0.00130318 0.00277113 0.00558019 0.0105449 0.0187248 0.0313003 0.0494035 0.0738327 0.104631 0.140591 0.17891 0.215383 0.245213 0.264287 0.270285 0.263222 0.245234 0.219768 0.190478 0.160199 0.130588 0.102536 0.0768136 0.0543684 0.0360658 0.022293 0.012791 0.00679648 0.00333055 0.00151456 0.000636728 0.000247757 8.94247e-05 3.00747e-05 0 0 0 0 0 0 0 0 0 0 0 0 0 0 0 0 0 0 0 0 0 0 0 0 0 0 0 0 0 0 0 0 0 0 0 0 0 0 0 0 0 0 0 0 0 0 0 0 0 0 0 0 0 0 0 0 0 0
0 0 0 0 0 0 0 0 0 0 0 0 0 0 0 0 0 0 0 0 0 0 0 0 0 0 0 0 0 0 0 0 0 0 0 0 0 0 0 0 0 0 0 0 0 0 0 0 0 0 0 0 0 0 0 8.78935e-05 0.000214111 0.000513248 0.00117789 0.00254617 0.00514148 0.00967731 0.0169746 0.0278283 0.0428112 0.0620898 0.0852661 0.11123 0.138049 0.163046 0.183172 0.195718 0.199001 0.192836 0.178554 0.158619 0.135898 0.112808 0.0908351 0.0706422 0.0525915 0.0370972 0.0245697 0.0151778 0.00870636 0.00462457 0.00226522 0.00102838 0.000431031 0.000166853 5.96959e-05 0 0 0 0 0 0 0 0 0 0 0 0 0 0 0 0 0 0 0 0 0 0 0 0 0 0 0 0 0 0 0 0 0 0 0 0 0 0 0 0 0 0 0 0 0 0 0 0 0 0 0 0 0 0 0 0 0 0 0
0 0 0 0 0 0 0 0 0 0 0 0 0 0 0 0 0 0 0 0 0 0 0 0 0 0 0 0 0 0 0 0 0 0 0 0 0 0 0 0 0 0 0 0 0 0 0 0 0 0 0 0 0 0 0 6.79616e-05 0.000175173 0.000434207 0.00101446 0.00220859 0.00446259 0.00836052 0.0145293 0.0234801 0.0354042 0.0500435 0.0666803 0.0842381 0.101405 0.116704 0.128592 0.135627 0.136799 0.131837 0.121416 0.107059 0.0907541 0.0743395 0.0590287 0.0453511 0.0334624 0.02347 0.0154947 0.00955626 0.00547729 0.00289837 0.0014242 0.000646062 0.00027043 0.000104446 3.72184e-05 0 0 0 0 0 0 0 0 0 0 0 0 0 0 0 0 0 0 0 0 0 0 0 0 0 0 0 0 0 0 0 0 0 0 0 0 0 0 0 0 0 0 0 0 0 0 0 0 0 0 0 0 0 0 0 0 0 0 0
0 0 0 0 0 0 0 0 0 0 0 0 0 0 0 0 0 0 0 0 0 0 0 0 0 0 0 0 0 0 0 0 0 0 0 0 0 0 0 0 0 0 0 0 0 0 0 0 0 0 0 0 0 0 0 5.13509e-05 0.00013739 0.000347258 0.0008181 0.00178613 0.00360693 0.00673391 0.0116334 0.018621 0.0276873 0.0383865 0.0498803 0.0611444 0.0712378 0.0794442 0.0852392 0.0881688 0.0878152 0.083974 0.0768793 0.0673278 0.0565263 0.0457093 0.0357643 0.027093 0.0197669 0.0137568 0.00903873 0.00555964 0.00317561 0.00168315 0.000826595 0.000374786 0.000156788 6.04858e-05 0 0 0 0 0 0 0 0 0 0 0 0 0 0 0 0 0 0 0 0 0 0 0 0 0 0 0 0 0 0 0 0 0 0 0 0 0 0 0 0 0 0 0 0 0 0 0 0 0 0 0 0 0 0 0 0 0 0 0 0
0 0 0 0 0 0 0 0 0 0 0 0 0 0 0 0 0 0 0 0 0 0 0 0 0 0 0 0 0 0 0 0 0 0 0 0 0 0 0 0 0 0 0 0 0 0 0 0 0 0 0 0 0 0 0 3.71628e-05 0.00010145 0.000259043 0.00061253 0.00133882 0.00270153 0.00503308 0.00866042 0.0137807 0.0203057 0.0277819 0.0354378 0.0423844 0.0479072 0.0516609 0.0536539 0.0540145 0.0527733 0.0498523 0.0452761 0.039368 0.0327557 0.0261669 0.0201724 0.0150497 0.0108361 0.00746823 0.00487568 0.00298765 0.00169968 0.000901804 0.000442547 0.000200552 8.3866e-05 3.229e-05 0 0 0 0 0 0 0 0 0 0 0 0 0 0 0 0 0 0 0 0 0 0 0 0 0 0 0 0 0 0 0 0 0 0 0 0 0 0 0 0 0 0 0 0 0 0 0 0 0 0 0 0 0 0 0 0 0 0 0 0
0 0 0 0 0 0 0 0 0 0 0 0 0 0 0 0 0 0 0 0 0 0 0 0 0 0 0 0 0 0 0 0 0 0 0 0 0 0 0 0 0 0 0 0 0 0 0 0 0 0 0 0 0 0 0 2.52407e-05 6.97406e-05 0.000178871 0.000424133 0.000927259 0.00186982 0.00347915 0.00597327 0.00946913 0.0138768 0.0188274 0.0237164 0.0278588 0.0307228 0.0321166 0.0322115 0.0313552 0.0298127 0.0276412 0.0248072 0.0213835 0.0176331 0.0139252 0.0105807 0.00776912 0.00551205 0.00375507 0.00243198 0.00147524 0.000841488 0.000445686 0.000218494 9.89608e-05 4.13463e-05 0 0 0 0 0 0 0 0 0 0 0 0 0 0 0 0 0 0 0 0 0 0 0 0 0 0 0 0 0 0 0 0 0 0 0 0 0 0 0 0 0 0 0 0 0 0 0 0 0 0 0 0 0 0 0 0 0 0 0 0 0
0 0 0 0 0 0 0 0 0 0 0 0 0 0 0 0 0 0 0 0 0 0 0 0 0 0 0 0 0 0 0 0 0 0 0 0 0 0 0 0 0 0 0 0 0 0 0 0 0 0 0 0 0 0 0 0 4.44828e-05 0.000114249 0.000270969 0.00059242 0.00119482 0.00222114 0.00380856 0.00602455 0.0087986 0.0118765 0.0148415 0.0172234 0.0186555 0.0190148 0.0184591 0.0173217 0.015912 0.0143654 0.012666 0.0107908 0.00881136 0.00688148 0.00515647 0.00372597 0.00260189 0.00174187 0.0011144 0.000676746 0.00038451 0.000203188 9.94851e-05 4.501e-05 0 0 0 0 0 0 0 0 0 0 0 0 0 0 0 0 0 0 0 0 0 0 0 0 0 0 0 0 0 0 0 0 0 0 0 0 0 0 0 0 0 0 0 0 0 0 0 0 0 0 0 0 0 0 0 0 0 0 0 0 0 0
0 0 0 0 0 0 0 0 0 0 0 0 0 0 0 0 0 0 0 0 0 0 0 0 0 0 0 0 0 0 0 0 0 0 0 0 0 0 0 0 0 0 0 0 0 0 0 0 0 0 0 0 0 0 0 0 2.61948e-05 6.73514e-05 0.000159702 0.000349086 0.00070396 0.00130842 0.0022415 0.00354167 0.00516205 0.00694609 0.00863806 0.00994709 0.010644 0.010649 0.0100633 0.00911877 0.00805998 0.00703006 0.00604409 0.00506488 0.00408705 0.00315596 0.00233341 0.00165961 0.0011343 0.000748104 0.000476007 0.000286811 0.000162167 8.54511e-05 4.1755e-05 0 0 0 0 0 0 0 0 0 0 0 0 0 0 0 0 0 0 0 0 0 0 0 0 0 0 0 0 0 0 0 0 0 0 0 0 0 0 0 0 0 0 0 0 0 0 0 0 0 0 0 0 0 0 0 0 0 0 0 0 0 0 0
0 0 0 0 0 0 0 0 0 0 0 0 0 0 0 0 0 0 0 0 0 0 0 0 0 0 0 0 0 0 0 0 0 0 0 0 0 0 0 0 0 0 0 0 0 0 0 0 0 0 0 0 0 0 0 0 0 3.66053e-05 8.68041e-05 0.000189771 0.000382363 0.00071061 0.00121664 0.00192143 0.0027977 0.00375741 0.00465909 0.00533953 0.00566933 0.00560043 0.00518707 0.00456326 0.00388308 0.00325439 0.00270634 0.00221611 0.00176094 0.00134299 0.000971523 0.000674561 0.000457493 0.000299631 0.000188177 0.000112342 6.31181e-05 3.31429e-05 0 0 0 0 0 0 0 0 0 0 0 0 0 0 0 0 0 0 0 0 0 0 0 0 0 0 0 0 0 0 0 0 0 0 0 0 0 0 0 0 0 0 0 0 0 0 0 0 0 0 0 0 0 0 0 0 0 0 0 0 0 0 0 0
0 0 0 0 0 0 0 0 0 0 0 0 0 0 0 0 0 0 0 0 0 0 0 0 0 0 0 0 0 0 0 0 0 0 0 0 0 0 0 0 0 0 0 0 0 0 0 0 0 0 0 0 0 0 0 0 0 1.83351e-05 4.34945e-05 9.50893e-05 0.000191592 0.00035577 0.000608848 0.000961357 0.00139823 0.0018765 0.00232373 0.0026554 0.00280565 0.0027487 0.00251062 0.0021592 0.00177727 0.00142963 0.00114222 0.000906882 0.000696104 0.000513623 0.000373389 0.000259444 0.000172782 0.000111283 6.88611e-05 4.06727e-05 0 0 0 0 0 0 0 0 0 0 0 0 0 0 0 0 0 0 0 0 0 0 0 0 0 0 0 0 0 0 0 0 0 0 0 0 0 0 0 0 0 0 0 0 0 0 0 0 0 0 0 0 0 0 0 0 0 0 0 0 0 0 0 0 0 0
0 0 0 0 0 0 0 0 0 0 0 0 0 0 0 0 0 0 0 0 0 0 0 0 0 0 0 0 0 0 0 0 0 0 0 0 0 0 0 0 0 0 0 0 0 0 0 0 0 0 0 0 0 0 0 0 0 0 2.00852e-05 4.39117e-05 8.84759e-05 0.00016429 0.000281159 0.000443449 0.000644579 0.000863497 0.00106858 0.00121755 0.00128359 0.00124964 0.00112907 0.000953335 0.000762115 0.00058875 0.000434311 0.000332779 0.000254071 0.000189218 0.000135347 9.18603e-05 6.05259e-05 3.83268e-05 0 0 0 0 0 0 0 0 0 0 0 0 0 0 0 0 0 0 0 0 0 0 0 0 0 0 0 0 0 0 0 0 0 0 0 0 0 0 0 0 0 0 0 0 0 0 0 0 0 0 0 0 0 0 0 0 0 0 0 0 0 0 0 0 0 0 0 0
0 0 0 0 0 0 0 0 0 0 0 0 0 0 0 0 0 0 0 0 0 0 0 0 0 0 0 0 0 0 0 0 0 0 0 0 0 0 0 0 0 0 0 0 0 0 0 0 0 0 0 0 0 0 0 0 0 0 8.54814e-06 1.86883e-05 3.76542e-05 6.9921e-05 0.00011966 0.000188727 0.000274327 0.000367495 0.00045371 0.000516248 0.000541464 0.000523379 0.000471521 0.000392779 0.000306832 0.000228707 0.000166847 0.000121904 8.94929e-05 6.48876e-05 4.43251e-05 3.02909e-05 0 0 0 0 0 0 0 0 0 0 0 0 0 0 0 0 0 0 0 0 0 0 0 0 0 0 0 0 0 0 0 0 0 0 0 0 0 0 0 0 0 0 0 0 0 0 0 0 0 0 0 0 0 0 0 0 0 0 0 0 0 0 0 0 0 0 0 0 0 0
0 0 0 0 0 0 0 0 0 0 0 0 0 0 0 0 0 0 0 0 0 0 0 0 0 0 0 0 0 0 0 0 0 0 0 0 0 0 0 0 0 0 0 0 0 0 0 0 0 0 0 0 0 0 0 0 0 0 0 7.33003e-06 1.4769e-05 2.74252e-05 4.69341e-05 7.40243e-05 0.0001076 0.000144141 0.000177958 0.000202486 0.000212333 0.000205207 0.000182869 0.000150176 0.000113698 7.93848e-05 5.11415e-05 3.04265e-05 1.6745e-05 0 0 0 0 0 0 0 0 0 0 0 0 0 0 0 0 0 0 0 0 0 0 0 0 0 0 0 0 0 0 0 0 0 0 0 0 0 0 0 0 0 0 0 0 0 0 0 0 0 0 0 0 0 0 0 0 0 0 0 0 0 0 0 0 0 0 0 0 0 0 0 0 0
0 0 0 0 0 0 0 0 0 0 0 0 0 0 0 0 0 0 0 0 0 0 0 0 0 0 0 0 0 0 0 0 0 0 0 0 0 0 0 0 0 0 0 0 0 0 0 0 0 0 0 0 0 0 0 0 0 0 0 0 5.33879e-06 9.91364e-06 1.69657e-05 2.67585e-05 3.88952e-05 5.21048e-05 6.43292e-05 7.3195e-05 7.67553e-05 7.41784e-05 6.60692e-05 5.42749e-05 4.10855e-05 2.86776e-05 1.84649e-05 1.09753e-05 0 0 0 0 0 0 0 0 0 0 0 0 0 0 0 0 0 0 0 0 0 0 0 0 0 0 0 0 0 0 0 0 0 0 0 0 0 0 0 0 0 0 0 0 0 0 0 0 0 0 0 0 0 0 0 0 0 0 0 0 0 0 0 0 0 0 0 0 0 0 0 0 0 0
0 0 0 0 0 0 0 0 0 0 0 0 0 0 0 0 0 0 0 0 0 0 0 0 0 0 0 0 0 0 0 0 0 0 0 0 0 0 0 0 0 0 0 0 0 0 0 0 0 0 0 0 0 0 0 0 0 0 0 0 0 3.3027e-06 5.6521e-06 8.91439e-06 1.29577e-05 1.73585e-05 2.14309e-05 2.43849e-05 2.55707e-05 2.47124e-05 2.20107e-05 1.80676e-05 1.36682e-05 9.52962e-06 6.14566e-06 0 0 0 0 0 0 0 0 0 0 0 0 0 0 0 0 0 0 0 0 0 0 0 0 0 0 0 0 0 0 0 0 0 0 0 0 0 0 0 0 0 0 0 0 0 0 0 0 0 0 0 0 0 0 0 0 0 0 0 0 0 0 0 0 0 0 0 0 0 0 0 0 0 0 0
0 0 0 0 0 0 0 0 0 0 0 0 0 0 0 0 0 0 0 0 0 0 0 0 0 0 0 0 0 0 0 0 0 0 0 0 0 0 0 0 0 0 0 0 0 0 0 0 0 0 0 0 0 0 0 0 0 0 0 0 0 0 0 2.73702e-06 3.97844e-06 5.32957e-06 6.57993e-06 7.48683e-06 7.85095e-06 7.58742e-06 6.75792e-06 5.54726e-06 4.19655e-06 0 0 0 0 0 0 0 0 0 0 0 0 0 0 0 0 0 0 0 0 0 0 0 0 0 0 0 0 0 0 0 0 0 0 0 0 0 0 0 0 0 0 0 0 0 0 0 0 0 0 0 0 0 0 0 0 0 0 0 0 0 0 0 0 0 0 0 0 0 0 0 0 0 0 0 0 0
0 0 0 0 0 0 0 0 0 0 0 0 0 0 0 0 0 0 0 0 0 0 0 0 0 0 0 0 0 0 0 0 0 0 0 0 0 0 0 0 0 0 0 0 0 0 0 0 0 0 0 0 0 0 0 0 0 0 0 0 0 0 0 0 1.12575e-06 1.50808e-06 1.86189e-06 2.1185e-06 2.22155e-06 2.14696e-06 1.91225e-06 0 0 0 0 0 0 0 0 0 0 0 0 0 0 0 0 0 0 0 0 0 0 0 0 0 0 0 0 0 0 0 0 0 0 0 0 0 0 0 0 0 0 0 0 0 0 0 0 0 0 0 0 0 0 0 0 0 0 0 0 0 0 0 0 0 0 0 0 0 0 0 0 0 0 0 0 0 0 0
0 0 0 0 0 0 0 0 0 0 0 0 0 0 0 0 0 0 0 0 0 0 0 0 0 0 0 0 0 0 0 0 0 0 0 0 0 0 0 0 0 0 0 0 0 0 0 0 0 0 0 0 0 0 0 0 0 0 0 0 0 0 0 0 0 0 0 0 0 0 0 0 0 0 0 0 0 0 0 0 0 0 0 0 0 0 0 0 0 0 0 0 0 0 0 0 0 0 0 0 0 0 0 0 0 0 0 0 0 0 0 0 0 0 0 0 0 0 0 0 0 0 0 0 0 0 0 0 0 0 0 0 0 0 0 0 0 0 0 0 0 0 0 0 0 0 0 0 0 0
0 0 0 0 0 0 0 0 0 0 0 0 0 0 0 0 0 0 0 0 0 0 0 0 0 0 0 0 0 0 0 0 0 0 0 0 0 0 0 0 0 0 0 0 0 0 0 0 0 0 0 0 0 0 0 0 0 0 0 0 0 0 0 0 0 0 0 0 0 0 0 0 0 0 0 0 0 0 0 0 0 0 0 0 0 0 0 0 0 0 0 0 0 0 0 0 0 0 0 0 0 0 0 0 0 0 0 0 0 0 0 0 0 0 0 0 0 0 0 0 0 0 0 0 0 0 0 0 0 0 0 0 0 0 0 0 0 0 0 0 0 0 0 0 0 0 0 0 0 0
0 0 0 0 0 0 0 0 0 0 0 0 0 0 0 0 0 0 0 0 0 0 0 0 0 0 0 0 0 0 0 0 0 0 0 0 0 0 0 0 0 0 0 0 0 0 0 0 0 0 0 0 0 0 0 0 0 0 0 0 0 0 0 0 0 0 0 0 0 0 0 0 0 0 0 0 0 0 0 0 0 0 0 0 0 0 0 0 0 0 0 0 0 0 0 0 0 0 0 0 0 0 0 0 0 0 0 0 0 0 0 0 0 0 0 0 0 0 0 0 0 0 0 0 0 0 0 0 0 0 0 0 0 0 0 0 0 0 0 0 0 0 0 0 0 0 0 0 0 0
0 0 0 0 0 0 0 0 0 0 0 0 0 0 0 0 0 0 0 0 0 0 0 0 0 0 0 0 0 0 0 0 0 0 0 0 0 0 0 0 0 0 0 0 0 0 0 0 0 0 0 0 0 0 0 0 0 0 0 0 0 0 0 0 0 0 0 0 0 0 0 0 0 0 0 0 0 0 0 0 0 0 0 0 0 0 0 0 0 0 0 0 0 0 0 0 0 0 0 0 0 0 0 0 0 0 0 0 0 0 0 0 0 0 0 0 0 0 0 0 0 0 0 0 0 0 0 0 0 0 0 0 0 0 0 0 0 0 0 0 0 0 0 0 0 0 0 0 0 0
0 0 0 0 0 0 0 0 0 0 0 0 0 0 0 0 0 0 0 0 0 0 0 0 0 0 0 0 0 0 0 0 0 0 0 0 0 0 0 0 0 0 0 0 0 0 0 0 0 0 0 0 0 0 0 0 0 0 0 0 0 0 0 0 0 0 0 0 0 0 0 0 0 0 0 0 0 0 0 0 0 0 0 0 0 0 0 0 0 0 0 0 0 0 0 0 0 0 0 0 0 0 0 0 0 0 0 0 0 0 0 0 0 0 0 0 0 0 0 0 0 0 0 0 0 0 0 0 0 0 0 0 0 0 0 0 0 0 0 0 0 0 0 0 0 0 0 0 0 0
0 0 0 0 0 0 0 0 0 0 0 0 0 0 0 0 0 0 0 0 0 0 0 0 0 0 0 0 0 0 0 0 0 0 0 0 0 0 0 0 0 0 0 0 0 0 0 0 0 0 0 0 0 0 0 0 0 0 0 0 0 0 0 0 0 0 0 0 0 0 0 0 0 0 0 0 0 0 0 0 0 0 0 0 0 0 0 0 0 0 0 0 0 0 0 0 0 0 0 0 0 0 0 0 0 0 0 0 0 0 0 0 0 0 0 0 0 0 0 0 0 0 0 0 0 0 0 0 0 0 0 0 0 0 0 0 0 0 0 0 0 0 0 0 0 0 0 0 0 0
0 0 0 0 0 0 0 0 0 0 0 0 0 0 0 0 0 0 0 0 0 0 0 0 0 0 0 0 0 0 0 0 0 0 0 0 0 0 0 0 0 0 0 0 0 0 0 0 0 0 0 0 0 0 0 0 0 0 0 0 0 0 0 0 0 0 0 0 0 0 0 0 0 0 0 0 0 0 0 0 0 0 0 0 0 0 0 0 0 0 0 0 0 0 0 0 0 0 0 0 0 0 0 0 0 0 0 0 0 0 0 0 0 0 0 0 0 0 0 0 0 0 0 0 0 0 0 0 0 0 0 0 0 0 0 0 0 0 0 0 0 0 0 0 0 0 0 0 0 0
0 0 0 0 0 0 0 0 0 0 0 0 0 0 0 0 0 0 0 0 0 0 0 0 0 0 0 0 0 0 0 0 0 0 0 0 0 0 0 0 0 0 0 0 0 0 0 0 0 0 0 0 0 0 0 0 0 0 0 0 0 0 0 0 0 0 0 0 0 0 0 0 0 0 0 0 0 0 0 0 0 0 0 0 0 0 0 0 0 0 0 0 0 0 0 0 0 0 0 0 0 0 0 0 0 0 0 0 0 0 0 0 0 0 0 0 0 0 0 0 0 0 0 0 0 0 0 0 0 0 0 0 0 0 0 0 0 0 0 0 0 0 0 0 0 0 0 0 0 0
0 0 0 0 0 0 0 0 0 0 0 0 0 0 0 0 0 0 0 0 0 0 0 0 0 0 0 0 0 0 0 0 0 0 0 0 0 0 0 0 0 0 0 0 0 0 0 0 0 0 0 0 0 0 0 0 0 0 0 0 0 0 0 0 0 0 0 0 0 0 0 0 0 0 0 0 0 0 0 0 0 0 0 0 0 0 0 0 0 0 0 0 0 0 0 0 0 0 0 0 0 0 0 0 0 0 0 0 0 0 0 0 0 0 0 0 0 0 0 0 0 0 0 0 0 0 0 0 0 0 0 0 0 0 0 0 0 0 0 0 0 0 0 0 0 0 0 0 0 0
0 0 0 0 0 0 0 0 0 0 0 0 0 0 0 0 0 0 0 0 0 0 0 0 0 0 0 0 0 0 0 0 0 0 0 0 0 0 0 0 0 0 0 0 0 0 0 0 0 0 0 0 0 0 0 0 0 0 0 0 0 0 0 0 0 0 0 0 0 0 0 0 0 0 0 0 0 0 0 0 0 0 0 0 0 0 0 0 0 0 0 0 0 0 0 0 0 0 0 0 0 0 0 0 0 0 0 0 0 0 0 0 0 0 0 0 0 0 0 0 0 0 0 0 0 0 0 0 0 0 0 0 0 0 0 0 0 0 0 0 0 0 0 0 0 0 0 0 0 0
0 0 0 0 0 0 0 0 0 0 0 0 0 0 0 0 0 0 0 0 0 0 0 0 0 0 0 0 0 0 0 0 0 0 0 0 0 0 0 0 0 0 0 0 0 0 0 0 0 0 0 0 0 0 0 0 0 0 0 0 0 0 0 0 0 0 0 0 0 0 0 0 0 0 0 0 0 0 0 0 0 0 0 0 0 0 0 0 0 0 0 0 0 0 0 0 0 0 0 0 0 0 0 0 0 0 0 0 0 0 0 0 0 0 0 0 0 0 0 0 0 0 0 0 0 0 0 0 0 0 0 0 0 0 0 0 0 0 0 0 0 0 0 0 0 0 0 0 0 0
0 0 0 0 0 0 0 0 0 0 0 0 0 0 0 0 0 0 0 0 0 0 0 0 0 0 0 0 0 0 0 0 0 0 0 0 0 0 0 0 0 0 0 0 0 0 0 0 0 0 0 0 0 0 0 0 0 0 0 0 0 0 0 0 0 0 0 0 0 0 0 0 0 0 0 0 0 0 0 0 0 0 0 0 0 0 0 0 0 0 0 0 0 0 0 0 0 0 0 0 0 0 0 0 0 0 0 0 0 0 0 0 0 0 0 0 0 0 0 0 0 0 0 0 0 0 0 0 0 0 0 0 0 0 0 0 0 0 0 0 0 0 0 0 0 0 0 0 0 0
0 0 0 0 0 0 0 0 0 0 0 0 0 0 0 0 0 0 0 0 0 0 0 0 0 0 0 0 0 0 0 0 0 0 0 0 0 0 0 0 0 0 0 0 0 0 0 0 0 0 0 0 0 0 0 0 0 0 0 0 0 0 0 0 0 0 0 0 0 0 0 0 0 0 0 0 0 0 0 0 0 0 0 0 0 0 0 0 0 0 0 0 0 0 0 0 0 0 0 0 0 0 0 0 0 0 0 0 0 0 0 0 0 0 0 0 0 0 0 0 0 0 0 0 0 0 0 0 0 0 0 0 0 0 0 0 0 0 0 0 0 0 0 0 0 0 0 0 0 0
0 0 0 0 0 0 0 0 0 0 0 0 0 0 0 0 0 0 0 0 0 0 0 0 0 0 0 0 0 0 0 0 0 0 0 0 0 0 0 0 0 0 0 0 0 0 0 0 0 0 0 0 0 0 0 0 0 0 0 0 0 0 0 0 0 0 0 0 0 0 0 0 0 0 0 0 0 0 0 0 0 0 0 0 0 0 0 0 0 0 0 0 0 0 0 0 0 0 0 0 0 0 0 0 0 0 0 0 0 0 0 0 0 0 0 0 0 0 0 0 0 0 0 0 0 0 0 0 0 0 0 0 0 0 0 0 0 0 0 0 0 0 0 0 0 0 0 0 0 0
0 0 0 0 0 0 0 0 0 0 0 0 0 0 0 0 0 0 0 0 0 0 0 0 0 0 0 0 0 0 0 0 0 0 0 0 0 0 0 0 0 0 0 0 0 0 0 0 0 0 0 0 0 0 0 0 0 0 0 0 0 0 0 0 0 0 0 0 0 0 0 0 0 0 0 0 0 0 0 0 0 0 0 0 0 0 0 0 0 0 0 0 0 0 0 0 0 0 0 0 0 0 0 0 0 0 0 0 0 0 0 0 0 0 0 0 0 0 0 0 0 0 0 0 0 0 0 0 0 0 0 0 0 0 0 0 0 0 0 0 0 0 0 0 0 0 0 0 0 0
0 0 0 0 0 0 0 0 0 0 0 0 0 0 0 0 0 0 0 0 0 0 0 0 0 0 0 0 0 0 0 0 0 0 0 0 0 0 0 0 0 0 0 0 0 0 0 0 0 0 0 0 0 0 0 0 0 0 0 0 0 0 0 0 0 0 0 0 0 0 0 0 0 0 0 0 0 0 0 0 0 0 0 0 0 0 0 0 0 0 0 0 0 0 0 0 0 0 0 0 0 0 0 0 0 0 0 0 0 0 0 0 0 0 0 0 0 0 0 0 0 0 0 0 0 0 0 0 0 0 0 0 0 0 0 0 0 0 0 0 0 0 0 0 0 0 0 0 0 0
0 0 0 0 0 0 0 0 0 0 0 0 0 0 0 0 0 0 0 0 0 0 0 0 0 0 0 0 0 0 0 0 0 0 0 0 0 0 0 0 0 0 0 0 0 0 0 0 0 0 0 0 0 0 0 0 0 0 0 0 0 0 0 0 0 0 0 0 0 0 0 0 0 0 0 0 0 0 0 0 0 0 0 0 0 0 0 0 0 0 0 0 0 0 0 0 0 0 0 0 0 0 0 0 0 0 0 0 0 0 0 0 0 0 0 0 0 0 0 0 0 0 0 0 0 0 0 0 0 0 0 0 0 0 0 0 0 0 0 0 0 0 0 0 0 0 0 0 0 0
0 0 0 0 0 0 0 0 0 0 0 0 0 0 0 0 0 0 0 0 0 0 0 0 0 0 0 0 0 0 0 0 0 0 0 0 0 0 0 0 0 0 0 0 0 0 0 0 0 0 0 0 0 0 0 0 0 0 0 0 0 0 0 0 0 0 0 0 0 0 0 0 0 0 0 0 0 0 0 0 0 0 0 0 0 0 0 0 0 0 0 0 0 0 0 0 0 0 0 0 0 0 0 0 0 0 0 0 0 0 0 0 0 0 0 0 0 0 0 0 0 0 0 0 0 0 0 0 0 0 0 0 0 0 0 0 0 0 0 0 0 0 0 0 0 0 0 0 0 0
0 0 0 0 0 0 0 0 0 0 0 0 0 0 0 0 0 0 0 0 0 0 0 0 0 0 0 0 0 0 0 0 0 0 0 0 0 0 0 0 0 0 0 0 0 0 0 0 0 0 0 0 0 0 0 0 0 0 0 0 0 0 0 0 0 0 0 0 0 0 0 0 0 0 0 0 0 0 0 0 0 0 0 0 0 0 0 0 0 0 0 0 0 0 0 0 0 0 0 0 0 0 0 0 0 0 0 0 0 0 0 0 0 0 0 0 0 0 0 0 0 0 0 0 0 0 0 0 0 0 0 0 0 0 0 0 0 0 0 0 0 0 0 0 0 0 0 0 0 0
0 0 0 0 0 0 0 0 0 0 0 0 0 0 0 0 0 0 0 0 0 0 0 0 0 0 0 0 0 0 0 0 0 0 0 0 0 0 0 0 0 0 0 0 0 0 0 0 0 0 0 0 0 0 0 0 0 0 0 0 0 0 0 0 0 0 0 0 0 0 0 0 0 0 0 0 0 0 0 0 0 0 0 0 0 0 0 0 0 0 0 0 0 0 0 0 0 0 0 0 0 0 0 0 0 0 0 0 0 0 0 0 0 0 0 0 0 0 0 0 0 0 0 0 0 0 0 0 0 0 0 0 0 0 0 0 0 0 0 0 0 0 0 0 0 0 0 0 0 0
0 0 0 0 0 0 0 0 0 0 0 0 0 0 0 0 0 0 0 0 0 0 0 0 0 0 0 0 0 0 0 0 0 0 0 0 0 0 0 0 0 0 0 0 0 0 0 0 0 0 0 0 0 0 0 0 0 0 0 0 0 0 0 0 0 0 0 0 0 0 0 0 0 0 0 0 0 0 0 0 0 0 0 0 0 0 0 0 0 0 0 0 0 0 0 0 0 0 0 0 0 0 0 0 0 0 0 0 0 0 0 0 0 0 0 0 0 0 0 0 0 0 0 0 0 0 0 0 0 0 0 0 0 0 0 0 0 0 0 0 0 0 0 0 0 0 0 0 0 0
0 0 0 0 0 0 0 0 0 0 0 0 0 0 0 0 0 0 0 0 0 0 0 0 0 0 0 0 0 0 0 0 0 0 0 0 0 0 0 0 0 0 0 0 0 0 0 0 0 0 0 0 0 0 0 0 0 0 0 0 0 0 0 0 0 0 0 0 0 0 0 0 0 0 0 0 0 0 0 0 0 0 0 0 0 0 0 0 0 0 0 0 0 0 0 0 0 0 0 0 0 0 0 0 0 0 0 0 0 0 0 0 0 0 0 0 0 0 0 0 0 0 0 0 0 0 0 0 0 0 0 0 0 0 0 0 0 0 0 0 0 0 0 0 0 0 0 0 0 0
0 0 0 0 0 0 0 0 0 0 0 0 0 0 0 0 0 0 0 0 0 0 0 0 0 0 0 0 0 0 0 0 0 0 0 0 0 0 0 0 0 0 0 0 0 0 0 0 0 0 0 0 0 0 0 0 0 0 0 0 0 0 0 0 0 0 0 0 0 0 0 0 0 0 0 0 0 0 0 0 0 0 0 0 0 0 0 0 0 0 0 0 0 0 0 0 0 0 0 0 0 0 0 0 0 0 0 0 0 0 0 0 0 0 0 0 0 0 0 0 0 0 0 0 0 0 0 0 0 0 0 0 0 0 0 0 0 0 0 0 0 0 0 0 0 0 0 0 0 0
0 0 0 0 0 0 0 0 0 0 0 0 0 0 0 0 0 0 0 0 0 0 0 0 0 0 0 0 0 0 0 0 0 0 0 0 0 0 0 0 0 0 0 0 0 0 0 0 0 0 0 0 0 0 0 0 0 0 0 0 0 0 0 0 0 0 0 0 0 0 0 0 0 0 0 0 0 0 0 0 0 0 0 0 0 0 0 0 0 0 0 0 0 0 0 0 0 0 0 0 0 0 0 0 0 0 0 0 0 0 0 0 0 0 0 0 0 0 0 0 0 0 0 0 0 0 0 0 0 0 0 0 0 0 0 0 0 0 0 0 0 0 0 0 0 0 0 0 0 0
0 0 0 0 0 0 0 0 0 0 0 0 0 0 0 0 0 0 0 0 0 0 0 0 0 0 0 0 0 0 0 0 0 0 0 0 0 0 0 0 0 0 0 0 0 0 0 0 0 0 0 0 0 0 0 0 0 0 0 0 0 0 0 0 0 0 0 0 0 0 0 0 0 0 0 0 0 0 0 0 0 0 0 0 0 0 0 0 0 0 0 0 0 0 0 0 0 0 0 0 0 0 0 0 0 0 0 0 0 0 0 0 0 0 0 0 0 0 0 0 0 0 0 0 0 0 0 0 0 0 0 0 0 0 0 0 0 0 0 0 0 0 0 0 0 0 0 0 0 0
0 0 0 0 0 0 0 0 0 0 0 0 0 0 0 0 0 0 0 0 0 0 0 0 0 0 0 0 0 0 0 0 0 0 0 0 0 0 0 0 0 0 0 0 0 0 0 0 0 0 0 0 0 0 0 0 0 0 0 0 0 0 0 0 0 0 0 0 0 0 0 0 0 0 0 0 0 0 0 0 0 0 0 0 0 0 0 0 0 0 0 0 0 0 0 0 0 0 0 0 0 0 0 0 0 0 0 0 0 0 0 0 0 0 0 0 0 0 0 0 0 0 0 0 0 0 0 0 0 0 0 0 0 0 0 0 0 0 0 0 0 0 0 0 0 0 0 0 0 0
0 0 0 0 0 0 0 0 0 0 0 0 0 0 0 0 0 0 0 0 0 0 0 0 0 0 0 0 0 0 0 0 0 0 0 0 0 0 0 0 0 0 0 0 0 0 0 0 0 0 0 0 0 0 0 0 0 0 0 0 0 0 0 0 0 0 0 0 0 0 0 0 0 0 0 0 0 0 0 0 0 0 0 0 0 0 0 0 0 0 0 0 0 0 0 0 0 0 0 0 0 0 0 0 0 0 0 0 0 0 0 0 0 0 0 0 0 0 0 0 0 0 0 0 0 0 0 0 0 0 0 0 0 0 0 0 0 0 0 0 0 0 0 0 0 0 0 0 0 0
