0 0 0 0 0 0 0 0 0 0 0 0 0 0 0 0 0 0 0 0 0 0 0 0 0 0 0 0 0 0 0 0 0 0 0 0 0 0 0 0 0 0 0 0 0 0 0 0 0 0 0 0 0 0 0 0 0 0 0 0 0 0 0 0 0 0 0 0 0 0 0 0 0 0 0 0 0 0 0 0 0 0 0 0 0 0 0 0 0 0 0 0 0 0 0 0 0 0 0 0 0 0 0 0 0 0 0 0 0 0 0 0 0 0 0 0 0 0 0 0 0 0 0 0 0 0 0 0 0 0 0 0 0 0 0 0 0 0 0 0 0 0 0 0 0 0 0 0 0 0
0 0 0 0 0 0 0 0 0 0 0 0 0 0 0 0 0 0 0 0 0 0 0 0 0 0 0 0 0 0 0 0 0 0 0 0 0 0 0 0 0 0 0 0 0 0 0 0 0 0 0 0 0 0 0 0 0 0 0 0 0 0 0 0 0 0 0 0 0 0 0 0 0 0 0 0 0 0 0 0 0 0 0 0 0 0 0 0 0 0 0 0 0 0 0 0 0 0 0 0 0 0 0 0 0 0 0 0 0 0 0 0 0 0 0 0 0 0 0 0 0 0 0 0 0 0 0 0 0 0 0 0 0 0 0 0 0 0 0 0 0 0 0 0 0 0 0 0 0 0
0 0 0 0 0 0 0 0 0 0 0 0 0 0 0 0 0 0 0 0 0 0 0 0 0 0 0 0 0 0 0 0 0 0 0 0 0 0 0 0 0 0 0 0 0 0 0 0 0 0 0 0 0 0 0 0 0 0 0 0 0 0 0 0 0 0 0 0 0 0 0 0 0 0 0 0 0 0 0 0 0 0 0 0 0 0 0 0 0 0 0 0 0 0 0 0 0 0 0 0 0 0 0 0 0 0 0 0 0 0 0 0 0 0 0 0 0 0 0 0 0 0 0 0 0 0 0 0 0 0 0 0 0 0 0 0 0 0 0 0 0 0 0 0 0 0 0 0 0 0
0 0 0 0 0 0 0 0 0 0 0 0 0 0 0 0 0 0 0 0 0 0 0 0 0 0 0 0 0 0 0 0 0 0 0 0 0 0 0 0 0 0 0 0 0 0 0 0 0 0 0 0 0 0 0 0 0 0 0 0 0 0 0 0 0 0 0 0 0 0 0 0 0 0 0 0 0 0 0 0 0 0 0 0 0 0 0 0 0 0 0 0 0 0 0 0 0 0 0 0 0 0 0 0 0 0 0 0 0 0 0 0 0 0 0 0 0 0 0 0 0 0 0 0 0 0 0 0 0 0 0 0 0 0 0 0 0 0 0 0 0 0 0 0 0 0 0 0 0 0
0 0 0 0 0 0 0 0 0 0 0 0 0 0 0 0 0 0 0 0 0 0 0 0 0 0 0 0 0 0 0 0 0 0 0 0 0 0 0 0 0 0 0 0 0 0 0 0 0 0 0 0 0 0 0 0 0 0 0 0 0 0 0 0 0 0 0 0 0 0 0 0 0 0 0 0 0 0 0 0 0 0 0 0 0 0 0 0 0 0 0 0 0 0 0 0 0 0 0 0 0 0 0 0 0 0 0 0 0 0 0 0 0 0 0 0 0 0 0 0 0 0 0 0 0 0 0 0 0 0 0 0 0 0 0 0 0 0 0 0 0 0 0 0 0 0 0 0 0 0
0 0 0 0 0 0 0 0 0 0 0 0 0 0 0 0 0 0 0 0 0 0 0 0 0 0 0 0 0 0 0 0 0 0 0 0 0 0 0 0 0 0 0 0 0 0 0 0 0 0 0 0 0 0 0 0 0 0 0 0 0 0 0 0 0 0 0 0 0 0 0 0 0 0 0 0 0 0 0 0 0 0 0 0 0 0 0 0 0 0 0 0 0 0 0 0 0 0 0 0 0 0 0 0 0 0 0 0 0 0 0 0 0 0 0 0 0 0 0 0 0 0 0 0 0 0 0 0 0 0 0 0 0 0 0 0 0 0 0 0 0 0 0 0 0 0 0 0 0 0
0 0 0 0 0 0 0 0 0 0 0 0 0 0 0 0 0 0 0 0 0 0 0 0 0 0 0 0 0 0 0 0 0 0 0 0 0 0 0 0 0 0 0 0 0 0 0 0 0 0 0 0 0 0 0 0 0 0 0 0 0 0 0 0 0 0 0 0 0 0 0 0 0 0 0 0 0 0 0 0 0 0 0 0 0 0 0 0 0 0 0 0 0 0 0 0 0 0 0 0 0 0 0 0 0 0 0 0 0 0 0 0 0 0 0 0 0 0 0 0 0 0 0 0 0 0 0 0 0 0 0 0 0 0 0 0 0 0 0 0 0 0 0 0 0 0 0 0 0 0
0 0 0 0 0 0 0 0 0 0 0 0 0 0 0 0 0 0 0 0 0 0 0 0 0 0 0 0 0 0 0 0 0 0 0 0 0 0 0 0 0 0 0 0 0 0 0 0 0 0 0 0 0 0 0 0 0 0 0 0 0 0 0 0 0 0 0 0 0 0 0 0 0 0 0 0 0 0 0 0 0 0 0 0 0 0 0 0 0 0 0 0 0 0 0 0 0 0 0 0 0 0 0 0 0 0 0 0 0 0 0 0 0 0 0 0 0 0 0 0 0 0 0 0 0 0 0 0 0 0 0 0 0 0 0 0 0 0 0 0 0 0 0 0 0 0 0 0 0 0
0 0 0 0 0 0 0 0 0 0 0 0 0 0 0 0 0 0 0 0 0 0 0 0 0 0 0 0 0 0 0 0 0 0 0 0 0 0 0 0 0 0 0 0 0 0 0 0 0 0 0 0 0 0 0 0 0 0 0 0 0 0 0 0 0 0 0 0 0 0 0 0 0 0 0 0 0 0 0 0 0 0 0 0 0 0 0 0 0 0 0 0 0 0 0 0 0 0 0 0 0 0 0 0 0 0 0 0 0 0 0 0 0 0 0 0 0 0 0 0 0 0 0 0 0 0 0 0 0 0 0 0 0 0 0 0 0 0 0 0 0 0 0 0 0 0 0 0 0 0
0 0 0 0 0 0 0 0 0 0 0 0 0 0 0 0 0 0 0 0 0 0 0 0 0 0 0 0 0 0 0 0 0 0 0 0 0 0 0 0 0 0 0 0 0 0 0 0 0 0 0 0 0 0 0 0 0 0 0 0 0 0 0 0 0 0 0 0 0 0 0 0 0 0 0 0 0 0 0 0 0 0 0 0 0 0 0 0 0 0 0 0 0 0 0 0 0 0 0 0 0 0 0 0 0 0 0 0 0 0 0 0 0 0 0 0 0 0 0 0 0 0 0 0 0 0 0 0 0 0 0 0 0 0 0 0 0 0 0 0 0 0 0 0 0 0 0 0 0 0
0 0 0 0 0 0 0 0 0 0 0 0 0 0 0 0 0 0 0 0 0 0 0 0 0 0 0 0 0 0 0 0 0 0 0 0 0 0 0 0 0 0 0 0 0 0 0 0 0 0 0 0 0 0 0 0 0 0 0 0 0 0 0 0 0 0 0 0 0 0 0 0 0 0 0 0 0 0 0 0 0 0 0 0 0 0 0 0 0 0 0 0 0 0 0 0 0 0 0 0 0 0 0 0 0 0 0 0 0 0 0 0 0 0 0 0 0 0 0 0 0 0 0 0 0 0 0 0 0 0 0 0 0 0 0 0 0 0 0 0 0 0 0 0 0 0 0 0 0 0
0 0 0 0 0 0 0 0 0 0 0 0 0 0 0 0 0 0 0 0 0 0 0 0 0 0 0 0 0 0 0 0 0 0 0 0 0 0 0 0 0 0 0 0 0 0 0 0 0 0 0 0 0 0 0 0 0 0 0 0 0 0 0 0 0 0 0 0 0 0 0 0 0 0 0 0 0 0 0 0 0 0 0 0 0 0 0 0 0 0 0 0 0 0 0 0 0 0 0 0 0 0 0 0 0 0 0 0 0 0 0 0 0 0 0 0 0 0 0 0 0 0 0 0 0 0 0 0 0 0 0 0 0 0 0 0 0 0 0 0 0 0 0 0 0 0 0 0 0 0
0 0 0 0 0 0 0 0 0 0 0 0 0 0 0 0 0 0 0 0 0 0 0 0 0 0 0 0 0 0 0 0 0 0 0 0 0 0 0 0 0 0 0 0 0 0 0 0 0 0 0 0 0 0 0 0 0 0 0 0 0 0 0 0 0 0 0 0 0 0 0 0 0 0 0 0 0 0 0 0 0 0 0 0 0 0 0 0 0 0 0 0 0 0 0 0 0 0 0 0 0 0 0 0 0 0 0 0 0 0 0 0 0 0 0 0 0 0 0 0 0 0 0 0 0 0 0 0 0 0 0 0 0 0 0 0 0 0 0 0 0 0 0 0 0 0 0 0 0 0
0 0 0 0 0 0 0 0 0 0 0 0 0 0 0 0 0 0 0 0 0 0 0 0 0 0 0 0 0 0 0 0 0 0 0 0 0 0 0 0 0 0 0 0 0 0 0 0 0 0 0 0 0 0 0 0 0 0 0 0 0 0 0 0 0 0 0 0 0 0 0 0 0 0 0 0 0 0 0 0 0 0 0 0 0 0 0 0 0 0 0 0 0 0 0 0 0 0 0 0 0 0 0 0 0 0 0 0 0 0 0 0 0 0 0 0 0 0 0 0 0 0 0 0 0 0 0 0 0 0 0 0 0 0 0 0 0 0 0 0 0 0 0 0 0 0 0 0 0 0
0 0 0 0 0 0 0 0 0 0 0 0 0 0 0 0 0 0 0 0 0 0 0 0 0 0 0 0 0 0 0 0 0 0 0 0 0 0 0 0 0 0 0 0 0 0 0 0 0 0 0 0 0 0 0 0 0 0 0 0 0 0 0 0 0 0 0 0 0 0 0 0 0 0 0 0 0 0 0 0 0 0 0 0 0 0 0 0 0 0 0 0 0 0 0 0 0 0 0 0 0 0 0 0 0 0 0 0 0 0 0 0 0 0 0 0 0 0 0 0 0 0 0 0 0 0 0 0 0 0 0 0 0 0 0 0 0 0 0 0 0 0 0 0 0 0 0 0 0 0
0 0 0 0 0 0 0 0 0 0 0 0 0 0 0 0 0 0 0 0 0 0 0 0 0 0 0 0 0 0 0 0 0 0 0 0 0 0 0 0 0 0 0 0 0 0 0 0 0 0 0 0 0 0 0 0 0 0 0 0 0 0 0 0 0 0 0 0 0 0 0 0 0 0 0 0 0 0 0 0 0 0 0 0 0 0 0 0 0 0 0 0 0 0 0 0 0 0 0 0 0 0 0 0 0 0 0 0 0 0 0 0 0 0 0 0 0 0 0 0 0 0 0 0 0 0 0 0 0 0 0 0 0 0 0 0 0 0 0 0 0 0 0 0 0 0 0 0 0 0
0 0 0 0 0 0 0 0 0 0 0 0 0 0 0 0 0 0 0 0 0 0 0 0 0 0 0 0 0 0 0 0 0 0 0 0 0 0 0 0 0 0 0 0 0 0 0 0 0 0 0 0 0 0 0 0 0 0 0 0 0 0 0 0 0 0 0 0 0 0 0 0 0 0 0 0 0 0 0 0 0 0 0 0 0 0 0 0 0 0 0 0 0 0 0 0 0 0 0 0 0 0 0 0 0 0 0 0 0 0 0 0 0 0 0 0 0 0 0 0 0 0 0 0 0 0 0 0 0 0 0 0 0 0 0 0 0 0 0 0 0 0 0 0 0 0 0 0 0 0
0 0 0 0 0 0 0 0 0 0 0 0 0 0 0 0 0 0 0 0 0 0 0 0 0 0 0 0 0 0 0 0 0 0 0 0 0 0 0 0 0 0 0 0 0 0 0 0 0 0 0 0 0 0 0 0 0 0 0 0 0 0 0 0 0 0 0 0 0 0 0 0 0 0 0 0 0 0 0 0 0 0 0 0 0 0 0 0 0 0 0 0 0 0 0 0 0 0 0 0 0 0 0 0 0 0 0 0 0 0 0 0 0 0 0 0 0 0 0 0 0 0 0 0 0 0 0 0 0 0 0 0 0 0 0 0 0 0 0 0 0 0 0 0 0 0 0 0 0 0
0 0 0 0 0 0 0 0 0 0 0 0 0 0 0 0 0 0 0 0 0 0 0 0 0 0 0 0 0 0 0 0 0 0 0 0 0 0 0 0 0 0 0 0 0 0 0 0 0 0 0 0 0 0 0 0 0 0 0 0 0 0 0 0 0 0 0 0 0 0 0 0 0 0 0 0 0 0 0 0 0 0 0 0 0 0 0 0 0 0 0 0 0 0 0 0 0 0 0 0 0 0 0 0 0 0 0 0 0 0 0 0 0 0 0 0 0 0 0 0 0 0 0 0 0 0 0 0 0 0 0 0 0 0 0 0 0 0 0 0 0 0 0 0 0 0 0 0 0 0
0 0 0 0 0 0 0 0 0 0 0 0 0 0 0 0 0 0 0 0 0 0 0 0 0 0 0 0 0 0 0 0 0 0 0 0 0 0 0 0 0 0 0 0 0 0 0 0 0 0 0 0 0 0 0 0 0 0 0 0 0 0 0 0 0 0 0 0 0 0 0 0 0 0 0 0 0 0 0 0 0 0 0 0 0 0 0 0 0 0 0 0 0 0 0 0 0 0 0 0 0 0 0 0 0 0 0 0 0 0 0 0 0 0 0 0 0 0 0 0 0 0 0 0 0 0 0 0 0 0 0 0 0 0 0 0 0 0 0 0 0 0 0 0 0 0 0 0 0 0
0 0 0 0 0 0 0 0 0 0 0 0 0 0 0 0 0 0 0 0 0 0 0 0 0 0 0 0 0 0 0 0 0 0 0 0 0 0 0 0 0 0 0 0 0 0 0 0 0 0 0 0 0 0 0 0 0 0 0 0 0 0 0 0 0 0 0 0 0 0 0 0 0 0 0 0 0 0 0 0 0 0 0 0 0 0 0 0 0 0 0 0 0 0 0 0 0 0 0 0 0 0 0 0 0 0 0 0 0 0 0 0 0 0 0 0 0 0 0 0 0 0 0 0 0 0 0 0 0 0 0 0 0 0 0 0 0 0 0 0 0 0 0 0 0 0 0 0 0 0
0 0 0 0 0 0 0 0 0 0 0 0 0 0 0 0 0 0 0 0 0 0 0 0 0 0 0 0 0 0 0 0 0 0 0 0 0 0 0 0 0 0 0 0 0 0 0 0 0 0 0 0 0 0 0 0 0 0 0 0 0 0 0 0 0 0 0 0 0 0 0 0 0 0 0 0 0 0 0 0 0 0 0 0 0 0 0 0 0 0 0 0 0 0 0 0 0 0 0 0 0 0 0 0 0 0 0 0 0 0 0 0 0 0 0 0 0 0 0 0 0 0 0 0 0 0 0 0 0 0 0 0 0 0 0 0 0 0 0 0 0 0 0 0 0 0 0 0 0 0
0 0 0 0 0 0 0 0 0 0 0 0 0 0 0 0 0 0 0 0 0 0 0 0 0 0 0 0 0 0 0 0 0 0 0 0 0 0 0 0 0 0 0 0 0 0 0 0 0 0 0 0 0 0 0 0 0 0 0 0 0 0 0 0 0 0 0 0 0 0 0 0 0 0 0 0 0 0 0 0 0 0 0 0 0 0 0 0 0 0 0 0 0 0 0 0 0 0 0 0 0 0 0 0 0 0 0 0 0 0 0 0 0 0 0 0 0 0 0 0 0 0 0 0 0 0 0 0 0 0 0 0 0 0 0 0 0 0 0 0 0 0 0 0 0 0 0 0 0 0
0 0 0 0 0 0 0 0 0 0 0 0 0 0 0 0 0 0 0 0 0 0 0 0 0 0 0 0 0 0 0 0 0 0 0 0 0 0 0 0 0 0 0 0 0 0 0 0 0 0 0 0 0 0 0 0 0 0 0 0 0 0 0 0 0 0 0 0 0 0 0 0 0 0 0 0 0 0 0 0 0 0 0 0 0 0 0 0 0 0 0 0 0 0 0 0 0 0 0 0 0 0 0 0 0 0 0 0 0 0 0 0 0 0 0 0 0 0 0 0 0 0 0 0 0 0 0 0 0 0 0 0 0 0 0 0 0 0 0 0 0 0 0 0 0 0 0 0 0 0
0 0 0 0 0 0 0 0 0 0 0 0 0 0 0 0 0 0 0 0 0 0 0 0 0 0 0 0 0 0 0 0 0 0 0 0 0 0 0 0 0 0 0 0 0 0 0 0 0 0 0 0 0 0 0 0 0 0 0 0 0 0 0 0 0 0 0 0 0 0 0 0 0 0 0 0 0 0 0 0 0 0 0 0 0 0 0 0 0 0 0 0 0 0 0 0 0 0 0 0 0 0 0 0 0 0 0 0 0 0 0 0 0 0 0 0 0 0 0 0 0 0 0 0 0 0 0 0 0 0 0 0 0 0 0 0 0 0 0 0 0 0 0 0 0 0 0 0 0 0
0 0 0 0 0 0 0 0 0 0 0 0 0 0 0 0 0 0 0 0 0 0 0 0 0 0 0 0 0 0 0 0 0 0 0 0 0 0 0 0 0 0 0 0 0 0 0 0 0 0 0 0 0 0 0 0 0 0 0 0 0 0 0 0 0 0 0 0 0 0 0 0 0 0 0 0 0 0 0 0 0 0 0 0 0 0 0 0 0 0 0 0 0 0 0 0 0 0 0 0 0 0 0 0 0 0 0 0 0 0 0 0 0 0 0 0 0 0 0 0 0 0 0 0 0 0 0 0 0 0 0 0 0 0 0 0 0 0 0 0 0 0 0 0 0 0 0 0 0 0
0 0 0 0 0 0 0 0 0 0 0 0 0 0 0 0 0 0 0 0 0 0 0 0 0 0 0 0 0 0 0 0 0 0 0 0 0 0 0 0 0 0 0 0 0 0 0 0 0 0 0 0 0 0 0 0 0 0 0 0 0 0 0 0 0 0 0 0 0 0 0 0 0 0 0 0 0 0 0 0 0 0 0 0 0 0 0 0 0 0 0 0 0 0 0 0 0 0 0 0 0 0 0 0 0 0 0 0 0 0 0 0 0 0 0 0 0 0 0 0 0 0 0 0 0 0 0 0 0 0 0 0 0 0 0 0 0 0 0 0 0 0 0 0 0 0 0 0 0 0
0 0 0 0 0 0 0 0 0 0 0 0 0 0 0 0 0 0 0 0 0 0 0 0 0 0 0 0 0 0 0 0 0 0 0 0 0 0 0 0 0 0 0 0 0 0 0 0 0 0 0 0 0 0 0 0 0 0 0 0 0 0 0 0 0 0 0 0 0 0 0 0 0 0 0 0 0 0 0 0 0 0 0 0 0 0 0 0 0 0 0 0 0 0 0 0 0 0 0 0 0 0 0 0 0 0 0 0 0 0 0 0 0 0 0 0 0 0 0 0 0 0 0 0 0 0 0 0 0 0 0 0 0 0 0 0 0 0 0 0 0 0 0 0 0 0 0 0 0 0
0 0 0 0 0 0 0 0 0 0 0 0 0 0 0 0 0 0 0 0 0 0 0 0 0 0 0 0 0 0 0 0 0 0 0 0 0 0 0 0 0 0 0 0 0 0 0 0 0 0 0 0 0 0 0 0 0 0 0 0 0 0 0 0 0 0 0 0 0 0 0 0 0 0 0 0 0 0 0 0 0 0 0 0 0 0 0 0 0 0 0 0 0 0 0 0 0 0 0 0 0 0 0 0 0 0 0 0 0 0 0 0 0 0 0 0 0 0 0 0 0 0 0 0 0 0 0 0 0 0 0 0 0 0 0 0 0 0 0 0 0 0 0 0 0 0 0 0 0 0
0 0 0 0 0 0 0 0 0 0 0 0 0 0 0 0 0 0 0 0 0 0 0 0 0 0 0 0 0 0 0 0 0 0 0 0 0 0 0 0 0 0 0 0 0 0 0 0 0 0 0 0 0 0 0 0 0 0 0 0 0 0 0 0 0 0 0 0 0 0 0 0 0 0 0 0 0 0 0 0 0 0 0 0 0 0 0 0 0 0 0 0 0 0 0 0 0 0 0 0 0 0 0 0 0 0 0 0 0 0 0 0 0 0 0 0 0 0 0 0 0 0 0 0 0 0 0 0 0 0 0 0 0 0 0 0 0 0 0 0 0 0 0 0 0 0 0 0 0 0
0 0 0 0 0 0 0 0 0 0 0 0 0 0 0 0 0 0 0 0 0 0 0 0 0 0 0 0 0 0 0 0 0 0 0 0 0 0 0 0 0 0 0 0 0 0 0 0 0 0 0 0 0 0 0 0 0 0 0 0 0 0 0 0 1.41187e-05 2.15458e-05 3.03024e-05 3.92774e-05 4.69192e-05 5.16543e-05 5.24092e-05 4.90077e-05 4.22338e-05 3.35433e-05 2.45526e-05 0 0 0 0 0 0 0 0 0 0 0 0 0 0 0 0 0 0 0 0 0 0 0 0 0 0 0 0 0 0 0 0 0 0 0 0 0 0 0 0 0 0 0 0 0 0 0 0 0 0 0 0 0 0 0 0 0 0 0 0 0 0 0 0 0 0 0 0 0 0 0 0 0 0 0
0 0 0 0 0 0 0 0 0 0 0 0 0 0 0 0 0 0 0 0 0 0 0 0 0 0 0 0 0 0 0 0 0 0 0 0 0 0 0 0 0 0 0 0 0 0 0 0 0 0 0 0 0 0 0 0 0 0 0 0 0 0 1.52591e-05 2.74159e-05 4.53969e-05 6.92774e-05 9.74327e-05 0.000126289 0.00015086 0.000167301 0.000169976 0.000159192 0.000137447 0.000109406 7.89461e-05 5.34e-05 3.33521e-05 0 0 0 0 0 0 0 0 0 0 0 0 0 0 0 0 0 0 0 0 0 0 0 0 0 0 0 0 0 0 0 0 0 0 0 0 0 0 0 0 0 0 0 0 0 0 0 0 0 0 0 0 0 0 0 0 0 0 0 0 0 0 0 0 0 0 0 0 0 0 0 0 0
0 0 0 0 0 0 0 0 0 0 0 0 0 0 0 0 0 0 0 0 0 0 0 0 0 0 0 0 0 0 0 0 0 0 0 0 0 0 0 0 0 0 0 0 0 0 0 0 0 0 0 0 0 0 0 0 0 0 3.19972e-06 6.08131e-06 1.52871e-05 2.88734e-05 5.19528e-05 8.84906e-05 0.000141639 0.000212524 0.000295416 0.000380432 0.000450203 0.000496285 0.000504311 0.000472429 0.000408004 0.000325026 0.000238815 0.000162032 0.000101764 5.95342e-05 3.17936e-05 0 0 0 0 0 0 0 0 0 0 0 0 0 0 0 0 0 0 0 0 0 0 0 0 0 0 0 0 0 0 0 0 0 0 0 0 0 0 0 0 0 0 0 0 0 0 0 0 0 0 0 0 0 0 0 0 0 0 0 0 0 0 0 0 0 0 0 0 0 0 0
0 0 0 0 0 0 0 0 0 0 0 0 0 0 0 0 0 0 0 0 0 0 0 0 0 0 0 0 0 0 0 0 0 0 0 0 0 0 0 0 0 0 0 0 0 0 0 0 0 0 0 0 0 0 0 0 2.05463e-06 4.98441e-06 1.0275e-05 2.34796e-05 4.54424e-05 8.3992e-05 0.000148249 0.000249415 0.000395282 0.000587125 0.000812634 0.00104384 0.00123962 0.00136265 0.0013873 0.00129951 0.00112669 0.000902641 0.000669372 0.000460838 0.000296243 0.000180021 0.000105854 6.2837e-05 2.62585e-05 0 0 0 0 0 0 0 0 0 0 0 0 0 0 0 0 0 0 0 0 0 0 0 0 0 0 0 0 0 0 0 0 0 0 0 0 0 0 0 0 0 0 0 0 0 0 0 0 0 0 0 0 0 0 0 0 0 0 0 0 0 0 0 0 0 0 0 0 0
0 0 0 0 0 0 0 0 0 0 0 0 0 0 0 0 0 0 0 0 0 0 0 0 0 0 0 0 0 0 0 0 0 0 0 0 0 0 0 0 0 0 0 0 0 0 0 0 0 0 0 0 0 0 0 0 6.12261e-06 1.4538e-05 3.11577e-05 6.28865e-05 0.000120411 0.000219953 0.000384744 0.00064008 0.00100761 0.00148985 0.00205623 0.00263683 0.00313733 0.0034491 0.00350388 0.00328775 0.00284933 0.00228723 0.0017013 0.00117713 0.000763029 0.000470204 0.00028351 0.000175163 0.000115531 8.09284e-05 4.87755e-05 0 0 0 0 0 0 0 0 0 0 0 0 0 0 0 0 0 0 0 0 0 0 0 0 0 0 0 0 0 0 0 0 0 0 0 0 0 0 0 0 0 0 0 0 0 0 0 0 0 0 0 0 0 0 0 0 0 0 0 0 0 0 0 0 0 0 0
0 0 0 0 0 0 0 0 0 0 0 0 0 0 0 0 0 0 0 0 0 0 0 0 0 0 0 0 0 0 0 0 0 0 0 0 0 0 0 0 0 0 0 0 0 0 0 0 0 0 0 0 0 0 0 6.39103e-06 1.59835e-05 3.64912e-05 7.77762e-05 0.00015575 0.00029548 0.000533814 0.000921696 0.00151825 0.00237201 0.00348908 0.00480322 0.00615042 0.00730386 0.00802762 0.00815802 0.00766297 0.00665487 0.00535243 0.00399397 0.00277995 0.00182006 0.00114108 0.000708645 0.000457529 0.000316744 0.000230485 0.000168298 0.000108523 7.51679e-05 0 0 0 0 0 0 0 0 0 0 0 0 0 0 0 0 0 0 0 0 0 0 0 0 0 0 0 0 0 0 0 0 0 0 0 0 0 0 0 0 0 0 0 0 0 0 0 0 0 0 0 0 0 0 0 0 0 0 0 0 0 0 0 0 0
0 0 0 0 0 0 0 0 0 0 0 0 0 0 0 0 0 0 0 0 0 0 0 0 0 0 0 0 0 0 0 0 0 0 0 0 0 0 0 0 0 0 0 0 0 0 0 0 0 0 0 0 0 0 0 1.4928e-05 3.71555e-05 8.45627e-05 0.000179362 0.00035683 0.000670183 0.00119711 0.00204279 0.00332944 0.00515833 0.00754703 0.0103489 0.013223 0.0156863 0.0172371 0.0175235 0.0164774 0.0143386 0.0115651 0.00867107 0.00607472 0.0040256 0.00257649 0.00165572 0.00112044 0.000812678 0.00061163 0.00045608 0.000308829 0.000210599 0.000136209 0 0 0 0 0 0 0 0 0 0 0 0 0 0 0 0 0 0 0 0 0 0 0 0 0 0 0 0 0 0 0 0 0 0 0 0 0 0 0 0 0 0 0 0 0 0 0 0 0 0 0 0 0 0 0 0 0 0 0 0 0 0 0 0
0 0 0 0 0 0 0 0 0 0 0 0 0 0 0 0 0 0 0 0 0 0 0 0 0 0 0 0 0 0 0 0 0 0 0 0 0 0 0 0 0 0 0 0 0 0 0 0 0 0 0 0 0 0 1.22098e-05 3.25539e-05 7.9697e-05 0.00018089 0.000382156 0.000755233 0.00140605 0.00248436 0.00418936 0.00675538 0.0103733 0.0150728 0.0205746 0.0262223 0.0310701 0.0341322 0.0347175 0.0326874 0.028509 0.023077 0.0174012 0.012307 0.00827369 0.00542656 0.00362218 0.00257213 0.00194831 0.00150982 0.00114602 0.000830169 0.000550989 0.000352941 0.000212905 0.00011951 0 0 0 0 0 0 0 0 0 0 0 0 0 0 0 0 0 0 0 0 0 0 0 0 0 0 0 0 0 0 0 0 0 0 0 0 0 0 0 0 0 0 0 0 0 0 0 0 0 0 0 0 0 0 0 0 0 0 0 0 0 0
0 0 0 0 0 0 0 0 0 0 0 0 0 0 0 0 0 0 0 0 0 0 0 0 0 0 0 0 0 0 0 0 0 0 0 0 0 0 0 0 0 0 0 0 0 0 0 0 0 0 0 0 0 0 2.43956e-05 6.45151e-05 0.000157718 0.000357195 0.000751724 0.00147722 0.00272826 0.00477193 0.00795463 0.0126758 0.0192734 0.0277992 0.0377615 0.0479872 0.0567775 0.0623549 0.0634666 0.0598522 0.0523464 0.0425594 0.0323117 0.0231008 0.0158039 0.0106645 0.0074327 0.00554344 0.00436501 0.00346608 0.00266804 0.00195117 0.00134099 0.000850452 0.000510342 0.000287353 0 0 0 0 0 0 0 0 0 0 0 0 0 0 0 0 0 0 0 0 0 0 0 0 0 0 0 0 0 0 0 0 0 0 0 0 0 0 0 0 0 0 0 0 0 0 0 0 0 0 0 0 0 0 0 0 0 0 0 0 0 0
0 0 0 0 0 0 0 0 0 0 0 0 0 0 0 0 0 0 0 0 0 0 0 0 0 0 0 0 0 0 0 0 0 0 0 0 0 0 0 0 0 0 0 0 0 0 0 0 0 0 0 0 0 0 4.47143e-05 0.000118046 0.000287952 0.000650834 0.0013653 0.00266972 0.00489595 0.00848016 0.0139756 0.0220092 0.0331159 0.0473782 0.0639983 0.0810578 0.0957513 0.105128 0.107093 0.101197 0.0888107 0.0725952 0.0555712 0.0402426 0.0281042 0.0195982 0.0142984 0.0111806 0.0091221 0.00740078 0.0057692 0.004252 0.00293137 0.00187369 0.00112862 0.000637428 0.000335249 0 0 0 0 0 0 0 0 0 0 0 0 0 0 0 0 0 0 0 0 0 0 0 0 0 0 0 0 0 0 0 0 0 0 0 0 0 0 0 0 0 0 0 0 0 0 0 0 0 0 0 0 0 0 0 0 0 0 0 0 0
0 0 0 0 0 0 0 0 0 0 0 0 0 0 0 0 0 0 0 0 0 0 0 0 0 0 0 0 0 0 0 0 0 0 0 0 0 0 0 0 0 0 0 0 0 0 0 0 0 0 0 0 0 0 7.55611e-05 0.000199189 0.000485445 0.00109478 0.00228972 0.0044582 0.00812197 0.0139438 0.0227281 0.0353722 0.052638 0.0746426 0.1002 0.12643 0.149078 0.163634 0.166881 0.158092 0.139325 0.114626 0.0886141 0.065149 0.0465978 0.0337142 0.0257956 0.0210832 0.0177281 0.0146491 0.0115535 0.00858853 0.00597821 0.00386845 0.00232802 0.00130462 0.000688306 0.000338157 0 0 0 0 0 0 0 0 0 0 0 0 0 0 0 0 0 0 0 0 0 0 0 0 0 0 0 0 0 0 0 0 0 0 0 0 0 0 0 0 0 0 0 0 0 0 0 0 0 0 0 0 0 0 0 0 0 0 0 0
0 0 0 0 0 0 0 0 0 0 0 0 0 0 0 0 0 0 0 0 0 0 0 0 0 0 0 0 0 0 0 0 0 0 0 0 0 0 0 0 0 0 0 0 0 0 0 0 0 0 0 0 0 4.14907e-05 0.000117921 0.000310217 0.000754801 0.0016991 0.00354519 0.00687539 0.0124542 0.021209 0.0342141 0.0526289 0.0774316 0.10876 0.144999 0.182181 0.214386 0.235281 0.240298 0.228356 0.202286 0.167731 0.131188 0.0981697 0.072173 0.0543846 0.0436602 0.0371514 0.0320523 0.0268855 0.021414 0.0160172 0.0112131 0.00733148 0.00445382 0.00250898 0.00133303 0.000642589 0.000294639 0 0 0 0 0 0 0 0 0 0 0 0 0 0 0 0 0 0 0 0 0 0 0 0 0 0 0 0 0 0 0 0 0 0 0 0 0 0 0 0 0 0 0 0 0 0 0 0 0 0 0 0 0 0 0 0 0 0 0
0 0 0 0 0 0 0 0 0 0 0 0 0 0 0 0 0 0 0 0 0 0 0 0 0 0 0 0 0 0 0 0 0 0 0 0 0 0 0 0 0 0 0 0 0 0 0 0 0 0 0 0 0 6.02437e-05 0.000170192 0.000446242 0.00108333 0.00243412 0.00506646 0.00979917 0.0176558 0.0298448 0.0476788 0.0725122 0.105462 0.146651 0.194058 0.242686 0.284969 0.312738 0.320019 0.305306 0.272148 0.22777 0.180599 0.137937 0.104625 0.0823668 0.0693088 0.061128 0.053896 0.0457864 0.036774 0.0276958 0.0194923 0.0128202 0.00785326 0.00450955 0.00236422 0.0011872 0.000558279 0 0 0 0 0 0 0 0 0 0 0 0 0 0 0 0 0 0 0 0 0 0 0 0 0 0 0 0 0 0 0 0 0 0 0 0 0 0 0 0 0 0 0 0 0 0 0 0 0 0 0 0 0 0 0 0 0 0 0
0 0 0 0 0 0 0 0 0 0 0 0 0 0 0 0 0 0 0 0 0 0 0 0 0 0 0 0 0 0 0 0 0 0 0 0 0 0 0 0 0 0 0 0 0 0 0 0 0 0 0 0 0 8.13887e-05 0.000227582 0.000593391 0.00145539 0.00324398 0.00671387 0.0129131 0.0231448 0.0388548 0.0615152 0.0925451 0.133063 0.18312 0.240398 0.299138 0.350479 0.384732 0.394678 0.37836 0.339824 0.287553 0.231643 0.181121 0.142272 0.117273 0.103188 0.0938945 0.0843179 0.0724249 0.0586202 0.0444377 0.0314864 0.0208416 0.012904 0.00745508 0.00404329 0.00198476 0.000947293 0.000425251 0 0 0 0 0 0 0 0 0 0 0 0 0 0 0 0 0 0 0 0 0 0 0 0 0 0 0 0 0 0 0 0 0 0 0 0 0 0 0 0 0 0 0 0 0 0 0 0 0 0 0 0 0 0 0 0 0 0
0 0 0 0 0 0 0 0 0 0 0 0 0 0 0 0 0 0 0 0 0 0 0 0 0 0 0 0 0 0 0 0 0 0 0 0 0 0 0 0 0 0 0 0 0 0 0 0 0 0 0 0 0 0.000102955 0.000322739 0.000791169 0.00184384 0.00404044 0.00827281 0.0157894 0.0281108 0.0468497 0.073527 0.109468 0.155633 0.211946 0.275965 0.341615 0.399409 0.438748 0.45158 0.435501 0.394684 0.338291 0.277515 0.222852 0.18195 0.1572 0.144145 0.134733 0.122896 0.106614 0.0869507 0.0663791 0.0473816 0.0316219 0.0197689 0.0115742 0.00635983 0.00328811 0.00151767 0.000696815 0.000211402 0 0 0 0 0 0 0 0 0 0 0 0 0 0 0 0 0 0 0 0 0 0 0 0 0 0 0 0 0 0 0 0 0 0 0 0 0 0 0 0 0 0 0 0 0 0 0 0 0 0 0 0 0 0 0 0 0
0 0 0 0 0 0 0 0 0 0 0 0 0 0 0 0 0 0 0 0 0 0 0 0 0 0 0 0 0 0 0 0 0 0 0 0 0 0 0 0 0 0 0 0 0 0 0 0 0 0 0 0 0 0.000209535 0.000475184 0.00106459 0.00232269 0.0048668 0.00967839 0.0181262 0.0318514 0.0525288 0.081611 0.120205 0.168989 0.227728 0.29406 0.36214 0.422639 0.464889 0.48055 0.466843 0.42762 0.37198 0.311544 0.257833 0.219556 0.198798 0.189204 0.180967 0.16734 0.146542 0.120478 0.0927167 0.0667761 0.0450463 0.0284956 0.016931 0.00947512 0.00498614 0.00248125 0.00108957 0.000380337 0.000170363 0 0 0 0 0 0 0 0 0 0 0 0 0 0 0 0 0 0 0 0 0 0 0 0 0 0 0 0 0 0 0 0 0 0 0 0 0 0 0 0 0 0 0 0 0 0 0 0 0 0 0 0 0 0 0 0
0 0 0 0 0 0 0 0 0 0 0 0 0 0 0 0 0 0 0 0 0 0 0 0 0 0 0 0 0 0 0 0 0 0 0 0 0 0 0 0 0 0 0 0 0 0 0 0 0 0 0 0 0.000185183 0.000367728 0.000800313 0.00160861 0.00317276 0.00609795 0.0113416 0.0202477 0.0344343 0.0555196 0.084815 0.12317 0.170963 0.22783 0.291691 0.357417 0.416564 0.459214 0.477308 0.467796 0.433843 0.383818 0.329139 0.281832 0.251069 0.237938 0.234069 0.228376 0.213826 0.189045 0.156826 0.121868 0.0887488 0.0606516 0.0389529 0.0235511 0.0134413 0.00722723 0.00367839 0.00174365 0.000744966 0.00028517 0.00011852 0 0 0 0 0 0 0 0 0 0 0 0 0 0 0 0 0 0 0 0 0 0 0 0 0 0 0 0 0 0 0 0 0 0 0 0 0 0 0 0 0 0 0 0 0 0 0 0 0 0 0 0 0 0 0
0 0 0 0 0 0 0 0 0 0 0 0 0 0 0 0 0 0 0 0 0 0 0 0 0 0 0 0 0 0 0 0 0 0 0 0 0 0 0 0 0 0 0 0 0 0 0 0 0 0 0 0.000212161 0.00040956 0.000769771 0.00147002 0.002714 0.00489768 0.00857148 0.0145102 0.0237707 0.0376705 0.057601 0.0847187 0.11973 0.162879 0.213825 0.270943 0.330125 0.384333 0.424957 0.444683 0.440347 0.414225 0.373588 0.329167 0.29296 0.273746 0.270917 0.274388 0.27245 0.258159 0.23059 0.193305 0.151986 0.112187 0.0778779 0.0509334 0.0314201 0.0183211 0.0100759 0.0052325 0.00256407 0.00109563 0.000445782 0.000185893 0 0 0 0 0 0 0 0 0 0 0 0 0 0 0 0 0 0 0 0 0 0 0 0 0 0 0 0 0 0 0 0 0 0 0 0 0 0 0 0 0 0 0 0 0 0 0 0 0 0 0 0 0 0 0
0 0 0 0 0 0 0 0 0 0 0 0 0 0 0 0 0 0 0 0 0 0 0 0 0 0 0 0 0 0 0 0 0 0 0 0 0 0 0 0 0 0 0 0 0 0 0 0 0 0 0.000237761 0.000467862 0.000871701 0.00156071 0.00275315 0.00475665 0.00805587 0.0132167 0.0208086 0.0313601 0.0454152 0.0636344 0.0868018 0.115672 0.150788 0.19225 0.239126 0.28847 0.334838 0.371209 0.391286 0.391946 0.374653 0.345477 0.314246 0.292298 0.287042 0.295767 0.307293 0.310011 0.297302 0.268582 0.227923 0.181704 0.136262 0.096291 0.0642241 0.0404586 0.0241005 0.0135547 0.00716117 0.00357265 0.00165553 0.000656674 0.000275201 0.000106717 0 0 0 0 0 0 0 0 0 0 0 0 0 0 0 0 0 0 0 0 0 0 0 0 0 0 0 0 0 0 0 0 0 0 0 0 0 0 0 0 0 0 0 0 0 0 0 0 0 0 0 0 0 0
0 0 0 0 0 0 0 0 0 0 0 0 0 0 0 0 0 0 0 0 0 0 0 0 0 0 0 0 0 0 0 0 0 0 0 0 0 0 0 0 0 0 0 0 0 0 0 0 0 0.00024119 0.000501415 0.000971926 0.00176794 0.00305153 0.00508885 0.008289 0.0132784 0.0207639 0.0312688 0.0448682 0.0611304 0.0793935 0.0992702 0.121086 0.14589 0.174835 0.2083 0.244814 0.280606 0.3103 0.328737 0.333032 0.324032 0.30676 0.289999 0.283703 0.292964 0.313041 0.332509 0.34038 0.33045 0.302279 0.260086 0.210599 0.160701 0.115738 0.078764 0.050657 0.0307944 0.0176597 0.00952428 0.00483056 0.0022803 0.000922795 0.000389475 0.000152145 0 0 0 0 0 0 0 0 0 0 0 0 0 0 0 0 0 0 0 0 0 0 0 0 0 0 0 0 0 0 0 0 0 0 0 0 0 0 0 0 0 0 0 0 0 0 0 0 0 0 0 0 0 0
0 0 0 0 0 0 0 0 0 0 0 0 0 0 0 0 0 0 0 0 0 0 0 0 0 0 0 0 0 0 0 0 0 0 0 0 0 0 0 0 0 0 0 0 0 0 0 0 0 0.000477414 0.000984857 0.00188972 0.00338471 0.00570001 0.00913346 0.0141632 0.0215028 0.0320731 0.0465538 0.0648277 0.0856937 0.107134 0.127143 0.144721 0.160438 0.176183 0.193962 0.214445 0.236139 0.255713 0.269402 0.274806 0.272384 0.266269 0.263882 0.272915 0.295567 0.325662 0.352297 0.365386 0.35907 0.332795 0.290593 0.239202 0.185837 0.136419 0.0946789 0.0621114 0.0384741 0.0224638 0.0123337 0.0063476 0.00305421 0.0013296 0.000533352 0.000210239 7.66706e-05 0 0 0 0 0 0 0 0 0 0 0 0 0 0 0 0 0 0 0 0 0 0 0 0 0 0 0 0 0 0 0 0 0 0 0 0 0 0 0 0 0 0 0 0 0 0 0 0 0 0 0 0 0
0 0 0 0 0 0 0 0 0 0 0 0 0 0 0 0 0 0 0 0 0 0 0 0 0 0 0 0 0 0 0 0 0 0 0 0 0 0 0 0 0 0 0 0 0 0 0 0 0.000397686 0.00087771 0.0017989 0.00342598 0.00607528 0.0100754 0.0157564 0.0235482 0.0341519 0.0486305 0.0679602 0.0921489 0.119548 0.147018 0.170949 0.188731 0.199802 0.20568 0.208993 0.212132 0.216321 0.221308 0.225812 0.228648 0.230213 0.233587 0.244118 0.266361 0.299787 0.337691 0.370188 0.388085 0.385692 0.362096 0.320851 0.268454 0.212269 0.158719 0.112228 0.0749971 0.0472888 0.0280787 0.01566 0.00817832 0.00399329 0.00178686 0.000710625 0.000282657 0.000104006 0 0 0 0 0 0 0 0 0 0 0 0 0 0 0 0 0 0 0 0 0 0 0 0 0 0 0 0 0 0 0 0 0 0 0 0 0 0 0 0 0 0 0 0 0 0 0 0 0 0 0 0 0
0 0 0 0 0 0 0 0 0 0 0 0 0 0 0 0 0 0 0 0 0 0 0 0 0 0 0 0 0 0 0 0 0 0 0 0 0 0 0 0 0 0 0 0 0 0 0 0 0.000683582 0.00149898 0.00305374 0.00578143 0.0101838 0.0167373 0.0258129 0.037731 0.0530425 0.0727937 0.0982933 0.129949 0.165997 0.202291 0.233496 0.255118 0.265168 0.264578 0.25627 0.243721 0.230095 0.218047 0.209632 0.206152 0.20861 0.218655 0.238641 0.269824 0.309936 0.352614 0.389076 0.410811 0.41207 0.39137 0.351576 0.298723 0.240151 0.182689 0.131443 0.0893452 0.05726 0.0345239 0.0195299 0.0103346 0.00510718 0.00232824 0.000925709 0.000367456 0.000136254 0 0 0 0 0 0 0 0 0 0 0 0 0 0 0 0 0 0 0 0 0 0 0 0 0 0 0 0 0 0 0 0 0 0 0 0 0 0 0 0 0 0 0 0 0 0 0 0 0 0 0 0 0
0 0 0 0 0 0 0 0 0 0 0 0 0 0 0 0 0 0 0 0 0 0 0 0 0 0 0 0 0 0 0 0 0 0 0 0 0 0 0 0 0 0 0 0 0 0 0 0.000465892 0.00109186 0.00237893 0.00481874 0.00907711 0.0159152 0.026029 0.0398833 0.057714 0.0798757 0.107353 0.141769 0.184048 0.232429 0.281553 0.323806 0.352048 0.362323 0.35505 0.33425 0.305564 0.274587 0.246334 0.225233 0.214639 0.215986 0.229072 0.253183 0.287296 0.32875 0.372145 0.409794 0.433654 0.437707 0.419698 0.381599 0.328769 0.268315 0.207324 0.151513 0.104555 0.0679716 0.041527 0.0237772 0.0127231 0.00635162 0.00293134 0.00126834 0.000467871 0.000170419 0 0 0 0 0 0 0 0 0 0 0 0 0 0 0 0 0 0 0 0 0 0 0 0 0 0 0 0 0 0 0 0 0 0 0 0 0 0 0 0 0 0 0 0 0 0 0 0 0 0 0 0 0
0 0 0 0 0 0 0 0 0 0 0 0 0 0 0 0 0 0 0 0 0 0 0 0 0 0 0 0 0 0 0 0 0 0 0 0 0 0 0 0 0 0 0 0 0 0 0 0.00069647 0.00162104 0.00350981 0.00707119 0.0132627 0.0231816 0.0378368 0.0578984 0.0836562 0.115423 0.15427 0.202175 0.260488 0.327099 0.394828 0.452748 0.489993 0.499898 0.482456 0.443873 0.393851 0.342373 0.297767 0.266129 0.250806 0.25159 0.265467 0.289117 0.320389 0.357342 0.396315 0.431161 0.454451 0.459795 0.443954 0.407739 0.355558 0.294043 0.230325 0.170623 0.119278 0.0784949 0.0484838 0.0280449 0.0151503 0.00761202 0.00355857 0.00155279 0.000612624 0.00020188 7.08032e-05 0 0 0 0 0 0 0 0 0 0 0 0 0 0 0 0 0 0 0 0 0 0 0 0 0 0 0 0 0 0 0 0 0 0 0 0 0 0 0 0 0 0 0 0 0 0 0 0 0 0 0 0
0 0 0 0 0 0 0 0 0 0 0 0 0 0 0 0 0 0 0 0 0 0 0 0 0 0 0 0 0 0 0 0 0 0 0 0 0 0 0 0 0 0 0 0 0 0 0 0.000967478 0.00223726 0.00481555 0.00965471 0.0180455 0.0314871 0.0514089 0.0788585 0.114427 0.158703 0.213098 0.280001 0.360836 0.452497 0.545043 0.623191 0.671347 0.679543 0.647463 0.584471 0.506023 0.428513 0.365092 0.323549 0.305574 0.307249 0.321776 0.343129 0.368058 0.39555 0.424504 0.451451 0.47038 0.474775 0.460243 0.426084 0.375408 0.31404 0.248919 0.186552 0.131879 0.0877121 0.0547495 0.0319985 0.0174758 0.00890408 0.00416828 0.00183878 0.00073947 0.000255163 8.16164e-05 0 0 0 0 0 0 0 0 0 0 0 0 0 0 0 0 0 0 0 0 0 0 0 0 0 0 0 0 0 0 0 0 0 0 0 0 0 0 0 0 0 0 0 0 0 0 0 0 0 0 0 0
0 0 0 0 0 0 0 0 0 0 0 0 0 0 0 0 0 0 0 0 0 0 0 0 0 0 0 0 0 0 0 0 0 0 0 0 0 0 0 0 0 0 0 0 0 0 0 0.00124842 0.00287006 0.00614554 0.0122709 0.0228802 0.0399152 0.065331 0.100756 0.147393 0.206434 0.279834 0.370242 0.478663 0.60027 0.721678 0.822678 0.882509 0.887814 0.838188 0.746792 0.635752 0.528842 0.444664 0.392529 0.37168 0.374113 0.389358 0.40847 0.426257 0.441698 0.456147 0.469962 0.480047 0.480611 0.466138 0.434077 0.385813 0.326011 0.261133 0.197758 0.141238 0.0949002 0.0598631 0.0353924 0.0195971 0.0101657 0.00495255 0.00228163 0.000992942 0.000305072 0.000120218 0 0 0 0 0 0 0 0 0 0 0 0 0 0 0 0 0 0 0 0 0 0 0 0 0 0 0 0 0 0 0 0 0 0 0 0 0 0 0 0 0 0 0 0 0 0 0 0 0 0 0 0
0 0 0 0 0 0 0 0 0 0 0 0 0 0 0 0 0 0 0 0 0 0 0 0 0 0 0 0 0 0 0 0 0 0 0 0 0 0 0 0 0 0 0 0 0 0 0 0.00149581 0.00342155 0.00729498 0.0145225 0.0270504 0.0472637 0.0777166 0.120798 0.178574 0.253048 0.346685 0.462026 0.599072 0.750867 0.900536 1.02325 1.09364 1.09548 1.02873 0.910553 0.769598 0.636359 0.533625 0.470799 0.444655 0.44493 0.459344 0.476437 0.488172 0.491979 0.490386 0.487573 0.484754 0.478329 0.462263 0.432011 0.386828 0.329864 0.266809 0.204091 0.147282 0.100084 0.0639582 0.0384296 0.0217315 0.0116198 0.00590899 0.00289724 0.00138119 0.000663689 0.000166147 0 0 0 0 0 0 0 0 0 0 0 0 0 0 0 0 0 0 0 0 0 0 0 0 0 0 0 0 0 0 0 0 0 0 0 0 0 0 0 0 0 0 0 0 0 0 0 0 0 0 0 0
0 0 0 0 0 0 0 0 0 0 0 0 0 0 0 0 0 0 0 0 0 0 0 0 0 0 0 0 0 0 0 0 0 0 0 0 0 0 0 0 0 0 0 0 0 0 0.000679656 0.0016632 0.00378914 0.00805321 0.0160059 0.0298324 0.0523064 0.0865872 0.135897 0.203253 0.291454 0.403181 0.540365 0.701564 0.877732 1.04924 1.18803 1.2657 1.26439 1.18505 1.04849 0.888612 0.740252 0.627053 0.555827 0.5213 0.514338 0.524283 0.53862 0.546086 0.541124 0.525565 0.505998 0.488131 0.472036 0.452436 0.423146 0.381127 0.32772 0.267599 0.206833 0.151031 0.104105 0.0677666 0.0417503 0.0244543 0.0137297 0.0074667 0.00399906 0.00213967 0.00116652 0.000634367 0.000357941 0 0 0 0 0 0 0 0 0 0 0 0 0 0 0 0 0 0 0 0 0 0 0 0 0 0 0 0 0 0 0 0 0 0 0 0 0 0 0 0 0 0 0 0 0 0 0 0 0 0 0
0 0 0 0 0 0 0 0 0 0 0 0 0 0 0 0 0 0 0 0 0 0 0 0 0 0 0 0 0 0 0 0 0 0 0 0 0 0 0 0 0 0 0 0 0 0 0.000703274 0.00171512 0.00389609 0.00826547 0.0164273 0.0306939 0.0541139 0.0903495 0.143366 0.216999 0.314576 0.438602 0.589943 0.765572 0.954837 1.13679 1.28231 1.36236 1.35932 1.27566 1.13503 0.974098 0.828152 0.717143 0.642673 0.598347 0.579354 0.580271 0.589993 0.594601 0.584717 0.559763 0.5267 0.49448 0.467391 0.442394 0.412684 0.373181 0.323315 0.266581 0.20851 0.154577 0.108727 0.0727875 0.0466253 0.0288147 0.017356 0.0103131 0.00611952 0.00368551 0.00224913 0.00134046 0.000809572 0.000458023 0 0 0 0 0 0 0 0 0 0 0 0 0 0 0 0 0 0 0 0 0 0 0 0 0 0 0 0 0 0 0 0 0 0 0 0 0 0 0 0 0 0 0 0 0 0 0 0 0 0
0 0 0 0 0 0 0 0 0 0 0 0 0 0 0 0 0 0 0 0 0 0 0 0 0 0 0 0 0 0 0 0 0 0 0 0 0 0 0 0 0 0 0 0 0 0 0.000673854 0.00163935 0.00371762 0.00788413 0.0156962 0.0294574 0.052321 0.0882396 0.141653 0.216888 0.317401 0.445182 0.599838 0.77695 0.965086 1.14373 1.28521 1.36253 1.36028 1.28297 1.15562 1.01438 0.890051 0.794759 0.724135 0.672133 0.639685 0.628456 0.631248 0.633179 0.621313 0.591732 0.550063 0.506677 0.469344 0.438075 0.406669 0.368683 0.32184 0.26841 0.213266 0.161581 0.117162 0.0817923 0.0554051 0.03674 0.024063 0.015703 0.0102801 0.00676941 0.00443745 0.00281966 0.00174049 0.00101719 0.000551778 0 0 0 0 0 0 0 0 0 0 0 0 0 0 0 0 0 0 0 0 0 0 0 0 0 0 0 0 0 0 0 0 0 0 0 0 0 0 0 0 0 0 0 0 0 0 0 0 0
0 0 0 0 0 0 0 0 0 0 0 0 0 0 0 0 0 0 0 0 0 0 0 0 0 0 0 0 0 0 0 0 0 0 0 0 0 0 0 0 0 0 0 0 0 0 0 0.0014516 0.00329032 0.00698606 0.013957 0.0263595 0.0472466 0.0805714 0.130865 0.202509 0.298743 0.420835 0.567294 0.73281 0.906169 1.06889 1.19701 1.26789 1.26999 1.21002 1.11256 1.00921 0.921789 0.852794 0.79352 0.739816 0.697548 0.674382 0.668174 0.665648 0.65207 0.620561 0.574653 0.52464 0.480289 0.444188 0.411269 0.374491 0.330314 0.27996 0.227635 0.178083 0.134821 0.0994723 0.0720111 0.0514372 0.036421 0.025666 0.0180159 0.0125411 0.00855054 0.00561931 0.00349982 0.00205953 0.00112509 0 0 0 0 0 0 0 0 0 0 0 0 0 0 0 0 0 0 0 0 0 0 0 0 0 0 0 0 0 0 0 0 0 0 0 0 0 0 0 0 0 0 0 0 0 0 0 0 0
0 0 0 0 0 0 0 0 0 0 0 0 0 0 0 0 0 0 0 0 0 0 0 0 0 0 0 0 0 0 0 0 0 0 0 0 0 0 0 0 0 0 0 0 0 0 0 0.00119021 0.00269996 0.00574812 0.0115445 0.0219797 0.0398097 0.0686862 0.112844 0.1763 0.261855 0.370085 0.498835 0.642558 0.791227 0.929593 1.03884 1.10225 1.113 1.07971 1.02419 0.969767 0.926846 0.889828 0.848748 0.801734 0.756974 0.724881 0.707739 0.696562 0.678085 0.6443 0.596935 0.545317 0.499532 0.463117 0.431527 0.397434 0.356614 0.309632 0.260134 0.212334 0.169305 0.132466 0.101972 0.0773508 0.0579132 0.0428629 0.0313224 0.0224611 0.0156236 0.0104001 0.00654239 0.00385883 0.00211647 0.00108045 0 0 0 0 0 0 0 0 0 0 0 0 0 0 0 0 0 0 0 0 0 0 0 0 0 0 0 0 0 0 0 0 0 0 0 0 0 0 0 0 0 0 0 0 0 0 0 0
0 0 0 0 0 0 0 0 0 0 0 0 0 0 0 0 0 0 0 0 0 0 0 0 0 0 0 0 0 0 0 0 0 0 0 0 0 0 0 0 0 0 0 0 0 0 0 0.000903305 0.00205336 0.00439029 0.00887904 0.0170679 0.031268 0.0546001 0.0906795 0.142922 0.213548 0.3027 0.408068 0.524607 0.644173 0.755389 0.845188 0.90317 0.927257 0.926776 0.91831 0.91468 0.91597 0.912395 0.894928 0.862645 0.822596 0.784448 0.7537 0.727741 0.698526 0.65975 0.61238 0.564237 0.52399 0.494033 0.469043 0.441344 0.406531 0.364834 0.319256 0.273175 0.229013 0.18814 0.151354 0.119245 0.0921595 0.0699943 0.0521977 0.0379858 0.026686 0.0178815 0.0112986 0.0066794 0.00367209 0.00187531 0.000885714 0 0 0 0 0 0 0 0 0 0 0 0 0 0 0 0 0 0 0 0 0 0 0 0 0 0 0 0 0 0 0 0 0 0 0 0 0 0 0 0 0 0 0 0 0 0 0
0 0 0 0 0 0 0 0 0 0 0 0 0 0 0 0 0 0 0 0 0 0 0 0 0 0 0 0 0 0 0 0 0 0 0 0 0 0 0 0 0 0 0 0 0 0 0 0.000634448 0.00144708 0.00311212 0.00634829 0.0123371 0.0228761 0.0404627 0.0678976 0.10789 0.162143 0.230635 0.311391 0.400446 0.491984 0.578613 0.652829 0.709988 0.751691 0.78607 0.822588 0.86423 0.904823 0.933844 0.943091 0.929979 0.897681 0.853458 0.805343 0.758153 0.711843 0.664635 0.617999 0.577816 0.549734 0.533209 0.521228 0.505769 0.482342 0.450472 0.411723 0.367978 0.320926 0.272456 0.224883 0.180657 0.141703 0.108868 0.0819144 0.0600136 0.0423658 0.0284788 0.0180356 0.0106829 0.00587645 0.00300153 0.00141766 0 0 0 0 0 0 0 0 0 0 0 0 0 0 0 0 0 0 0 0 0 0 0 0 0 0 0 0 0 0 0 0 0 0 0 0 0 0 0 0 0 0 0 0 0 0 0
0 0 0 0 0 0 0 0 0 0 0 0 0 0 0 0 0 0 0 0 0 0 0 0 0 0 0 0 0 0 0 0 0 0 0 0 0 0 0 0 0 0 0 0 0 0 0 0 0.000945173 0.00204798 0.00422038 0.00830173 0.0156443 0.0279985 0.0474723 0.076094 0.115131 0.164662 0.223385 0.28878 0.357485 0.42588 0.491202 0.553229 0.615219 0.682205 0.756688 0.835359 0.909704 0.969278 1.00463 1.00941 0.982414 0.928887 0.859525 0.786419 0.718404 0.660005 0.614339 0.585058 0.573725 0.576229 0.583941 0.588439 0.584331 0.568923 0.540923 0.500108 0.447814 0.387412 0.323804 0.262205 0.206705 0.159357 0.120219 0.0882604 0.0624054 0.0419853 0.0266132 0.0157673 0.00867764 0.00443145 0.00209262 0.00091263 0 0 0 0 0 0 0 0 0 0 0 0 0 0 0 0 0 0 0 0 0 0 0 0 0 0 0 0 0 0 0 0 0 0 0 0 0 0 0 0 0 0 0 0 0 0
0 0 0 0 0 0 0 0 0 0 0 0 0 0 0 0 0 0 0 0 0 0 0 0 0 0 0 0 0 0 0 0 0 0 0 0 0 0 0 0 0 0 0 0 0 0 0 0 0.000572755 0.00125282 0.00261298 0.0052888 0.0100909 0.0182856 0.0313657 0.0508208 0.0776561 0.112202 0.153994 0.202052 0.255367 0.313473 0.377097 0.44844 0.530436 0.624695 0.729353 0.838306 0.941929 1.02827 1.08479 1.10123 1.07338 1.00614 0.913146 0.812663 0.721453 0.650565 0.605426 0.587667 0.594994 0.620448 0.654316 0.687069 0.710536 0.717797 0.703576 0.665503 0.605305 0.528755 0.444246 0.360479 0.284205 0.218901 0.164927 0.120929 0.0854012 0.0573992 0.0363459 0.0215137 0.0118347 0.00603911 0.00285011 0.00124238 0 0 0 0 0 0 0 0 0 0 0 0 0 0 0 0 0 0 0 0 0 0 0 0 0 0 0 0 0 0 0 0 0 0 0 0 0 0 0 0 0 0 0 0 0 0
0 0 0 0 0 0 0 0 0 0 0 0 0 0 0 0 0 0 0 0 0 0 0 0 0 0 0 0 0 0 0 0 0 0 0 0 0 0 0 0 0 0 0 0 0 0 0 0 0 0.000715763 0.00159344 0.00327459 0.0063696 0.0117343 0.0204407 0.0336576 0.0522821 0.0769996 0.10815 0.146104 0.191718 0.246683 0.313637 0.395592 0.494699 0.610712 0.739882 0.874424 1.00262 1.10957 1.17944 1.19938 1.16431 1.08025 0.963864 0.838117 0.725501 0.642339 0.596577 0.588906 0.614679 0.665403 0.730243 0.797084 0.853109 0.886051 0.886504 0.850423 0.780477 0.685301 0.577114 0.468355 0.368645 0.283066 0.212409 0.155046 0.109018 0.0729916 0.046067 0.027195 0.0149311 0.00760613 0.00358491 0.00156111 0 0 0 0 0 0 0 0 0 0 0 0 0 0 0 0 0 0 0 0 0 0 0 0 0 0 0 0 0 0 0 0 0 0 0 0 0 0 0 0 0 0 0 0 0 0
0 0 0 0 0 0 0 0 0 0 0 0 0 0 0 0 0 0 0 0 0 0 0 0 0 0 0 0 0 0 0 0 0 0 0 0 0 0 0 0 0 0 0 0 0 0 0 0 0 0.000387518 0.00106108 0.00220657 0.00440445 0.00829481 0.0147829 0.0248595 0.0395413 0.0597872 0.08652 0.120959 0.164979 0.221325 0.293499 0.384954 0.497791 0.631219 0.780281 0.935181 1.0814 1.20106 1.27605 1.29266 1.24654 1.14562 1.00922 0.863267 0.733503 0.639547 0.591812 0.59183 0.634569 0.710604 0.807115 0.908187 0.995934 1.05318 1.06718 1.03277 0.953593 0.840836 0.710034 0.576913 0.453725 0.347226 0.259006 0.187596 0.130806 0.0868914 0.0544663 0.0319746 0.01748 0.00887406 0.00417151 0.00181295 0 0 0 0 0 0 0 0 0 0 0 0 0 0 0 0 0 0 0 0 0 0 0 0 0 0 0 0 0 0 0 0 0 0 0 0 0 0 0 0 0 0 0 0 0 0
0 0 0 0 0 0 0 0 0 0 0 0 0 0 0 0 0 0 0 0 0 0 0 0 0 0 0 0 0 0 0 0 0 0 0 0 0 0 0 0 0 0 0 0 0 0 0 0 0 0.000312025 0.00089156 0.00190481 0.00389435 0.00748752 0.0136006 0.0232971 0.0377126 0.0580223 0.0853933 0.121315 0.167921 0.228285 0.306266 0.405697 0.528888 0.674761 0.837276 1.00473 1.16033 1.28428 1.35764 1.36709 1.30976 1.19545 1.04519 0.88609 0.744865 0.642608 0.592215 0.597786 0.655061 0.753172 0.876369 1.00508 1.11772 1.194 1.21918 1.18743 1.10288 0.978132 0.830588 0.677979 0.534411 0.408279 0.302574 0.216832 0.149245 0.0978407 0.0605974 0.0352138 0.0190951 0.00963157 0.0045052 0.00195061 0.000780737 0 0 0 0 0 0 0 0 0 0 0 0 0 0 0 0 0 0 0 0 0 0 0 0 0 0 0 0 0 0 0 0 0 0 0 0 0 0 0 0 0 0 0 0 0
0 0 0 0 0 0 0 0 0 0 0 0 0 0 0 0 0 0 0 0 0 0 0 0 0 0 0 0 0 0 0 0 0 0 0 0 0 0 0 0 0 0 0 0 0 0 0 0 0 0.000413567 0.000950938 0.00214484 0.00442689 0.00857849 0.0156708 0.0269652 0.0438287 0.067542 0.0993635 0.140642 0.193273 0.259997 0.344337 0.449878 0.578765 0.72972 0.896242 1.06584 1.22087 1.34117 1.40812 1.40953 1.34394 1.22231 1.06606 0.90182 0.755525 0.648511 0.596175 0.606014 0.674495 0.788206 0.928297 1.07303 1.19957 1.28703 1.32041 1.29358 1.21041 1.08309 0.928778 0.76525 0.607254 0.464661 0.342575 0.242604 0.164238 0.105685 0.064265 0.036733 0.0196455 0.00979746 0.00454202 0.00195303 0.000777605 0 0 0 0 0 0 0 0 0 0 0 0 0 0 0 0 0 0 0 0 0 0 0 0 0 0 0 0 0 0 0 0 0 0 0 0 0 0 0 0 0 0 0 0 0
0 0 0 0 0 0 0 0 0 0 0 0 0 0 0 0 0 0 0 0 0 0 0 0 0 0 0 0 0 0 0 0 0 0 0 0 0 0 0 0 0 0 0 0 0 0 0 0 0.000213538 0.000560774 0.00129908 0.00282935 0.00585973 0.0112982 0.0205128 0.0350809 0.056633 0.0865793 0.126046 0.17597 0.237516 0.312424 0.403035 0.511785 0.640121 0.786782 0.945929 1.10601 1.25043 1.36006 1.41754 1.41189 1.34254 1.22057 1.06649 0.905089 0.760424 0.653349 0.601391 0.615006 0.690542 0.811565 0.956785 1.10414 1.23219 1.322 1.36007 1.34053 1.26612 1.14681 0.99719 0.832965 0.668199 0.513964 0.378012 0.26493 0.176304 0.111027 0.0659533 0.0368421 0.0192962 0.00945095 0.0043164 0.00183388 0.000723348 0 0 0 0 0 0 0 0 0 0 0 0 0 0 0 0 0 0 0 0 0 0 0 0 0 0 0 0 0 0 0 0 0 0 0 0 0 0 0 0 0 0 0 0 0
0 0 0 0 0 0 0 0 0 0 0 0 0 0 0 0 0 0 0 0 0 0 0 0 0 0 0 0 0 0 0 0 0 0 0 0 0 0 0 0 0 0 0 0 0 0 0 0 0.00032651 0.000807219 0.0018662 0.00404159 0.00822799 0.0157403 0.0282901 0.0478657 0.0764109 0.115366 0.165465 0.226819 0.299294 0.383033 0.478565 0.5866 0.7075 0.840288 0.980915 1.12059 1.2455 1.3389 1.38509 1.37411 1.30553 1.18957 1.04486 0.893619 0.757462 0.656176 0.608139 0.625152 0.702849 0.822599 0.961946 1.09999 1.2184 1.30215 1.34064 1.32895 1.26822 1.16498 1.0295 0.873739 0.710061 0.550327 0.404993 0.281868 0.184949 0.114162 0.0661999 0.0360214 0.018376 0.00877945 0.00392166 0.0016349 0.000634847 0 0 0 0 0 0 0 0 0 0 0 0 0 0 0 0 0 0 0 0 0 0 0 0 0 0 0 0 0 0 0 0 0 0 0 0 0 0 0 0 0 0 0 0 0
0 0 0 0 0 0 0 0 0 0 0 0 0 0 0 0 0 0 0 0 0 0 0 0 0 0 0 0 0 0 0 0 0 0 0 0 0 0 0 0 0 0 0 0 0 0 0 0.000166856 0.000463981 0.00114605 0.00264154 0.00569375 0.0115125 0.0218302 0.0389284 0.065277 0.10314 0.153848 0.217403 0.292502 0.377095 0.469144 0.567067 0.66981 0.776814 0.887735 1.00111 1.11215 1.21121 1.28475 1.31898 1.30454 1.24053 1.13567 1.00629 0.871864 0.751364 0.662585 0.622499 0.641756 0.715536 0.825417 0.949667 1.06938 1.16984 1.24045 1.27422 1.26773 1.22082 1.1364 1.01987 0.878803 0.723174 0.565012 0.416845 0.289119 0.187939 0.114284 0.0649612 0.0345129 0.0171397 0.00796288 0.00346011 0.00140573 0.000533451 0 0 0 0 0 0 0 0 0 0 0 0 0 0 0 0 0 0 0 0 0 0 0 0 0 0 0 0 0 0 0 0 0 0 0 0 0 0 0 0 0 0 0 0 0
0 0 0 0 0 0 0 0 0 0 0 0 0 0 0 0 0 0 0 0 0 0 0 0 0 0 0 0 0 0 0 0 0 0 0 0 0 0 0 0 0 0 0 0 0 0 0 0.00022564 0.000624768 0.00154271 0.00355255 0.00764543 0.0154171 0.0291439 0.0517349 0.0863164 0.135469 0.200277 0.279656 0.370327 0.467664 0.566931 0.664291 0.757299 0.845157 0.928777 1.00979 1.08793 1.15827 1.2109 1.23388 1.21822 1.16213 1.07265 0.963816 0.852488 0.754798 0.685202 0.656414 0.675558 0.738202 0.829217 0.930025 1.02448 1.10111 1.15292 1.17618 1.16917 1.13135 1.06298 0.965296 0.841787 0.69974 0.550476 0.40734 0.282223 0.182501 0.10994 0.0616411 0.0321695 0.0156298 0.00708098 0.00299326 0.00118174 0.000435971 0 0 0 0 0 0 0 0 0 0 0 0 0 0 0 0 0 0 0 0 0 0 0 0 0 0 0 0 0 0 0 0 0 0 0 0 0 0 0 0 0 0 0 0 0
0 0 0 0 0 0 0 0 0 0 0 0 0 0 0 0 0 0 0 0 0 0 0 0 0 0 0 0 0 0 0 0 0 0 0 0 0 0 0 0 0 0 0 0 0 0 0 0.000284268 0.000784758 0.0019403 0.0044744 0.00964236 0.0194605 0.0368078 0.0653252 0.10883 0.170278 0.250446 0.346938 0.454129 0.564339 0.669784 0.76431 0.844512 0.910155 0.96419 1.01169 1.05691 1.0995 1.13301 1.1473 1.13353 1.08892 1.01888 0.935282 0.852413 0.783051 0.736933 0.720745 0.737116 0.782362 0.846358 0.915848 0.978666 1.0263 1.05426 1.06095 1.04625 1.01008 0.951549 0.869233 0.763419 0.638724 0.504849 0.374475 0.259422 0.167306 0.100244 0.0557413 0.0287578 0.013765 0.00612212 0.00253141 0.000974409 0 0 0 0 0 0 0 0 0 0 0 0 0 0 0 0 0 0 0 0 0 0 0 0 0 0 0 0 0 0 0 0 0 0 0 0 0 0 0 0 0 0 0 0 0 0
0 0 0 0 0 0 0 0 0 0 0 0 0 0 0 0 0 0 0 0 0 0 0 0 0 0 0 0 0 0 0 0 0 0 0 0 0 0 0 0 0 0 0 0 0 0 0 0.000331946 0.000915045 0.0022691 0.00525019 0.0113557 0.0229943 0.0436467 0.0776658 0.129581 0.202752 0.297644 0.410563 0.533521 0.655752 0.766394 0.857122 0.923855 0.967394 0.993241 1.01007 1.02627 1.04553 1.06444 1.07433 1.06642 1.03694 0.989613 0.934103 0.881882 0.841952 0.819064 0.81436 0.82663 0.852398 0.885696 0.918928 0.94489 0.958557 0.9576 0.941937 0.912675 0.870678 0.815072 0.743266 0.653469 0.547855 0.433806 0.32207 0.223049 0.143609 0.0857767 0.0474703 0.0243223 0.0115326 0.00506972 0.00206541 0.000780609 0 0 0 0 0 0 0 0 0 0 0 0 0 0 0 0 0 0 0 0 0 0 0 0 0 0 0 0 0 0 0 0 0 0 0 0 0 0 0 0 0 0 0 0 0 0
0 0 0 0 0 0 0 0 0 0 0 0 0 0 0 0 0 0 0 0 0 0 0 0 0 0 0 0 0 0 0 0 0 0 0 0 0 0 0 0 0 0 0 0 0 0 0 0.000358801 0.000989229 0.00246394 0.00572977 0.0124613 0.0253751 0.0484168 0.0865507 0.144906 0.227228 0.333741 0.459685 0.595095 0.72663 0.840841 0.927597 0.982385 1.00715 1.00986 1.00243 0.996718 0.999624 1.0101 1.02064 1.02235 1.0104 0.986678 0.958505 0.934471 0.9202 0.916605 0.921027 0.929599 0.938488 0.943935 0.942298 0.930758 0.908037 0.874509 0.831956 0.782917 0.729346 0.670977 0.605007 0.528449 0.441466 0.348842 0.258594 0.178813 0.114914 0.068471 0.0377736 0.0192707 0.00909564 0.00396534 0.00160116 0.000598257 0 0 0 0 0 0 0 0 0 0 0 0 0 0 0 0 0 0 0 0 0 0 0 0 0 0 0 0 0 0 0 0 0 0 0 0 0 0 0 0 0 0 0 0 0 0
0 0 0 0 0 0 0 0 0 0 0 0 0 0 0 0 0 0 0 0 0 0 0 0 0 0 0 0 0 0 0 0 0 0 0 0 0 0 0 0 0 0 0 0 0 0 0 0.000359068 0.00099172 0.00248433 0.0058151 0.0127357 0.026117 0.0501607 0.0901931 0.151723 0.23873 0.351334 0.48411 0.625845 0.761567 0.876207 0.958491 1.00377 1.01498 1.00196 0.978977 0.960266 0.954848 0.963295 0.978859 0.992467 0.998188 0.996121 0.991332 0.990026 0.99548 1.00623 1.01743 1.02357 1.02038 1.005 0.975741 0.93237 0.876391 0.810986 0.740481 0.669473 0.601358 0.536675 0.472834 0.406291 0.335648 0.263215 0.194071 0.133656 0.0856115 0.0508611 0.0279745 0.014223 0.00668989 0.00290097 0.00116544 0.000432564 0 0 0 0 0 0 0 0 0 0 0 0 0 0 0 0 0 0 0 0 0 0 0 0 0 0 0 0 0 0 0 0 0 0 0 0 0 0 0 0 0 0 0 0 0 0
0 0 0 0 0 0 0 0 0 0 0 0 0 0 0 0 0 0 0 0 0 0 0 0 0 0 0 0 0 0 0 0 0 0 0 0 0 0 0 0 0 0 0 0 0 0 0 0.000332955 0.000922693 0.00232803 0.00549228 0.0121276 0.0250714 0.0485094 0.087795 0.148478 0.234563 0.346158 0.477658 0.61753 0.750379 0.860679 0.936965 0.9748 0.977822 0.956924 0.927473 0.904698 0.89855 0.910403 0.934014 0.960177 0.982111 0.998376 1.01216 1.02789 1.04743 1.06818 1.08416 1.08907 1.07839 1.04961 1.00182 0.93582 0.854575 0.763317 0.668847 0.578046 0.495968 0.424115 0.36032 0.300852 0.243249 0.187772 0.13686 0.093465 0.0594907 0.0351673 0.0192684 0.00975465 0.00457463 0.00197351 0.000790489 0 0 0 0 0 0 0 0 0 0 0 0 0 0 0 0 0 0 0 0 0 0 0 0 0 0 0 0 0 0 0 0 0 0 0 0 0 0 0 0 0 0 0 0 0 0 0
0 0 0 0 0 0 0 0 0 0 0 0 0 0 0 0 0 0 0 0 0 0 0 0 0 0 0 0 0 0 0 0 0 0 0 0 0 0 0 0 0 0 0 0 0 0 0 0.000286469 0.000797898 0.00203042 0.00483382 0.0107718 0.0224625 0.0438033 0.0798021 0.135699 0.215272 0.31863 0.44048 0.569892 0.692213 0.792736 0.860715 0.892285 0.891516 0.869491 0.841412 0.822185 0.821545 0.841002 0.874639 0.913381 0.949916 0.981582 1.00997 1.03817 1.06727 1.09435 1.11325 1.11749 1.1025 1.06591 1.00706 0.92704 0.829541 0.721071 0.610203 0.5056 0.413635 0.336612 0.272821 0.218592 0.170842 0.128393 0.0916682 0.0616355 0.0387747 0.0227214 0.0123663 0.00621673 0.00290523 0.0012444 0.000497506 0 0 0 0 0 0 0 0 0 0 0 0 0 0 0 0 0 0 0 0 0 0 0 0 0 0 0 0 0 0 0 0 0 0 0 0 0 0 0 0 0 0 0 0 0 0 0
0 0 0 0 0 0 0 0 0 0 0 0 0 0 0 0 0 0 0 0 0 0 0 0 0 0 0 0 0 0 0 0 0 0 0 0 0 0 0 0 0 0 0 0 0 0 0 0.000229137 0.000628434 0.00165134 0.00397116 0.008936 0.0188014 0.0369503 0.0677489 0.115802 0.184428 0.273744 0.379126 0.490958 0.596356 0.682428 0.739893 0.76578 0.764346 0.746131 0.72522 0.715183 0.72472 0.755029 0.80045 0.852194 0.90266 0.94809 0.988525 1.0258 1.06064 1.09054 1.11 1.11295 1.09492 1.05355 0.988195 0.900145 0.793488 0.675634 0.556214 0.444884 0.348655 0.270212 0.208091 0.158692 0.118604 0.0857657 0.0593045 0.0388629 0.0239605 0.0138265 0.00743771 0.00371855 0.00171569 0.000726097 0 0 0 0 0 0 0 0 0 0 0 0 0 0 0 0 0 0 0 0 0 0 0 0 0 0 0 0 0 0 0 0 0 0 0 0 0 0 0 0 0 0 0 0 0 0 0 0
0 0 0 0 0 0 0 0 0 0 0 0 0 0 0 0 0 0 0 0 0 0 0 0 0 0 0 0 0 0 0 0 0 0 0 0 0 0 0 0 0 0 0 0 0 0 0 0.000170814 0.000473556 0.00125525 0.00305113 0.00693439 0.0147178 0.0291382 0.053742 0.0922781 0.147465 0.219415 0.304354 0.394457 0.479195 0.548129 0.593935 0.614692 0.614649 0.603387 0.593335 0.596205 0.619301 0.663242 0.722549 0.788684 0.853676 0.91248 0.963393 1.00691 1.04361 1.07211 1.08852 1.08785 1.06599 1.02053 0.950778 0.858133 0.747043 0.625406 0.50339 0.390965 0.295217 0.218822 0.160347 0.116167 0.0825931 0.0570088 0.0377933 0.0238744 0.0142755 0.00803453 0.00423741 0.00208647 0.000946094 0 0 0 0 0 0 0 0 0 0 0 0 0 0 0 0 0 0 0 0 0 0 0 0 0 0 0 0 0 0 0 0 0 0 0 0 0 0 0 0 0 0 0 0 0 0 0 0 0
0 0 0 0 0 0 0 0 0 0 0 0 0 0 0 0 0 0 0 0 0 0 0 0 0 0 0 0 0 0 0 0 0 0 0 0 0 0 0 0 0 0 0 0 0 0 0 0 0.000333972 0.000893836 0.00219644 0.00504026 0.0107849 0.0214924 0.0398432 0.0686756 0.110048 0.164064 0.227846 0.29546 0.35899 0.410625 0.445145 0.461699 0.464482 0.461975 0.464837 0.482907 0.522008 0.582107 0.657692 0.740161 0.820779 0.892842 0.952612 0.999146 1.03313 1.05498 1.06332 1.0551 1.02699 0.976609 0.903142 0.807968 0.695617 0.57403 0.453332 0.343308 0.250817 0.178396 0.124608 0.0857712 0.0579422 0.0380679 0.024075 0.0145586 0.0083609 0.00454258 0.0023251 0.00108179 0.000188192 0 0 0 0 0 0 0 0 0 0 0 0 0 0 0 0 0 0 0 0 0 0 0 0 0 0 0 0 0 0 0 0 0 0 0 0 0 0 0 0 0 0 0 0 0 0 0 0 0
0 0 0 0 0 0 0 0 0 0 0 0 0 0 0 0 0 0 0 0 0 0 0 0 0 0 0 0 0 0 0 0 0 0 0 0 0 0 0 0 0 0 0 0 0 0 0 0 0.000220995 0.000586919 0.00148344 0.00343445 0.0074013 0.0148302 0.0276101 0.0477294 0.076646 0.114423 0.159063 0.206379 0.250872 0.287261 0.312286 0.32613 0.332938 0.340214 0.357067 0.391607 0.448316 0.52644 0.620173 0.720324 0.816802 0.900851 0.966622 1.01196 1.03802 1.04755 1.04241 1.02221 0.984917 0.928317 0.851381 0.75524 0.644084 0.525372 0.408623 0.303047 0.215107 0.147226 0.0980642 0.0640144 0.0409815 0.0255754 0.0154059 0.00889556 0.00488497 0.00254491 0.00125304 0.000308932 0 0 0 0 0 0 0 0 0 0 0 0 0 0 0 0 0 0 0 0 0 0 0 0 0 0 0 0 0 0 0 0 0 0 0 0 0 0 0 0 0 0 0 0 0 0 0 0 0 0
0 0 0 0 0 0 0 0 0 0 0 0 0 0 0 0 0 0 0 0 0 0 0 0 0 0 0 0 0 0 0 0 0 0 0 0 0 0 0 0 0 0 0 0 0 0 0 0 0.000137472 0.000369282 0.000940566 0.00219427 0.00475668 0.00957313 0.0178802 0.0309781 0.0498316 0.074468 0.103622 0.134605 0.163954 0.188523 0.206773 0.219818 0.231839 0.249569 0.28075 0.332053 0.406918 0.503985 0.61672 0.734612 0.845538 0.938447 1.00574 1.04469 1.0576 1.0499 1.02694 0.991345 0.942604 0.8788 0.798557 0.70253 0.594278 0.480413 0.369452 0.269714 0.187115 0.123925 0.0789626 0.0488322 0.0294873 0.0173809 0.00993159 0.00546359 0.00286426 0.00142826 0.000546435 0.000187526 0 0 0 0 0 0 0 0 0 0 0 0 0 0 0 0 0 0 0 0 0 0 0 0 0 0 0 0 0 0 0 0 0 0 0 0 0 0 0 0 0 0 0 0 0 0 0 0 0 0
0 0 0 0 0 0 0 0 0 0 0 0 0 0 0 0 0 0 0 0 0 0 0 0 0 0 0 0 0 0 0 0 0 0 0 0 0 0 0 0 0 0 0 0 0 0 0 0 0 0.000218326 0.000550925 0.00131347 0.00286116 0.00577747 0.010817 0.0187724 0.0302436 0.0452747 0.0631419 0.0823295 0.100968 0.117615 0.132127 0.14644 0.164766 0.193123 0.238203 0.305884 0.399095 0.515722 0.647769 0.782452 0.905026 1.00222 1.06538 1.09233 1.08736 1.05894 1.01576 0.963114 0.901925 0.830415 0.746761 0.651052 0.546219 0.437983 0.33377 0.240832 0.164329 0.106201 0.0653164 0.0385168 0.0219547 0.0121632 0.00654611 0.00341064 0.00169909 0.000746453 0.0003265 0.00010747 0 0 0 0 0 0 0 0 0 0 0 0 0 0 0 0 0 0 0 0 0 0 0 0 0 0 0 0 0 0 0 0 0 0 0 0 0 0 0 0 0 0 0 0 0 0 0 0 0 0
0 0 0 0 0 0 0 0 0 0 0 0 0 0 0 0 0 0 0 0 0 0 0 0 0 0 0 0 0 0 0 0 0 0 0 0 0 0 0 0 0 0 0 0 0 0 0 0 0 0 0.000307752 0.000724772 0.00160928 0.00325807 0.00611278 0.0106271 0.0171821 0.0258136 0.036267 0.0478321 0.0598746 0.0722219 0.085834 0.103223 0.128492 0.167183 0.225711 0.309882 0.422148 0.55901 0.710101 0.859666 0.990078 1.08627 1.13952 1.14938 1.12304 1.07218 1.00834 0.938806 0.865326 0.786024 0.698526 0.602459 0.500325 0.397258 0.299753 0.213974 0.144112 0.0915366 0.0549418 0.0313112 0.0170558 0.00892947 0.00453457 0.00218567 0.00102528 0.00045617 0.000192107 0 0 0 0 0 0 0 0 0 0 0 0 0 0 0 0 0 0 0 0 0 0 0 0 0 0 0 0 0 0 0 0 0 0 0 0 0 0 0 0 0 0 0 0 0 0 0 0 0 0 0
0 0 0 0 0 0 0 0 0 0 0 0 0 0 0 0 0 0 0 0 0 0 0 0 0 0 0 0 0 0 0 0 0 0 0 0 0 0 0 0 0 0 0 0 0 0 0 0 0 0 0.000160867 0.000380333 0.000833235 0.00171741 0.00322981 0.00563732 0.00920708 0.0140028 0.0200777 0.0273748 0.0361168 0.0471033 0.0620478 0.0837722 0.116389 0.165516 0.237822 0.339029 0.470642 0.627196 0.795438 0.956428 1.08994 1.17988 1.21851 1.20805 1.15907 1.08633 1.00344 0.918717 0.834116 0.747392 0.655711 0.558381 0.457794 0.358812 0.267293 0.188395 0.125254 0.0784525 0.046316 0.0258454 0.0136921 0.00688847 0.00334486 0.00156212 0.000700815 0.000297543 9.24732e-05 0 0 0 0 0 0 0 0 0 0 0 0 0 0 0 0 0 0 0 0 0 0 0 0 0 0 0 0 0 0 0 0 0 0 0 0 0 0 0 0 0 0 0 0 0 0 0 0 0 0 0
0 0 0 0 0 0 0 0 0 0 0 0 0 0 0 0 0 0 0 0 0 0 0 0 0 0 0 0 0 0 0 0 0 0 0 0 0 0 0 0 0 0 0 0 0 0 0 0 0 0 0 0.000186545 0.000410393 0.000849217 0.00160724 0.00287044 0.00476895 0.00750539 0.0113678 0.0167632 0.024576 0.036283 0.0541133 0.0811799 0.121858 0.181981 0.268222 0.385782 0.534924 0.707996 0.888925 1.05596 1.18709 1.2662 1.28746 1.25626 1.18639 1.09494 0.996553 0.899673 0.80596 0.712851 0.6173 0.518577 0.419091 0.323578 0.2374 0.164875 0.108101 0.0668535 0.0390088 0.0215224 0.0112597 0.00560951 0.00268334 0.00123154 0.000542113 0.000224265 4.35303e-05 1.79607e-05 0 0 0 0 0 0 0 0 0 0 0 0 0 0 0 0 0 0 0 0 0 0 0 0 0 0 0 0 0 0 0 0 0 0 0 0 0 0 0 0 0 0 0 0 0 0 0 0 0 0
0 0 0 0 0 0 0 0 0 0 0 0 0 0 0 0 0 0 0 0 0 0 0 0 0 0 0 0 0 0 0 0 0 0 0 0 0 0 0 0 0 0 0 0 0 0 0 0 0 0 0 0 0.000190731 0.000393527 0.000756168 0.00144726 0.00254664 0.00435779 0.0073798 0.0123956 0.0207824 0.0345327 0.0563059 0.0895946 0.138883 0.209865 0.308703 0.439725 0.60179 0.785319 0.971944 1.13808 1.26111 1.32605 1.3296 1.28017 1.194 1.08922 0.98032 0.875105 0.774859 0.677085 0.579025 0.480142 0.382819 0.291513 0.210981 0.144708 0.0939229 0.0576924 0.0335877 0.0185918 0.00978592 0.0049553 0.00241203 0.00112925 0.000507756 0.000155516 6.73148e-05 2.73557e-05 0 0 0 0 0 0 0 0 0 0 0 0 0 0 0 0 0 0 0 0 0 0 0 0 0 0 0 0 0 0 0 0 0 0 0 0 0 0 0 0 0 0 0 0 0 0 0 0 0 0
0 0 0 0 0 0 0 0 0 0 0 0 0 0 0 0 0 0 0 0 0 0 0 0 0 0 0 0 0 0 0 0 0 0 0 0 0 0 0 0 0 0 0 0 0 0 0 0 0 0 0 5.09753e-06 1.39043e-05 0.000181136 0.000382737 0.000797534 0.00158615 0.00312817 0.00609557 0.0115865 0.0213649 0.037869 0.0641504 0.103897 0.161427 0.2418 0.35019 0.489707 0.657873 0.843661 1.02749 1.18528 1.29521 1.34435 1.33218 1.26943 1.17339 1.06172 0.947687 0.838075 0.734094 0.633944 0.535682 0.439155 0.346555 0.26165 0.188283 0.128921 0.0840333 0.0522379 0.0310628 0.0177191 0.00970847 0.00514068 0.00262416 0.00128797 0.000605327 0.000244345 0.00010588 4.30396e-05 1.63785e-05 0 0 0 0 0 0 0 0 0 0 0 0 0 0 0 0 0 0 0 0 0 0 0 0 0 0 0 0 0 0 0 0 0 0 0 0 0 0 0 0 0 0 0 0 0 0 0 0 0
0 0 0 0 0 0 0 0 0 0 0 0 0 0 0 0 0 0 0 0 0 0 0 0 0 0 0 0 0 0 0 0 0 0 0 0 0 0 0 0 0 0 0 0 0 0 0 0 0 0 0 3.86825e-06 1.09419e-05 2.91761e-05 0.000228073 0.000566504 0.00130319 0.00288635 0.00618478 0.0125294 0.0240287 0.0434558 0.0741246 0.119688 0.183972 0.271025 0.384622 0.526418 0.692776 0.87198 1.04453 1.18736 1.28076 1.31451 1.29051 1.22069 1.12177 1.00955 0.895294 0.784864 0.679954 0.580103 0.484582 0.393722 0.30927 0.233844 0.169869 0.118566 0.0796435 0.0515592 0.0321971 0.0193679 0.0112362 0.0062694 0.00335508 0.00171521 0.000803402 0.000373368 0.00016317 6.69253e-05 2.57252e-05 0 0 0 0 0 0 0 0 0 0 0 0 0 0 0 0 0 0 0 0 0 0 0 0 0 0 0 0 0 0 0 0 0 0 0 0 0 0 0 0 0 0 0 0 0 0 0 0 0
0 0 0 0 0 0 0 0 0 0 0 0 0 0 0 0 0 0 0 0 0 0 0 0 0 0 0 0 0 0 0 0 0 0 0 0 0 0 0 0 0 0 0 0 0 0 0 0 0 0 0 0 8.95845e-06 2.52375e-05 0.000163014 0.000490691 0.0013119 0.00308103 0.00682254 0.0140993 0.0272464 0.0492712 0.083548 0.133481 0.202154 0.292345 0.406208 0.543901 0.700911 0.865666 1.01998 1.14321 1.21873 1.23924 1.20841 1.138 1.04268 0.935389 0.825095 0.717063 0.614021 0.517289 0.427638 0.345844 0.272913 0.209836 0.157111 0.114461 0.0809778 0.0554154 0.0365438 0.0231278 0.0140256 0.00813061 0.00449376 0.00234232 0.00116113 0.000546808 0.00024219 0.000100788 3.93619e-05 1.44326e-05 0 0 0 0 0 0 0 0 0 0 0 0 0 0 0 0 0 0 0 0 0 0 0 0 0 0 0 0 0 0 0 0 0 0 0 0 0 0 0 0 0 0 0 0 0 0 0 0
0 0 0 0 0 0 0 0 0 0 0 0 0 0 0 0 0 0 0 0 0 0 0 0 0 0 0 0 0 0 0 0 0 0 0 0 0 0 0 0 0 0 0 0 0 0 0 0 0 0 0 0 7.71284e-06 2.26236e-05 0.000180776 0.000494234 0.0013998 0.00336245 0.00750687 0.015573 0.029986 0.0538485 0.0904334 0.142705 0.212875 0.302379 0.41178 0.539873 0.681641 0.826356 0.95812 1.05967 1.11797 1.12854 1.09596 1.03067 0.944317 0.846401 0.743676 0.641092 0.542703 0.451814 0.370759 0.300686 0.241525 0.192133 0.150778 0.11584 0.0863333 0.0619253 0.0425302 0.0278882 0.0174436 0.0103833 0.00586777 0.003149 0.00159391 0.000763068 0.000343962 0.000145898 5.82019e-05 2.18189e-05 0 0 0 0 0 0 0 0 0 0 0 0 0 0 0 0 0 0 0 0 0 0 0 0 0 0 0 0 0 0 0 0 0 0 0 0 0 0 0 0 0 0 0 0 0 0 0 0
0 0 0 0 0 0 0 0 0 0 0 0 0 0 0 0 0 0 0 0 0 0 0 0 0 0 0 0 0 0 0 0 0 0 0 0 0 0 0 0 0 0 0 0 0 0 0 0 0 0 0 0 6.74508e-06 6.63979e-05 0.000197134 0.00054426 0.00150318 0.0035975 0.00798348 0.0164704 0.031516 0.0561409 0.0933603 0.145618 0.214237 0.299455 0.400494 0.515095 0.638122 0.760162 0.86811 0.948441 0.991777 0.996017 0.965981 0.910113 0.836571 0.751455 0.659434 0.565227 0.474126 0.391315 0.320592 0.263307 0.217938 0.181017 0.148941 0.119557 0.0924993 0.0684693 0.0483512 0.0325231 0.0208275 0.0126817 0.00733247 0.00401423 0.00207493 0.00101342 0.000466691 0.000202495 8.26873e-05 3.17092e-05 0 0 0 0 0 0 0 0 0 0 0 0 0 0 0 0 0 0 0 0 0 0 0 0 0 0 0 0 0 0 0 0 0 0 0 0 0 0 0 0 0 0 0 0 0 0 0 0
0 0 0 0 0 0 0 0 0 0 0 0 0 0 0 0 0 0 0 0 0 0 0 0 0 0 0 0 0 0 0 0 0 0 0 0 0 0 0 0 0 0 0 0 0 0 0 0 0 0 0 0 5.80658e-06 6.94929e-05 0.000206593 0.000570234 0.00153713 0.0036606 0.00807782 0.0165266 0.0314376 0.0555501 0.0915645 0.141364 0.205551 0.283461 0.373378 0.47243 0.575684 0.675252 0.760833 0.822459 0.853994 0.855188 0.830658 0.786648 0.728057 0.657897 0.578947 0.49555 0.413858 0.340521 0.280474 0.23496 0.200961 0.173224 0.147383 0.121593 0.0962343 0.0727542 0.0524397 0.0360251 0.0235678 0.0146682 0.00866363 0.00484393 0.00256388 0.00128206 0.000605008 0.000269061 0.000112504 4.41051e-05 1.6164e-05 0 0 0 0 0 0 0 0 0 0 0 0 0 0 0 0 0 0 0 0 0 0 0 0 0 0 0 0 0 0 0 0 0 0 0 0 0 0 0 0 0 0 0 0 0 0 0
0 0 0 0 0 0 0 0 0 0 0 0 0 0 0 0 0 0 0 0 0 0 0 0 0 0 0 0 0 0 0 0 0 0 0 0 0 0 0 0 0 0 0 0 0 0 0 0 0 0 0 0 4.8783e-06 7.05662e-05 0.00020795 0.000569357 0.00148867 0.00354307 0.0077545 0.0157412 0.0296938 0.0520568 0.0851028 0.13024 0.187566 0.255897 0.333087 0.416097 0.500491 0.579843 0.646332 0.692935 0.716064 0.716731 0.699133 0.667574 0.624251 0.56966 0.504921 0.43378 0.362737 0.299273 0.248962 0.212737 0.186549 0.164488 0.14242 0.119172 0.0956086 0.073363 0.0537907 0.0376824 0.0251809 0.0160238 0.00968742 0.0055529 0.00301533 0.00154799 0.000749718 0.000341678 0.000146046 5.83514e-05 2.17259e-05 0 0 0 0 0 0 0 0 0 0 0 0 0 0 0 0 0 0 0 0 0 0 0 0 0 0 0 0 0 0 0 0 0 0 0 0 0 0 0 0 0 0 0 0 0 0 0
0 0 0 0 0 0 0 0 0 0 0 0 0 0 0 0 0 0 0 0 0 0 0 0 0 0 0 0 0 0 0 0 0 0 0 0 0 0 0 0 0 0 0 0 0 0 0 0 0 0 0 0 0 7.03059e-05 0.000203736 0.000549161 0.00138233 0.00329298 0.0071172 0.0142853 0.0266538 0.0463024 0.0750209 0.113844 0.162579 0.219932 0.283777 0.351329 0.418824 0.481161 0.53248 0.567937 0.585675 0.587435 0.576916 0.556938 0.527734 0.487932 0.437264 0.378727 0.318653 0.264731 0.22268 0.193146 0.171742 0.152835 0.133059 0.111859 0.0903522 0.0700674 0.0521513 0.0372235 0.0254229 0.0165747 0.0102849 0.00606274 0.0033858 0.00178625 0.000887217 0.000413358 0.000179992 7.30073e-05 2.75206e-05 0 0 0 0 0 0 0 0 0 0 0 0 0 0 0 0 0 0 0 0 0 0 0 0 0 0 0 0 0 0 0 0 0 0 0 0 0 0 0 0 0 0 0 0 0 0 0
0 0 0 0 0 0 0 0 0 0 0 0 0 0 0 0 0 0 0 0 0 0 0 0 0 0 0 0 0 0 0 0 0 0 0 0 0 0 0 0 0 0 0 0 0 0 0 0 0 0 0 0 0 6.95102e-05 0.000197294 0.000519713 0.00128881 0.00298788 0.00634146 0.0125183 0.0230081 0.0394182 0.063125 0.0947902 0.134134 0.180017 0.230694 0.283924 0.33674 0.385196 0.4249 0.452473 0.467089 0.470772 0.46673 0.456748 0.43978 0.413192 0.375638 0.329273 0.279882 0.234875 0.199797 0.175128 0.156649 0.139429 0.120963 0.101322 0.0817965 0.0637388 0.0479871 0.0348619 0.024361 0.0163103 0.0104214 0.0063276 0.00363553 0.00196796 0.000999359 0.000474169 0.000209507 8.59628e-05 3.26931e-05 0 0 0 0 0 0 0 0 0 0 0 0 0 0 0 0 0 0 0 0 0 0 0 0 0 0 0 0 0 0 0 0 0 0 0 0 0 0 0 0 0 0 0 0 0 0 0
0 0 0 0 0 0 0 0 0 0 0 0 0 0 0 0 0 0 0 0 0 0 0 0 0 0 0 0 0 0 0 0 0 0 0 0 0 0 0 0 0 0 0 0 0 0 0 0 0 0 0 0 0 0 0.000189384 0.000495201 0.00119087 0.00265414 0.00557955 0.0107807 0.0194101 0.0326319 0.0513454 0.0759349 0.106089 0.140925 0.179254 0.219545 0.259689 0.296762 0.327474 0.349426 0.362333 0.368206 0.369777 0.368127 0.361421 0.346244 0.320448 0.285347 0.245971 0.209182 0.180193 0.159415 0.142994 0.126726 0.10889 0.0901278 0.072029 0.0558949 0.0422905 0.0311839 0.0222999 0.0153596 0.0101136 0.00632148 0.00372762 0.00206255 0.00106611 0.000512913 0.000229065 9.47675e-05 3.6271e-05 0 0 0 0 0 0 0 0 0 0 0 0 0 0 0 0 0 0 0 0 0 0 0 0 0 0 0 0 0 0 0 0 0 0 0 0 0 0 0 0 0 0 0 0 0 0 0
0 0 0 0 0 0 0 0 0 0 0 0 0 0 0 0 0 0 0 0 0 0 0 0 0 0 0 0 0 0 0 0 0 0 0 0 0 0 0 0 0 0 0 0 0 0 0 0 0 0 0 0 0 0 0.000177747 0.000451974 0.00108687 0.00237886 0.00485447 0.00922733 0.0162434 0.0266904 0.0410632 0.059433 0.0814515 0.106478 0.133835 0.162743 0.191946 0.219447 0.242864 0.260495 0.272342 0.280249 0.286493 0.291579 0.293178 0.287432 0.271656 0.246454 0.21607 0.186697 0.163152 0.145834 0.131261 0.115826 0.0983809 0.0800449 0.0627494 0.0479558 0.0361133 0.0268753 0.0196248 0.0138905 0.00940663 0.00603144 0.00363339 0.00204487 0.00107088 0.000520369 0.000234138 9.74303e-05 3.74543e-05 0 0 0 0 0 0 0 0 0 0 0 0 0 0 0 0 0 0 0 0 0 0 0 0 0 0 0 0 0 0 0 0 0 0 0 0 0 0 0 0 0 0 0 0 0 0 0
0 0 0 0 0 0 0 0 0 0 0 0 0 0 0 0 0 0 0 0 0 0 0 0 0 0 0 0 0 0 0 0 0 0 0 0 0 0 0 0 0 0 0 0 0 0 0 0 0 0 0 0 0 0 0.000159415 0.000402575 0.000961329 0.00208231 0.00418576 0.0078086 0.0134883 0.0216989 0.0326196 0.0460644 0.0615525 0.0786033 0.096867 0.116184 0.136087 0.155439 0.172671 0.186631 0.197515 0.206932 0.216663 0.226693 0.234363 0.235668 0.227712 0.210607 0.187875 0.165015 0.146369 0.132296 0.119689 0.105423 0.0887304 0.0710116 0.0544271 0.0406342 0.0301486 0.0224561 0.0166544 0.0120583 0.0083565 0.00546633 0.00334587 0.00190613 0.00100737 0.000492856 0.000222905 9.31182e-05 3.59059e-05 0 0 0 0 0 0 0 0 0 0 0 0 0 0 0 0 0 0 0 0 0 0 0 0 0 0 0 0 0 0 0 0 0 0 0 0 0 0 0 0 0 0 0 0 0 0 0
0 0 0 0 0 0 0 0 0 0 0 0 0 0 0 0 0 0 0 0 0 0 0 0 0 0 0 0 0 0 0 0 0 0 0 0 0 0 0 0 0 0 0 0 0 0 0 0 0 0 0 0 0 0 0.000135046 0.000338675 0.000810833 0.00174517 0.00346843 0.00640206 0.0109501 0.0173535 0.0256211 0.0354013 0.046113 0.0572488 0.0686212 0.0804207 0.0928017 0.105393 0.117348 0.128012 0.137708 0.147781 0.159471 0.172272 0.183399 0.189041 0.186427 0.175426 0.158936 0.141668 0.12739 0.116386 0.105927 0.0933544 0.0781791 0.0618335 0.0464886 0.0338712 0.0246049 0.0181888 0.0135936 0.00999834 0.00704506 0.0046741 0.0028925 0.00166149 0.000883468 0.000434191 0.000197052 8.25353e-05 0 0 0 0 0 0 0 0 0 0 0 0 0 0 0 0 0 0 0 0 0 0 0 0 0 0 0 0 0 0 0 0 0 0 0 0 0 0 0 0 0 0 0 0 0 0 0 0
0 0 0 0 0 0 0 0 0 0 0 0 0 0 0 0 0 0 0 0 0 0 0 0 0 0 0 0 0 0 0 0 0 0 0 0 0 0 0 0 0 0 0 0 0 0 0 0 0 0 0 0 0 0 0 0.000266606 0.000641657 0.00137679 0.00273156 0.00500388 0.00850984 0.0134008 0.0195686 0.0266468 0.0340213 0.0411466 0.0478241 0.0543183 0.0611348 0.0684795 0.0761239 0.0838496 0.0920509 0.101764 0.113689 0.126963 0.138947 0.14634 0.146774 0.140046 0.12849 0.11595 0.105503 0.097314 0.0890888 0.0786742 0.0657525 0.0516439 0.038312 0.0273602 0.0194429 0.0141778 0.0105947 0.00785875 0.0055953 0.00374621 0.00233496 0.0013484 0.000719823 0.000354837 0.000161406 6.77265e-05 0 0 0 0 0 0 0 0 0 0 0 0 0 0 0 0 0 0 0 0 0 0 0 0 0 0 0 0 0 0 0 0 0 0 0 0 0 0 0 0 0 0 0 0 0 0 0 0
0 0 0 0 0 0 0 0 0 0 0 0 0 0 0 0 0 0 0 0 0 0 0 0 0 0 0 0 0 0 0 0 0 0 0 0 0 0 0 0 0 0 0 0 0 0 0 0 0 0 0 0 0 0 0 0.000194691 0.000473487 0.00101549 0.00201475 0.00368871 0.00626002 0.00981481 0.0142822 0.0192984 0.0243448 0.0288951 0.0326859 0.0358983 0.0390808 0.0427634 0.0471679 0.0524038 0.0588966 0.0673442 0.077996 0.0898466 0.100669 0.107866 0.109596 0.105691 0.0979324 0.0892724 0.0820471 0.0763036 0.0702262 0.0621769 0.0519442 0.0406482 0.0299064 0.0210476 0.0146689 0.0105201 0.00781434 0.00581001 0.00415924 0.00279988 0.00175281 0.00101564 0.000543578 0.000268478 0.000122308 5.13828e-05 0 0 0 0 0 0 0 0 0 0 0 0 0 0 0 0 0 0 0 0 0 0 0 0 0 0 0 0 0 0 0 0 0 0 0 0 0 0 0 0 0 0 0 0 0 0 0 0
0 0 0 0 0 0 0 0 0 0 0 0 0 0 0 0 0 0 0 0 0 0 0 0 0 0 0 0 0 0 0 0 0 0 0 0 0 0 0 0 0 0 0 0 0 0 0 0 0 0 0 0 0 0 0 0 0.00030253 0.000696603 0.0013822 0.00253772 0.00430231 0.00676257 0.00982666 0.0132453 0.0166354 0.0195345 0.021674 0.0231279 0.0243024 0.025773 0.0279956 0.0312893 0.0360401 0.0426641 0.0511083 0.0604494 0.0690039 0.0749023 0.0768355 0.0746948 0.0697525 0.0641183 0.0594447 0.0556749 0.0514972 0.0457037 0.0381987 0.0298386 0.0218416 0.0152149 0.0104352 0.00735759 0.00541057 0.00401464 0.00287949 0.00194387 0.00122002 0.000708408 0.000379774 0.000187813 8.56466e-05 0 0 0 0 0 0 0 0 0 0 0 0 0 0 0 0 0 0 0 0 0 0 0 0 0 0 0 0 0 0 0 0 0 0 0 0 0 0 0 0 0 0 0 0 0 0 0 0 0
0 0 0 0 0 0 0 0 0 0 0 0 0 0 0 0 0 0 0 0 0 0 0 0 0 0 0 0 0 0 0 0 0 0 0 0 0 0 0 0 0 0 0 0 0 0 0 0 0 0 0 0 0 0 0 0 0 0.000443356 0.000882205 0.00162243 0.00276194 0.0043448 0.00633836 0.00855503 0.0107266 0.0125448 0.0137759 0.0143971 0.0146742 0.0150467 0.015993 0.0178997 0.0210897 0.0257654 0.031758 0.0383486 0.0443867 0.0486351 0.0502434 0.0491398 0.0461796 0.0427463 0.0399417 0.0376661 0.0349842 0.0311169 0.0260225 0.0203122 0.0148207 0.0102488 0.00693532 0.00481228 0.00349545 0.00258062 0.00185009 0.00125031 0.000785878 0.000456891 0.000245187 0.000121357 5.53791e-05 0 0 0 0 0 0 0 0 0 0 0 0 0 0 0 0 0 0 0 0 0 0 0 0 0 0 0 0 0 0 0 0 0 0 0 0 0 0 0 0 0 0 0 0 0 0 0 0 0
0 0 0 0 0 0 0 0 0 0 0 0 0 0 0 0 0 0 0 0 0 0 0 0 0 0 0 0 0 0 0 0 0 0 0 0 0 0 0 0 0 0 0 0 0 0 0 0 0 0 0 0 0 0 0 0 0 0.000261702 0.000522667 0.000965059 0.00164786 0.00260546 0.00380936 0.00515809 0.00648635 0.00759335 0.00829772 0.00857374 0.00854901 0.00852138 0.00884219 0.00985388 0.0118011 0.0147722 0.0185964 0.0227926 0.026639 0.0293907 0.0305207 0.0299906 0.0283221 0.0264009 0.0248442 0.0235651 0.0219693 0.01958 0.016387 0.0127862 0.0093093 0.00640244 0.00428576 0.00292823 0.00209838 0.00153842 0.00110059 0.000743846 0.000467829 0.000272185 0.000146162 7.23833e-05 3.30458e-05 0 0 0 0 0 0 0 0 0 0 0 0 0 0 0 0 0 0 0 0 0 0 0 0 0 0 0 0 0 0 0 0 0 0 0 0 0 0 0 0 0 0 0 0 0 0 0 0 0
0 0 0 0 0 0 0 0 0 0 0 0 0 0 0 0 0 0 0 0 0 0 0 0 0 0 0 0 0 0 0 0 0 0 0 0 0 0 0 0 0 0 0 0 0 0 0 0 0 0 0 0 0 0 0 0 0 0 0.000287469 0.000533282 0.000915093 0.00145281 0.0021362 0.00290571 0.0036612 0.00429072 0.00470645 0.0048421 0.00477675 0.00466996 0.00475121 0.00524479 0.00631729 0.008013 0.010215 0.0126339 0.0148656 0.0164776 0.0171617 0.0169337 0.0160727 0.0150747 0.0142801 0.0136176 0.0127387 0.0113702 0.0095264 0.0074317 0.0054024 0.00369676 0.00245359 0.00165241 0.00116746 0.000848836 0.000605331 0.000408816 0.000257158 0.000149672 8.04045e-05 3.9833e-05 0 0 0 0 0 0 0 0 0 0 0 0 0 0 0 0 0 0 0 0 0 0 0 0 0 0 0 0 0 0 0 0 0 0 0 0 0 0 0 0 0 0 0 0 0 0 0 0 0 0
0 0 0 0 0 0 0 0 0 0 0 0 0 0 0 0 0 0 0 0 0 0 0 0 0 0 0 0 0 0 0 0 0 0 0 0 0 0 0 0 0 0 0 0 0 0 0 0 0 0 0 0 0 0 0 0 0 0 0 0.000273824 0.000472413 0.000754124 0.00111398 0.00152294 0.00192867 0.00226113 0.00249622 0.00257616 0.00253858 0.00246843 0.00248397 0.00270799 0.00323849 0.00410419 0.00524131 0.00651101 0.0076888 0.00854862 0.00892885 0.00883977 0.00842699 0.00795054 0.00757839 0.0072633 0.00680917 0.00609368 0.00510902 0.00398531 0.00288874 0.00197295 0.00129902 0.00086309 0.000601097 0.000432967 0.000307512 0.000207413 0.000130445 7.59335e-05 4.08016e-05 0 0 0 0 0 0 0 0 0 0 0 0 0 0 0 0 0 0 0 0 0 0 0 0 0 0 0 0 0 0 0 0 0 0 0 0 0 0 0 0 0 0 0 0 0 0 0 0 0 0 0
0 0 0 0 0 0 0 0 0 0 0 0 0 0 0 0 0 0 0 0 0 0 0 0 0 0 0 0 0 0 0 0 0 0 0 0 0 0 0 0 0 0 0 0 0 0 0 0 0 0 0 0 0 0 0 0 0 0 0 9.07715e-05 0.000226733 0.000363974 0.0005406 0.000742886 0.00094456 0.00111205 0.0012384 0.00128439 0.00127611 0.00125034 0.00125979 0.00135804 0.0015893 0.00198209 0.00251592 0.00311911 0.00368284 0.00410157 0.00429367 0.00426086 0.0040798 0.00387039 0.00371142 0.00356447 0.00336063 0.00301197 0.00252676 0.0019636 0.00142732 0.000971926 0.000635372 0.000416834 0.000286103 0.000203995 0.000144196 9.70977e-05 6.10387e-05 3.5531e-05 0 0 0 0 0 0 0 0 0 0 0 0 0 0 0 0 0 0 0 0 0 0 0 0 0 0 0 0 0 0 0 0 0 0 0 0 0 0 0 0 0 0 0 0 0 0 0 0 0 0 0 0
0 0 0 0 0 0 0 0 0 0 0 0 0 0 0 0 0 0 0 0 0 0 0 0 0 0 0 0 0 0 0 0 0 0 0 0 0 0 0 0 0 0 0 0 0 0 0 0 0 0 0 0 0 0 0 0 0 0 0 0 7.77484e-05 0.000129871 0.000243803 0.000336686 0.000429999 0.000507885 0.000555007 0.000600174 0.000605409 0.000604495 0.000616543 0.000659069 0.000750247 0.000905914 0.00112728 0.00138581 0.0016335 0.00181346 0.0019045 0.00189621 0.00182264 0.00173846 0.00166556 0.00161799 0.00152953 0.0013727 0.00114274 0.000895584 0.000650371 0.000441688 0.000286902 0.000185995 0.000125813 8.87319e-05 6.23924e-05 4.19276e-05 2.63401e-05 0 0 0 0 0 0 0 0 0 0 0 0 0 0 0 0 0 0 0 0 0 0 0 0 0 0 0 0 0 0 0 0 0 0 0 0 0 0 0 0 0 0 0 0 0 0 0 0 0 0 0 0 0
0 0 0 0 0 0 0 0 0 0 0 0 0 0 0 0 0 0 0 0 0 0 0 0 0 0 0 0 0 0 0 0 0 0 0 0 0 0 0 0 0 0 0 0 0 0 0 0 0 0 0 0 0 0 0 0 0 0 0 0 0 5.65615e-05 8.70741e-05 0.000123545 0.000181626 0.000215272 0.000235848 0.000260696 0.000270634 0.000277554 0.000288665 0.00030764 0.000339471 0.000393198 0.000473416 0.000572551 0.000669171 0.000740646 0.000780049 0.000778476 0.000751131 0.000710003 0.000694251 0.000677281 0.000641852 0.000566264 0.000480592 0.000376561 0.000273224 0.000185123 0.000119557 7.66451e-05 5.10902e-05 3.56291e-05 2.48991e-05 1.66938e-05 0 0 0 0 0 0 0 0 0 0 0 0 0 0 0 0 0 0 0 0 0 0 0 0 0 0 0 0 0 0 0 0 0 0 0 0 0 0 0 0 0 0 0 0 0 0 0 0 0 0 0 0 0 0
0 0 0 0 0 0 0 0 0 0 0 0 0 0 0 0 0 0 0 0 0 0 0 0 0 0 0 0 0 0 0 0 0 0 0 0 0 0 0 0 0 0 0 0 0 0 0 0 0 0 0 0 0 0 0 0 0 0 0 0 0 0 3.49511e-05 4.95912e-05 6.48488e-05 7.81674e-05 8.68794e-05 9.42496e-05 0.00011292 0.000120719 0.000128452 0.000136866 0.000146894 0.000162341 0.000186327 0.000219217 0.00024853 0.000279381 0.000294691 0.000282488 0.000278101 0.000271443 0.000266866 0.000238919 0.000238531 0.000219532 0.000186309 0.000145946 0.000105816 7.15425e-05 4.59615e-05 2.91486e-05 1.91581e-05 1.3201e-05 9.16807e-06 0 0 0 0 0 0 0 0 0 0 0 0 0 0 0 0 0 0 0 0 0 0 0 0 0 0 0 0 0 0 0 0 0 0 0 0 0 0 0 0 0 0 0 0 0 0 0 0 0 0 0 0 0 0 0
0 0 0 0 0 0 0 0 0 0 0 0 0 0 0 0 0 0 0 0 0 0 0 0 0 0 0 0 0 0 0 0 0 0 0 0 0 0 0 0 0 0 0 0 0 0 0 0 0 0 0 0 0 0 0 0 0 0 0 0 0 0 0 0 2.39842e-05 2.89098e-05 3.21205e-05 3.29024e-05 3.10913e-05 4.85313e-05 5.30454e-05 5.73567e-05 6.02516e-05 6.36133e-05 6.95592e-05 7.87534e-05 8.59168e-05 8.7716e-05 9.64825e-05 9.86998e-05 9.75336e-05 6.70499e-05 7.88032e-05 8.5366e-05 8.52342e-05 7.84469e-05 6.65735e-05 5.21399e-05 3.77789e-05 2.54948e-05 1.62975e-05 1.02385e-05 6.6345e-06 0 0 0 0 0 0 0 0 0 0 0 0 0 0 0 0 0 0 0 0 0 0 0 0 0 0 0 0 0 0 0 0 0 0 0 0 0 0 0 0 0 0 0 0 0 0 0 0 0 0 0 0 0 0 0 0 0
0 0 0 0 0 0 0 0 0 0 0 0 0 0 0 0 0 0 0 0 0 0 0 0 0 0 0 0 0 0 0 0 0 0 0 0 0 0 0 0 0 0 0 0 0 0 0 0 0 0 0 0 0 0 0 0 0 0 0 0 0 0 0 0 0 0 1.09432e-05 1.11999e-05 1.05641e-05 1.86911e-05 2.08484e-05 2.22107e-05 2.1595e-05 2.22886e-05 2.23356e-05 1.95616e-05 2.44318e-05 0 0 0 1.73119e-05 2.20785e-05 2.59515e-05 2.81137e-05 2.80728e-05 2.58374e-05 2.1926e-05 1.71687e-05 1.24283e-05 8.37403e-06 0 0 0 0 0 0 0 0 0 0 0 0 0 0 0 0 0 0 0 0 0 0 0 0 0 0 0 0 0 0 0 0 0 0 0 0 0 0 0 0 0 0 0 0 0 0 0 0 0 0 0 0 0 0 0 0 0 0 0 0
0 0 0 0 0 0 0 0 0 0 0 0 0 0 0 0 0 0 0 0 0 0 0 0 0 0 0 0 0 0 0 0 0 0 0 0 0 0 0 0 0 0 0 0 0 0 0 0 0 0 0 0 0 0 0 0 0 0 0 0 0 0 0 0 0 0 0 0 0 2.88577e-06 7.63844e-06 8.1405e-06 8.10391e-06 7.48343e-06 0 0 0 0 0 0 0 0 0 0 0 0 0 0 0 0 0 0 0 0 0 0 0 0 0 0 0 0 0 0 0 0 0 0 0 0 0 0 0 0 0 0 0 0 0 0 0 0 0 0 0 0 0 0 0 0 0 0 0 0 0 0 0 0 0 0 0 0 0 0 0 0 0 0 0 0
0 0 0 0 0 0 0 0 0 0 0 0 0 0 0 0 0 0 0 0 0 0 0 0 0 0 0 0 0 0 0 0 0 0 0 0 0 0 0 0 0 0 0 0 0 0 0 0 0 0 0 0 0 0 0 0 0 0 0 0 0 0 0 0 0 0 0 0 0 0 0 2.76524e-06 2.7863e-06 0 0 0 0 0 0 0 0 0 0 0 0 0 0 0 0 0 0 0 0 0 0 0 0 0 0 0 0 0 0 0 0 0 0 0 0 0 0 0 0 0 0 0 0 0 0 0 0 0 0 0 0 0 0 0 0 0 0 0 0 0 0 0 0 0 0 0 0 0 0 0 0 0 0 0 0 0
0 0 0 0 0 0 0 0 0 0 0 0 0 0 0 0 0 0 0 0 0 0 0 0 0 0 0 0 0 0 0 0 0 0 0 0 0 0 0 0 0 0 0 0 0 0 0 0 0 0 0 0 0 0 0 0 0 0 0 0 0 0 0 0 0 0 0 0 0 0 0 0 0 0 0 0 0 0 0 0 0 0 0 0 0 0 0 0 0 0 0 0 0 0 0 0 0 0 0 0 0 0 0 0 0 0 0 0 0 0 0 0 0 0 0 0 0 0 0 0 0 0 0 0 0 0 0 0 0 0 0 0 0 0 0 0 0 0 0 0 0 0 0 0 0 0 0 0 0 0
0 0 0 0 0 0 0 0 0 0 0 0 0 0 0 0 0 0 0 0 0 0 0 0 0 0 0 0 0 0 0 0 0 0 0 0 0 0 0 0 0 0 0 0 0 0 0 0 0 0 0 0 0 0 0 0 0 0 0 0 0 0 0 0 0 0 0 0 0 0 0 0 0 0 0 0 0 0 0 0 0 0 0 0 0 0 0 0 0 0 0 0 0 0 0 0 0 0 0 0 0 0 0 0 0 0 0 0 0 0 0 0 0 0 0 0 0 0 0 0 0 0 0 0 0 0 0 0 0 0 0 0 0 0 0 0 0 0 0 0 0 0 0 0 0 0 0 0 0 0
0 0 0 0 0 0 0 0 0 0 0 0 0 0 0 0 0 0 0 0 0 0 0 0 0 0 0 0 0 0 0 0 0 0 0 0 0 0 0 0 0 0 0 0 0 0 0 0 0 0 0 0 0 0 0 0 0 0 0 0 0 0 0 0 0 0 0 0 0 0 0 0 0 0 0 0 0 0 0 0 0 0 0 0 0 0 0 0 0 0 0 0 0 0 0 0 0 0 0 0 0 0 0 0 0 0 0 0 0 0 0 0 0 0 0 0 0 0 0 0 0 0 0 0 0 0 0 0 0 0 0 0 0 0 0 0 0 0 0 0 0 0 0 0 0 0 0 0 0 0
0 0 0 0 0 0 0 0 0 0 0 0 0 0 0 0 0 0 0 0 0 0 0 0 0 0 0 0 0 0 0 0 0 0 0 0 0 0 0 0 0 0 0 0 0 0 0 0 0 0 0 0 0 0 0 0 0 0 0 0 0 0 0 0 0 0 0 0 0 0 0 0 0 0 0 0 0 0 0 0 0 0 0 0 0 0 0 0 0 0 0 0 0 0 0 0 0 0 0 0 0 0 0 0 0 0 0 0 0 0 0 0 0 0 0 0 0 0 0 0 0 0 0 0 0 0 0 0 0 0 0 0 0 0 0 0 0 0 0 0 0 0 0 0 0 0 0 0 0 0
0 0 0 0 0 0 0 0 0 0 0 0 0 0 0 0 0 0 0 0 0 0 0 0 0 0 0 0 0 0 0 0 0 0 0 0 0 0 0 0 0 0 0 0 0 0 0 0 0 0 0 0 0 0 0 0 0 0 0 0 0 0 0 0 0 0 0 0 0 0 0 0 0 0 0 0 0 0 0 0 0 0 0 0 0 0 0 0 0 0 0 0 0 0 0 0 0 0 0 0 0 0 0 0 0 0 0 0 0 0 0 0 0 0 0 0 0 0 0 0 0 0 0 0 0 0 0 0 0 0 0 0 0 0 0 0 0 0 0 0 0 0 0 0 0 0 0 0 0 0
0 0 0 0 0 0 0 0 0 0 0 0 0 0 0 0 0 0 0 0 0 0 0 0 0 0 0 0 0 0 0 0 0 0 0 0 0 0 0 0 0 0 0 0 0 0 0 0 0 0 0 0 0 0 0 0 0 0 0 0 0 0 0 0 0 0 0 0 0 0 0 0 0 0 0 0 0 0 0 0 0 0 0 0 0 0 0 0 0 0 0 0 0 0 0 0 0 0 0 0 0 0 0 0 0 0 0 0 0 0 0 0 0 0 0 0 0 0 0 0 0 0 0 0 0 0 0 0 0 0 0 0 0 0 0 0 0 0 0 0 0 0 0 0 0 0 0 0 0 0
0 0 0 0 0 0 0 0 0 0 0 0 0 0 0 0 0 0 0 0 0 0 0 0 0 0 0 0 0 0 0 0 0 0 0 0 0 0 0 0 0 0 0 0 0 0 0 0 0 0 0 0 0 0 0 0 0 0 0 0 0 0 0 0 0 0 0 0 0 0 0 0 0 0 0 0 0 0 0 0 0 0 0 0 0 0 0 0 0 0 0 0 0 0 0 0 0 0 0 0 0 0 0 0 0 0 0 0 0 0 0 0 0 0 0 0 0 0 0 0 0 0 0 0 0 0 0 0 0 0 0 0 0 0 0 0 0 0 0 0 0 0 0 0 0 0 0 0 0 0
0 0 0 0 0 0 0 0 0 0 0 0 0 0 0 0 0 0 0 0 0 0 0 0 0 0 0 0 0 0 0 0 0 0 0 0 0 0 0 0 0 0 0 0 0 0 0 0 0 0 0 0 0 0 0 0 0 0 0 0 0 0 0 0 0 0 0 0 0 0 0 0 0 0 0 0 0 0 0 0 0 0 0 0 0 0 0 0 0 0 0 0 0 0 0 0 0 0 0 0 0 0 0 0 0 0 0 0 0 0 0 0 0 0 0 0 0 0 0 0 0 0 0 0 0 0 0 0 0 0 0 0 0 0 0 0 0 0 0 0 0 0 0 0 0 0 0 0 0 0
0 0 0 0 0 0 0 0 0 0 0 0 0 0 0 0 0 0 0 0 0 0 0 0 0 0 0 0 0 0 0 0 0 0 0 0 0 0 0 0 0 0 0 0 0 0 0 0 0 0 0 0 0 0 0 0 0 0 0 0 0 0 0 0 0 0 0 0 0 0 0 0 0 0 0 0 0 0 0 0 0 0 0 0 0 0 0 0 0 0 0 0 0 0 0 0 0 0 0 0 0 0 0 0 0 0 0 0 0 0 0 0 0 0 0 0 0 0 0 0 0 0 0 0 0 0 0 0 0 0 0 0 0 0 0 0 0 0 0 0 0 0 0 0 0 0 0 0 0 0
0 0 0 0 0 0 0 0 0 0 0 0 0 0 0 0 0 0 0 0 0 0 0 0 0 0 0 0 0 0 0 0 0 0 0 0 0 0 0 0 0 0 0 0 0 0 0 0 0 0 0 0 0 0 0 0 0 0 0 0 0 0 0 0 0 0 0 0 0 0 0 0 0 0 0 0 0 0 0 0 0 0 0 0 0 0 0 0 0 0 0 0 0 0 0 0 0 0 0 0 0 0 0 0 0 0 0 0 0 0 0 0 0 0 0 0 0 0 0 0 0 0 0 0 0 0 0 0 0 0 0 0 0 0 0 0 0 0 0 0 0 0 0 0 0 0 0 0 0 0
0 0 0 0 0 0 0 0 0 0 0 0 0 0 0 0 0 0 0 0 0 0 0 0 0 0 0 0 0 0 0 0 0 0 0 0 0 0 0 0 0 0 0 0 0 0 0 0 0 0 0 0 0 0 0 0 0 0 0 0 0 0 0 0 0 0 0 0 0 0 0 0 0 0 0 0 0 0 0 0 0 0 0 0 0 0 0 0 0 0 0 0 0 0 0 0 0 0 0 0 0 0 0 0 0 0 0 0 0 0 0 0 0 0 0 0 0 0 0 0 0 0 0 0 0 0 0 0 0 0 0 0 0 0 0 0 0 0 0 0 0 0 0 0 0 0 0 0 0 0
0 0 0 0 0 0 0 0 0 0 0 0 0 0 0 0 0 0 0 0 0 0 0 0 0 0 0 0 0 0 0 0 0 0 0 0 0 0 0 0 0 0 0 0 0 0 0 0 0 0 0 0 0 0 0 0 0 0 0 0 0 0 0 0 0 0 0 0 0 0 0 0 0 0 0 0 0 0 0 0 0 0 0 0 0 0 0 0 0 0 0 0 0 0 0 0 0 0 0 0 0 0 0 0 0 0 0 0 0 0 0 0 0 0 0 0 0 0 0 0 0 0 0 0 0 0 0 0 0 0 0 0 0 0 0 0 0 0 0 0 0 0 0 0 0 0 0 0 0 0
0 0 0 0 0 0 0 0 0 0 0 0 0 0 0 0 0 0 0 0 0 0 0 0 0 0 0 0 0 0 0 0 0 0 0 0 0 0 0 0 0 0 0 0 0 0 0 0 0 0 0 0 0 0 0 0 0 0 0 0 0 0 0 0 0 0 0 0 0 0 0 0 0 0 0 0 0 0 0 0 0 0 0 0 0 0 0 0 0 0 0 0 0 0 0 0 0 0 0 0 0 0 0 0 0 0 0 0 0 0 0 0 0 0 0 0 0 0 0 0 0 0 0 0 0 0 0 0 0 0 0 0 0 0 0 0 0 0 0 0 0 0 0 0 0 0 0 0 0 0
0 0 0 0 0 0 0 0 0 0 0 0 0 0 0 0 0 0 0 0 0 0 0 0 0 0 0 0 0 0 0 0 0 0 0 0 0 0 0 0 0 0 0 0 0 0 0 0 0 0 0 0 0 0 0 0 0 0 0 0 0 0 0 0 0 0 0 0 0 0 0 0 0 0 0 0 0 0 0 0 0 0 0 0 0 0 0 0 0 0 0 0 0 0 0 0 0 0 0 0 0 0 0 0 0 0 0 0 0 0 0 0 0 0 0 0 0 0 0 0 0 0 0 0 0 0 0 0 0 0 0 0 0 0 0 0 0 0 0 0 0 0 0 0 0 0 0 0 0 0
0 0 0 0 0 0 0 0 0 0 0 0 0 0 0 0 0 0 0 0 0 0 0 0 0 0 0 0 0 0 0 0 0 0 0 0 0 0 0 0 0 0 0 0 0 0 0 0 0 0 0 0 0 0 0 0 0 0 0 0 0 0 0 0 0 0 0 0 0 0 0 0 0 0 0 0 0 0 0 0 0 0 0 0 0 0 0 0 0 0 0 0 0 0 0 0 0 0 0 0 0 0 0 0 0 0 0 0 0 0 0 0 0 0 0 0 0 0 0 0 0 0 0 0 0 0 0 0 0 0 0 0 0 0 0 0 0 0 0 0 0 0 0 0 0 0 0 0 0 0
0 0 0 0 0 0 0 0 0 0 0 0 0 0 0 0 0 0 0 0 0 0 0 0 0 0 0 0 0 0 0 0 0 0 0 0 0 0 0 0 0 0 0 0 0 0 0 0 0 0 0 0 0 0 0 0 0 0 0 0 0 0 0 0 0 0 0 0 0 0 0 0 0 0 0 0 0 0 0 0 0 0 0 0 0 0 0 0 0 0 0 0 0 0 0 0 0 0 0 0 0 0 0 0 0 0 0 0 0 0 0 0 0 0 0 0 0 0 0 0 0 0 0 0 0 0 0 0 0 0 0 0 0 0 0 0 0 0 0 0 0 0 0 0 0 0 0 0 0 0
0 0 0 0 0 0 0 0 0 0 0 0 0 0 0 0 0 0 0 0 0 0 0 0 0 0 0 0 0 0 0 0 0 0 0 0 0 0 0 0 0 0 0 0 0 0 0 0 0 0 0 0 0 0 0 0 0 0 0 0 0 0 0 0 0 0 0 0 0 0 0 0 0 0 0 0 0 0 0 0 0 0 0 0 0 0 0 0 0 0 0 0 0 0 0 0 0 0 0 0 0 0 0 0 0 0 0 0 0 0 0 0 0 0 0 0 0 0 0 0 0 0 0 0 0 0 0 0 0 0 0 0 0 0 0 0 0 0 0 0 0 0 0 0 0 0 0 0 0 0
0 0 0 0 0 0 0 0 0 0 0 0 0 0 0 0 0 0 0 0 0 0 0 0 0 0 0 0 0 0 0 0 0 0 0 0 0 0 0 0 0 0 0 0 0 0 0 0 0 0 0 0 0 0 0 0 0 0 0 0 0 0 0 0 0 0 0 0 0 0 0 0 0 0 0 0 0 0 0 0 0 0 0 0 0 0 0 0 0 0 0 0 0 0 0 0 0 0 0 0 0 0 0 0 0 0 0 0 0 0 0 0 0 0 0 0 0 0 0 0 0 0 0 0 0 0 0 0 0 0 0 0 0 0 0 0 0 0 0 0 0 0 0 0 0 0 0 0 0 0
0 0 0 0 0 0 0 0 0 0 0 0 0 0 0 0 0 0 0 0 0 0 0 0 0 0 0 0 0 0 0 0 0 0 0 0 0 0 0 0 0 0 0 0 0 0 0 0 0 0 0 0 0 0 0 0 0 0 0 0 0 0 0 0 0 0 0 0 0 0 0 0 0 0 0 0 0 0 0 0 0 0 0 0 0 0 0 0 0 0 0 0 0 0 0 0 0 0 0 0 0 0 0 0 0 0 0 0 0 0 0 0 0 0 0 0 0 0 0 0 0 0 0 0 0 0 0 0 0 0 0 0 0 0 0 0 0 0 0 0 0 0 0 0 0 0 0 0 0 0
0 0 0 0 0 0 0 0 0 0 0 0 0 0 0 0 0 0 0 0 0 0 0 0 0 0 0 0 0 0 0 0 0 0 0 0 0 0 0 0 0 0 0 0 0 0 0 0 0 0 0 0 0 0 0 0 0 0 0 0 0 0 0 0 0 0 0 0 0 0 0 0 0 0 0 0 0 0 0 0 0 0 0 0 0 0 0 0 0 0 0 0 0 0 0 0 0 0 0 0 0 0 0 0 0 0 0 0 0 0 0 0 0 0 0 0 0 0 0 0 0 0 0 0 0 0 0 0 0 0 0 0 0 0 0 0 0 0 0 0 0 0 0 0 0 0 0 0 0 0
0 0 0 0 0 0 0 0 0 0 0 0 0 0 0 0 0 0 0 0 0 0 0 0 0 0 0 0 0 0 0 0 0 0 0 0 0 0 0 0 0 0 0 0 0 0 0 0 0 0 0 0 0 0 0 0 0 0 0 0 0 0 0 0 0 0 0 0 0 0 0 0 0 0 0 0 0 0 0 0 0 0 0 0 0 0 0 0 0 0 0 0 0 0 0 0 0 0 0 0 0 0 0 0 0 0 0 0 0 0 0 0 0 0 0 0 0 0 0 0 0 0 0 0 0 0 0 0 0 0 0 0 0 0 0 0 0 0 0 0 0 0 0 0 0 0 0 0 0 0
0 0 0 0 0 0 0 0 0 0 0 0 0 0 0 0 0 0 0 0 0 0 0 0 0 0 0 0 0 0 0 0 0 0 0 0 0 0 0 0 0 0 0 0 0 0 0 0 0 0 0 0 0 0 0 0 0 0 0 0 0 0 0 0 0 0 0 0 0 0 0 0 0 0 0 0 0 0 0 0 0 0 0 0 0 0 0 0 0 0 0 0 0 0 0 0 0 0 0 0 0 0 0 0 0 0 0 0 0 0 0 0 0 0 0 0 0 0 0 0 0 0 0 0 0 0 0 0 0 0 0 0 0 0 0 0 0 0 0 0 0 0 0 0 0 0 0 0 0 0
0 0 0 0 0 0 0 0 0 0 0 0 0 0 0 0 0 0 0 0 0 0 0 0 0 0 0 0 0 0 0 0 0 0 0 0 0 0 0 0 0 0 0 0 0 0 0 0 0 0 0 0 0 0 0 0 0 0 0 0 0 0 0 0 0 0 0 0 0 0 0 0 0 0 0 0 0 0 0 0 0 0 0 0 0 0 0 0 0 0 0 0 0 0 0 0 0 0 0 0 0 0 0 0 0 0 0 0 0 0 0 0 0 0 0 0 0 0 0 0 0 0 0 0 0 0 0 0 0 0 0 0 0 0 0 0 0 0 0 0 0 0 0 0 0 0 0 0 0 0
0 0 0 0 0 0 0 0 0 0 0 0 0 0 0 0 0 0 0 0 0 0 0 0 0 0 0 0 0 0 0 0 0 0 0 0 0 0 0 0 0 0 0 0 0 0 0 0 0 0 0 0 0 0 0 0 0 0 0 0 0 0 0 0 0 0 0 0 0 0 0 0 0 0 0 0 0 0 0 0 0 0 0 0 0 0 0 0 0 0 0 0 0 0 0 0 0 0 0 0 0 0 0 0 0 0 0 0 0 0 0 0 0 0 0 0 0 0 0 0 0 0 0 0 0 0 0 0 0 0 0 0 0 0 0 0 0 0 0 0 0 0 0 0 0 0 0 0 0 0
0 0 0 0 0 0 0 0 0 0 0 0 0 0 0 0 0 0 0 0 0 0 0 0 0 0 0 0 0 0 0 0 0 0 0 0 0 0 0 0 0 0 0 0 0 0 0 0 0 0 0 0 0 0 0 0 0 0 0 0 0 0 0 0 0 0 0 0 0 0 0 0 0 0 0 0 0 0 0 0 0 0 0 0 0 0 0 0 0 0 0 0 0 0 0 0 0 0 0 0 0 0 0 0 0 0 0 0 0 0 0 0 0 0 0 0 0 0 0 0 0 0 0 0 0 0 0 0 0 0 0 0 0 0 0 0 0 0 0 0 0 0 0 0 0 0 0 0 0 0
0 0 0 0 0 0 0 0 0 0 0 0 0 0 0 0 0 0 0 0 0 0 0 0 0 0 0 0 0 0 0 0 0 0 0 0 0 0 0 0 0 0 0 0 0 0 0 0 0 0 0 0 0 0 0 0 0 0 0 0 0 0 0 0 0 0 0 0 0 0 0 0 0 0 0 0 0 0 0 0 0 0 0 0 0 0 0 0 0 0 0 0 0 0 0 0 0 0 0 0 0 0 0 0 0 0 0 0 0 0 0 0 0 0 0 0 0 0 0 0 0 0 0 0 0 0 0 0 0 0 0 0 0 0 0 0 0 0 0 0 0 0 0 0 0 0 0 0 0 0
0 0 0 0 0 0 0 0 0 0 0 0 0 0 0 0 0 0 0 0 0 0 0 0 0 0 0 0 0 0 0 0 0 0 0 0 0 0 0 0 0 0 0 0 0 0 0 0 0 0 0 0 0 0 0 0 0 0 0 0 0 0 0 0 0 0 0 0 0 0 0 0 0 0 0 0 0 0 0 0 0 0 0 0 0 0 0 0 0 0 0 0 0 0 0 0 0 0 0 0 0 0 0 0 0 0 0 0 0 0 0 0 0 0 0 0 0 0 0 0 0 0 0 0 0 0 0 0 0 0 0 0 0 0 0 0 0 0 0 0 0 0 0 0 0 0 0 0 0 0
0 0 0 0 0 0 0 0 0 0 0 0 0 0 0 0 0 0 0 0 0 0 0 0 0 0 0 0 0 0 0 0 0 0 0 0 0 0 0 0 0 0 0 0 0 0 0 0 0 0 0 0 0 0 0 0 0 0 0 0 0 0 0 0 0 0 0 0 0 0 0 0 0 0 0 0 0 0 0 0 0 0 0 0 0 0 0 0 0 0 0 0 0 0 0 0 0 0 0 0 0 0 0 0 0 0 0 0 0 0 0 0 0 0 0 0 0 0 0 0 0 0 0 0 0 0 0 0 0 0 0 0 0 0 0 0 0 0 0 0 0 0 0 0 0 0 0 0 0 0
0 0 0 0 0 0 0 0 0 0 0 0 0 0 0 0 0 0 0 0 0 0 0 0 0 0 0 0 0 0 0 0 0 0 0 0 0 0 0 0 0 0 0 0 0 0 0 0 0 0 0 0 0 0 0 0 0 0 0 0 0 0 0 0 0 0 0 0 0 0 0 0 0 0 0 0 0 0 0 0 0 0 0 0 0 0 0 0 0 0 0 0 0 0 0 0 0 0 0 0 0 0 0 0 0 0 0 0 0 0 0 0 0 0 0 0 0 0 0 0 0 0 0 0 0 0 0 0 0 0 0 0 0 0 0 0 0 0 0 0 0 0 0 0 0 0 0 0 0 0
0 0 0 0 0 0 0 0 0 0 0 0 0 0 0 0 0 0 0 0 0 0 0 0 0 0 0 0 0 0 0 0 0 0 0 0 0 0 0 0 0 0 0 0 0 0 0 0 0 0 0 0 0 0 0 0 0 0 0 0 0 0 0 0 0 0 0 0 0 0 0 0 0 0 0 0 0 0 0 0 0 0 0 0 0 0 0 0 0 0 0 0 0 0 0 0 0 0 0 0 0 0 0 0 0 0 0 0 0 0 0 0 0 0 0 0 0 0 0 0 0 0 0 0 0 0 0 0 0 0 0 0 0 0 0 0 0 0 0 0 0 0 0 0 0 0 0 0 0 0
0 0 0 0 0 0 0 0 0 0 0 0 0 0 0 0 0 0 0 0 0 0 0 0 0 0 0 0 0 0 0 0 0 0 0 0 0 0 0 0 0 0 0 0 0 0 0 0 0 0 0 0 0 0 0 0 0 0 0 0 0 0 0 0 0 0 0 0 0 0 0 0 0 0 0 0 0 0 0 0 0 0 0 0 0 0 0 0 0 0 0 0 0 0 0 0 0 0 0 0 0 0 0 0 0 0 0 0 0 0 0 0 0 0 0 0 0 0 0 0 0 0 0 0 0 0 0 0 0 0 0 0 0 0 0 0 0 0 0 0 0 0 0 0 0 0 0 0 0 0
