0 0 0 0 0 0 0 0 0 0 0 0 0 0 0 0 0 0 0 0 0 0 0 0 0 0 0 0 0 0 0 0 0 0 0 0 0 0 0 0 0 0 0 0 0 0 0 0 0 0 0 0 0 0 0 0 0 0 0 0 0 0 0 0 0 0 0 0 0 0 0 0 0 0 0 0 0 0 0 0 0 0 0 0 0 0 0 0 0 0 0 0 0 0 0 0 0 0 0 0 0 0 0 0 0 0 0 0 0 0 0 0 0 0 0 0 0 0 0 0 0 0 0 0 0 0 0 0 0 0 0 0 0 0 0 0 0 0 0 0 0 0 0 0 0 0 0 0 0 0
0 0 0 0 0 0 0 0 0 0 0 0 0 0 0 0 0 0 0 0 0 0 0 0 0 0 0 0 0 0 0 0 0 0 0 0 0 0 0 0 0 0 0 0 0 0 0 0 0 0 0 0 0 0 0 0 0 0 0 0 0 0 0 0 0 0 0 0 0 0 0 0 0 0 0 0 0 0 0 0 0 0 0 0 0 0 0 0 0 0 0 0 0 0 0 0 0 0 0 0 0 0 0 0 0 0 0 0 0 0 0 0 0 0 0 0 0 0 0 0 0 0 0 0 0 0 0 0 0 0 0 0 0 0 0 0 0 0 0 0 0 0 0 0 0 0 0 0 0 0
0 0 0 0 0 0 0 0 0 0 0 0 0 0 0 0 0 0 0 0 0 0 0 0 0 0 0 0 0 0 0 0 0 0 0 0 0 0 0 0 0 0 0 0 0 0 0 0 0 0 0 0 0 0 0 0 0 0 0 0 0 0 0 0 0 0 0 0 0 0 0 0 0 0 0 0 0 0 0 0 0 0 0 0 0 0 0 0 0 0 0 0 0 0 0 0 0 0 0 0 0 0 0 0 0 0 0 0 0 0 0 0 0 0 0 0 0 0 0 0 0 0 0 0 0 0 0 0 0 0 0 0 0 0 0 0 0 0 0 0 0 0 0 0 0 0 0 0 0 0
0 0 0 0 0 0 0 0 0 0 0 0 0 0 0 0 0 0 0 0 0 0 0 0 0 0 0 0 0 0 0 0 0 0 0 0 0 0 0 0 0 0 0 0 0 0 0 0 0 0 0 0 0 0 0 0 0 0 0 0 0 0 0 0 0 0 0 0 0 0 0 0 0 0 0 0 0 0 0 0 0 0 0 0 0 0 0 0 0 0 0 0 0 0 0 0 0 0 0 0 0 0 0 0 0 0 0 0 0 0 0 0 0 0 0 0 0 0 0 0 0 0 0 0 0 0 0 0 0 0 0 0 0 0 0 0 0 0 0 0 0 0 0 0 0 0 0 0 0 0
0 0 0 0 0 0 0 0 0 0 0 0 0 0 0 0 0 0 0 0 0 0 0 0 0 0 0 0 0 0 0 0 0 0 0 0 0 0 0 0 0 0 0 0 0 0 0 0 0 0 0 0 0 0 0 0 0 0 0 0 0 0 0 0 0 0 0 0 0 0 0 0 0 0 0 0 0 0 0 0 0 0 0 0 0 0 0 0 0 0 0 0 0 0 0 0 0 0 0 0 0 0 0 0 0 0 0 0 0 0 0 0 0 0 0 0 0 0 0 0 0 0 0 0 0 0 0 0 0 0 0 0 0 0 0 0 0 0 0 0 0 0 0 0 0 0 0 0 0 0
0 0 0 0 0 0 0 0 0 0 0 0 0 0 0 0 0 0 0 0 0 0 0 0 0 0 0 0 0 0 0 0 0 0 0 0 0 0 0 0 0 0 0 0 0 0 0 0 0 0 0 0 0 0 0 0 0 0 0 0 0 0 0 0 0 0 0 0 0 0 0 0 0 0 0 0 0 0 0 0 0 0 0 0 0 0 0 0 0 0 0 0 0 0 0 0 0 0 0 0 0 0 0 0 0 0 0 0 0 0 0 0 0 0 0 0 0 0 0 0 0 0 0 0 0 0 0 0 0 0 0 0 0 0 0 0 0 0 0 0 0 0 0 0 0 0 0 0 0 0
0 0 0 0 0 0 0 0 0 0 0 0 0 0 0 0 0 0 0 0 0 0 0 0 0 0 0 0 0 0 0 0 0 0 0 0 0 0 0 0 0 0 0 0 0 0 0 0 0 0 0 0 0 0 0 0 0 0 0 0 0 0 0 0 0 0 0 0 0 0 0 0 0 0 0 0 0 0 0 0 0 0 0 0 0 0 0 0 0 0 0 0 0 0 0 0 0 0 0 0 0 0 0 0 0 0 0 0 0 0 0 0 0 0 0 0 0 0 0 0 0 0 0 0 0 0 0 0 0 0 0 0 0 0 0 0 0 0 0 0 0 0 0 0 0 0 0 0 0 0
0 0 0 0 0 0 0 0 0 0 0 0 0 0 0 0 0 0 0 0 0 0 0 0 0 0 0 0 0 0 0 0 0 0 0 0 0 0 0 0 0 0 0 0 0 0 0 0 0 0 0 0 0 0 0 0 0 0 0 0 0 0 0 0 0 0 0 0 0 0 0 0 0 0 0 0 0 0 0 0 0 0 0 0 0 0 0 0 0 0 0 0 0 0 0 0 0 0 0 0 0 0 0 0 0 0 0 0 0 0 0 0 0 0 0 0 0 0 0 0 0 0 0 0 0 0 0 0 0 0 0 0 0 0 0 0 0 0 0 0 0 0 0 0 0 0 0 0 0 0
0 0 0 0 0 0 0 0 0 0 0 0 0 0 0 0 0 0 0 0 0 0 0 0 0 0 0 0 0 0 0 0 0 0 0 0 0 0 0 0 0 0 0 0 0 0 0 0 0 0 0 0 0 0 0 0 0 0 0 0 0 0 0 0 0 0 0 0 0 0 0 0 0 0 0 0 0 0 0 0 0 0 0 0 0 0 0 0 0 0 0 0 0 0 0 0 0 0 0 0 0 0 0 0 0 0 0 0 0 0 0 0 0 0 0 0 0 0 0 0 0 0 0 0 0 0 0 0 0 0 0 0 0 0 0 0 0 0 0 0 0 0 0 0 0 0 0 0 0 0
0 0 0 0 0 0 0 0 0 0 0 0 0 0 0 0 0 0 0 0 0 0 0 0 0 0 0 0 0 0 0 0 0 0 0 0 0 0 0 0 0 0 0 0 0 0 0 0 0 0 0 0 0 0 0 0 0 0 0 0 0 0 0 0 0 0 0 0 0 0 0 0 0 0 0 0 0 0 0 0 0 0 0 0 0 0 0 0 0 0 0 0 0 0 0 0 0 0 0 0 0 0 0 0 0 0 0 0 0 0 0 0 0 0 0 0 0 0 0 0 0 0 0 0 0 0 0 0 0 0 0 0 0 0 0 0 0 0 0 0 0 0 0 0 0 0 0 0 0 0
0 0 0 0 0 0 0 0 0 0 0 0 0 0 0 0 0 0 0 0 0 0 0 0 0 0 0 0 0 0 0 0 0 0 0 0 0 0 0 0 0 0 0 0 0 0 0 0 0 0 0 0 0 0 0 0 0 0 0 0 0 0 0 0 0 0 0 0 0 0 0 0 0 0 0 0 0 0 0 0 0 0 0 0 0 0 0 0 0 0 0 0 0 0 0 0 0 0 0 0 0 0 0 0 0 0 0 0 0 0 0 0 0 0 0 0 0 0 0 0 0 0 0 0 0 0 0 0 0 0 0 0 0 0 0 0 0 0 0 0 0 0 0 0 0 0 0 0 0 0
0 0 0 0 0 0 0 0 0 0 0 0 0 0 0 0 0 0 0 0 0 0 0 0 0 0 0 0 0 0 0 0 0 0 0 0 0 0 0 0 0 0 0 0 0 0 0 0 0 0 0 0 0 0 0 0 0 0 0 0 0 0 0 0 0 0 0 0 0 0 0 0 0 0 0 0 0 0 0 0 0 0 0 0 0 0 0 0 0 0 0 0 0 0 0 0 0 0 0 0 0 0 0 0 0 0 0 0 0 0 0 0 0 0 0 0 0 0 0 0 0 0 0 0 0 0 0 0 0 0 0 0 0 0 0 0 0 0 0 0 0 0 0 0 0 0 0 0 0 0
0 0 0 0 0 0 0 0 0 0 0 0 0 0 0 0 0 0 0 0 0 0 0 0 0 0 0 0 0 0 0 0 0 0 0 0 0 0 0 0 0 0 0 0 0 0 0 0 0 0 0 0 0 0 0 0 0 0 0 0 0 0 0 0 0 0 0 0 0 0 0 0 0 0 0 0 0 0 0 0 0 0 0 0 0 0 0 0 0 0 0 0 0 0 0 0 0 0 0 0 0 0 0 0 0 0 0 0 0 0 0 0 0 0 0 0 0 0 0 0 0 0 0 0 0 0 0 0 0 0 0 0 0 0 0 0 0 0 0 0 0 0 0 0 0 0 0 0 0 0
0 0 0 0 0 0 0 0 0 0 0 0 0 0 0 0 0 0 0 0 0 0 0 0 0 0 0 0 0 0 0 0 0 0 0 0 0 0 0 0 0 0 0 0 0 0 0 0 0 0 0 0 0 0 0 0 0 0 0 0 0 0 0 0 0 0 0 0 0 0 0 0 0 0 0 0 0 0 0 0 0 0 0 0 0 0 0 0 0 0 0 0 0 0 0 0 0 0 0 0 0 0 0 0 0 0 0 0 0 0 0 0 0 0 0 0 0 0 0 0 0 0 0 0 0 0 0 0 0 0 0 0 0 0 0 0 0 0 0 0 0 0 0 0 0 0 0 0 0 0
0 0 0 0 0 0 0 0 0 0 0 0 0 0 0 0 0 0 0 0 0 0 0 0 0 0 0 0 0 0 0 0 0 0 0 0 0 0 0 0 0 0 0 0 0 0 0 0 0 0 0 0 0 0 0 0 0 0 0 0 0 0 0 0 0 0 0 0 0 0 0 0 0 0 0 0 0 0 0 0 0 0 0 0 0 0 0 0 0 0 0 0 0 0 0 0 0 0 0 0 0 0 0 0 0 0 0 0 0 0 0 0 0 0 0 0 0 0 0 0 0 0 0 0 0 0 0 0 0 0 0 0 0 0 0 0 0 0 0 0 0 0 0 0 0 0 0 0 0 0
0 0 0 0 0 0 0 0 0 0 0 0 0 0 0 0 0 0 0 0 0 0 0 0 0 0 0 0 0 0 0 0 0 0 0 0 0 0 0 0 0 0 0 0 0 0 0 0 0 0 0 0 0 0 0 0 0 0 0 0 0 0 0 0 0 0 0 0 0 0 0 0 0 0 0 0 0 0 0 0 0 0 0 0 0 0 0 0 0 0 0 0 0 0 0 0 0 0 0 0 0 0 0 0 0 0 0 0 0 0 0 0 0 0 0 0 0 0 0 0 0 0 0 0 0 0 0 0 0 0 0 0 0 0 0 0 0 0 0 0 0 0 0 0 0 0 0 0 0 0
0 0 0 0 0 0 0 0 0 0 0 0 0 0 0 0 0 0 0 0 0 0 0 0 0 0 0 0 0 0 0 0 0 0 0 0 0 0 0 0 0 0 0 0 0 0 0 0 0 0 0 0 0 0 0 0 0 0 0 0 0 0 0 0 0 0 0 0 0 0 0 0 0 0 0 0 0 0 0 0 0 0 0 0 0 0 0 0 0 0 0 0 0 0 0 0 0 0 0 0 0 0 0 0 0 0 0 0 0 0 0 0 0 0 0 0 0 0 0 0 0 0 0 0 0 0 0 0 0 0 0 0 0 0 0 0 0 0 0 0 0 0 0 0 0 0 0 0 0 0
0 0 0 0 0 0 0 0 0 0 0 0 0 0 0 0 0 0 0 0 0 0 0 0 0 0 0 0 0 0 0 0 0 0 0 0 0 0 0 0 0 0 0 0 0 0 0 0 0 0 0 0 0 0 0 0 0 0 0 0 0 0 0 0 0 0 0 0 0 0 0 0 0 0 0 0 0 0 0 0 0 0 0 0 0 0 0 0 0 0 0 0 0 0 0 0 0 0 0 0 0 0 0 0 0 0 0 0 0 0 0 0 0 0 0 0 0 0 0 0 0 0 0 0 0 0 0 0 0 0 0 0 0 0 0 0 0 0 0 0 0 0 0 0 0 0 0 0 0 0
0 0 0 0 0 0 0 0 0 0 0 0 0 0 0 0 0 0 0 0 0 0 0 0 0 0 0 0 0 0 0 0 0 0 0 0 0 0 0 0 0 0 0 0 0 0 0 0 0 0 0 0 0 0 0 0 0 0 0 0 0 0 0 0 0 0 0 0 0 0 0 0 0 0 0 0 0 0 0 0 0 0 0 0 0 0 0 0 0 0 0 0 0 0 0 0 0 0 0 0 0 0 0 0 0 0 0 0 0 0 0 0 0 0 0 0 0 0 0 0 0 0 0 0 0 0 0 0 0 0 0 0 0 0 0 0 0 0 0 0 0 0 0 0 0 0 0 0 0 0
0 0 0 0 0 0 0 0 0 0 0 0 0 0 0 0 0 0 0 0 0 0 0 0 0 0 0 0 0 0 0 0 0 0 0 0 0 0 0 0 0 0 0 0 0 0 0 0 0 0 0 0 0 0 0 0 0 0 0 0 0 0 0 0 0 0 0 0 0 0 0 0 0 0 0 0 0 0 0 0 0 0 0 0 0 0 0 0 0 0 0 0 0 0 0 0 0 0 0 0 0 0 0 0 0 0 0 0 0 0 0 0 0 0 0 0 0 0 0 0 0 0 0 0 0 0 0 0 0 0 0 0 0 0 0 0 0 0 0 0 0 0 0 0 0 0 0 0 0 0
0 0 0 0 0 0 0 0 0 0 0 0 0 0 0 0 0 0 0 0 0 0 0 0 0 0 0 0 0 0 0 0 0 0 0 0 0 0 0 0 0 0 0 0 0 0 0 0 0 0 0 0 0 0 0 0 0 0 0 0 0 0 0 0 0 0 0 0 0 0 0 0 0 0 0 0 0 0 0 0 0 0 0 0 0 0 0 0 0 0 0 0 0 0 0 0 0 0 0 0 0 0 0 0 0 0 0 0 0 0 0 0 0 0 0 0 0 0 0 0 0 0 0 0 0 0 0 0 0 0 0 0 0 0 0 0 0 0 0 0 0 0 0 0 0 0 0 0 0 0
0 0 0 0 0 0 0 0 0 0 0 0 0 0 0 0 0 0 0 0 0 0 0 0 0 0 0 0 0 0 0 0 0 0 0 0 0 0 0 0 0 0 0 0 0 0 0 0 0 0 0 0 0 0 0 0 0 0 0 0 0 0 0 0 0 0 0 0 0 0 0 0 0 0 0 0 0 0 0 0 0 0 0 0 0 0 0 0 0 0 0 0 0 0 0 0 0 0 0 0 0 0 0 0 0 0 0 0 0 0 0 0 0 0 0 0 0 0 0 0 0 0 0 0 0 0 0 0 0 0 0 0 0 0 0 0 0 0 0 0 0 0 0 0 0 0 0 0 0 0
0 0 0 0 0 0 0 0 0 0 0 0 0 0 0 0 0 0 0 0 0 0 0 0 0 0 0 0 0 0 0 0 0 0 0 0 0 0 0 0 0 0 0 0 0 0 0 0 0 0 0 0 0 0 0 0 0 0 0 0 0 0 0 0 0 0 0 0 0 0 0 0 0 0 0 0 0 0 0 0 0 0 0 0 0 0 0 0 0 0 0 0 0 0 0 0 0 0 0 0 0 0 0 0 0 0 0 0 0 0 0 0 0 0 0 0 0 0 0 0 0 0 0 0 0 0 0 0 0 0 0 0 0 0 0 0 0 0 0 0 0 0 0 0 0 0 0 0 0 0
0 0 0 0 0 0 0 0 0 0 0 0 0 0 0 0 0 0 0 0 0 0 0 0 0 0 0 0 0 0 0 0 0 0 0 0 0 0 0 0 0 0 0 0 0 0 0 0 0 0 0 0 0 0 0 0 0 0 0 0 0 0 0 0 0 0 0 0 0 0 0 0 0 0 0 0 0 0 0 0 0 0 0 0 0 0 0 0 0 0 0 0 0 0 0 0 0 0 0 0 0 0 0 0 0 0 0 0 0 0 0 0 0 0 0 0 0 0 0 0 0 0 0 0 0 0 0 0 0 0 0 0 0 0 0 0 0 0 0 0 0 0 0 0 0 0 0 0 0 0
0 0 0 0 0 0 0 0 0 0 0 0 0 0 0 0 0 0 0 0 0 0 0 0 0 0 0 0 0 0 0 0 0 0 0 0 0 0 0 0 0 0 0 0 0 0 0 0 0 0 0 0 0 0 0 0 0 0 0 0 0 0 0 0 0 0 0 0 0 0 0 0 0 0 0 0 0 0 0 0 0 0 0 0 0 0 0 0 0 0 0 0 0 0 0 0 0 0 0 0 0 0 0 0 0 0 0 0 0 0 0 0 0 0 0 0 0 0 0 0 0 0 0 0 0 0 0 0 0 0 0 0 0 0 0 0 0 0 0 0 0 0 0 0 0 0 0 0 0 0
0 0 0 0 0 0 0 0 0 0 0 0 0 0 0 0 0 0 0 0 0 0 0 0 0 0 0 0 0 0 0 0 0 0 0 0 0 0 0 0 0 0 0 0 0 0 0 0 0 0 0 0 0 0 0 0 0 0 0 0 0 0 0 0 0 0 0 0 0 0 0 0 0 0 0 0 0 0 0 0 0 0 0 0 0 0 0 0 0 0 0 0 0 0 0 0 0 0 0 0 0 0 0 0 0 0 0 0 0 0 0 0 0 0 0 0 0 0 0 0 0 0 0 0 0 0 0 0 0 0 0 0 0 0 0 0 0 0 0 0 0 0 0 0 0 0 0 0 0 0
0 0 0 0 0 0 0 0 0 0 0 0 0 0 0 0 0 0 0 0 0 0 0 0 0 0 0 0 0 0 0 0 0 0 0 0 0 0 0 0 0 0 0 0 0 0 0 0 0 0 0 0 0 0 0 0 0 0 0 0 0 0 0 0 0 0 0 0 0 0 0 0 0 0 0 0 0 0 0 0 0 0 0 0 0 0 0 0 0 0 0 0 0 0 0 0 0 0 0 0 0 0 0 0 0 0 0 0 0 0 0 0 0 0 0 0 0 0 0 0 0 0 0 0 0 0 0 0 0 0 0 0 0 0 0 0 0 0 0 0 0 0 0 0 0 0 0 0 0 0
0 0 0 0 0 0 0 0 0 0 0 0 0 0 0 0 0 0 0 0 0 0 0 0 0 0 0 0 0 0 0 0 0 0 0 0 0 0 0 0 0 0 0 0 0 0 0 0 0 0 0 0 0 0 0 0 0 0 0 0 0 0 0 0 0 0 0 0 0 0 0 0 0 0 0 0 0 0 0 0 0 0 0 0 0 0 0 0 0 0 0 0 0 0 0 0 0 0 0 0 0 0 0 0 0 0 0 0 0 0 0 0 0 0 0 0 0 0 0 0 0 0 0 0 0 0 0 0 0 0 0 0 0 0 0 0 0 0 0 0 0 0 0 0 0 0 0 0 0 0
0 0 0 0 0 0 0 0 0 0 0 0 0 0 0 0 0 0 0 0 0 0 0 0 0 0 0 0 0 0 0 0 0 0 0 0 0 0 0 0 0 0 0 0 0 0 0 0 0 0 0 0 0 0 0 0 0 0 0 0 0 0 0 0 0 0 0 0 0 0 0 0 0 0 0 0 0 0 0 0 0 0 0 0 0 0 0 0 0 0 0 0 0 0 0 0 0 0 0 0 0 0 0 0 0 0 0 0 0 0 0 0 0 0 0 0 0 0 0 0 0 0 0 0 0 0 0 0 0 0 0 0 0 0 0 0 0 0 0 0 0 0 0 0 0 0 0 0 0 0
0 0 0 0 0 0 0 0 0 0 0 0 0 0 0 0 0 0 0 0 0 0 0 0 0 0 0 0 0 0 0 0 0 0 0 0 0 0 0 0 0 0 0 0 0 0 0 0 0 0 0 0 0 0 0 0 0 0 0 0 0 0 0 0 0 0 0 0 0 0 0 0 0 0 0 0 0 0 0 0 0 0 0 0 0 0 0 0 0 0 0 0 0 0 0 0 0 0 0 0 0 0 0 0 0 0 0 0 0 0 0 0 0 0 0 0 0 0 0 0 0 0 0 0 0 0 0 0 0 0 0 0 0 0 0 0 0 0 0 0 0 0 0 0 0 0 0 0 0 0
0 0 0 0 0 0 0 0 0 0 0 0 0 0 0 0 0 0 0 0 0 0 0 0 0 0 0 0 0 0 0 0 0 0 0 0 0 0 0 0 0 0 0 0 0 0 0 0 0 0 0 0 0 0 0 0 0 0 0 0 0 0 0 0 0 0 0 0 0 0 0 0 0 1.30794e-05 1.81803e-05 2.38352e-05 2.95508e-05 3.46504e-05 3.83372e-05 3.98609e-05 3.87725e-05 3.51343e-05 2.95619e-05 0 0 0 0 0 0 0 0 0 0 0 0 0 0 0 0 0 0 0 0 0 0 0 0 0 0 0 0 0 0 0 0 0 0 0 0 0 0 0 0 0 0 0 0 0 0 0 0 0 0 0 0 0 0 0 0 0 0 0 0 0 0 0 0 0 0 0
0 0 0 0 0 0 0 0 0 0 0 0 0 0 0 0 0 0 0 0 0 0 0 0 0 0 0 0 0 0 0 0 0 0 0 0 0 0 0 0 0 0 0 0 0 0 0 0 0 0 0 0 0 0 0 0 0 0 0 0 0 0 0 0 0 0 0 0 0 0 0 1.86449e-05 2.93598e-05 4.31474e-05 5.94413e-05 7.71049e-05 9.44978e-05 0.000109566 0.000120022 0.000123794 0.000119687 0.000107993 9.05975e-05 7.04673e-05 5.07139e-05 3.37231e-05 0 0 0 0 0 0 0 0 0 0 0 0 0 0 0 0 0 0 0 0 0 0 0 0 0 0 0 0 0 0 0 0 0 0 0 0 0 0 0 0 0 0 0 0 0 0 0 0 0 0 0 0 0 0 0 0 0 0 0 0 0 0 0 0
0 0 0 0 0 0 0 0 0 0 0 0 0 0 0 0 0 0 0 0 0 0 0 0 0 0 0 0 0 0 0 0 0 0 0 0 0 0 0 0 0 0 0 0 0 0 0 0 0 0 0 0 0 0 0 0 0 0 0 0 0 0 0 0 0 0 0 0 0 1.8668e-05 3.4032e-05 5.74661e-05 9.01015e-05 0.000131613 0.000179859 0.000230995 0.00027993 0.000320845 0.000347747 0.000355487 0.00034133 0.000306435 0.00025618 0.000198792 0.000142847 9.48938e-05 5.82146e-05 3.29563e-05 0 0 0 0 0 0 0 0 0 0 0 0 0 0 0 0 0 0 0 0 0 0 0 0 0 0 0 0 0 0 0 0 0 0 0 0 0 0 0 0 0 0 0 0 0 0 0 0 0 0 0 0 0 0 0 0 0 0 0 0 0 0
0 0 0 0 0 0 0 0 0 0 0 0 0 0 0 0 0 0 0 0 0 0 0 0 0 0 0 0 0 0 0 0 0 0 0 0 0 0 0 0 0 0 0 0 0 0 0 0 0 0 0 0 0 0 0 0 0 0 0 0 0 0 0 0 0 0 0 1.26911e-05 2.70735e-05 5.33213e-05 9.70485e-05 0.00016347 0.000255369 0.000371073 0.000503474 0.000640714 0.000768103 0.000870255 0.000932771 0.000944311 0.000899653 0.000802994 0.000668553 0.00051734 0.000371051 0.000246186 0.000150911 8.53891e-05 4.45733e-05 0 0 0 0 0 0 0 0 0 0 0 0 0 0 0 0 0 0 0 0 0 0 0 0 0 0 0 0 0 0 0 0 0 0 0 0 0 0 0 0 0 0 0 0 0 0 0 0 0 0 0 0 0 0 0 0 0 0 0 0 0
0 0 0 0 0 0 0 0 0 0 0 0 0 0 0 0 0 0 0 0 0 0 0 0 0 0 0 0 0 0 0 0 0 0 0 0 0 0 0 0 0 0 0 0 0 0 0 0 0 0 0 0 0 0 0 0 0 0 0 0 0 0 0 0 0 0 1.44824e-05 3.34734e-05 7.1368e-05 0.000140436 0.000255259 0.000429078 0.000668231 0.00096664 0.00130332 0.00164493 0.00195204 0.00218669 0.00231705 0.00232125 0.00219234 0.0019438 0.00161058 0.00124215 0.000888925 0.000588941 0.000360678 0.000203956 0.000106416 5.12151e-05 0 0 0 0 0 0 0 0 0 0 0 0 0 0 0 0 0 0 0 0 0 0 0 0 0 0 0 0 0 0 0 0 0 0 0 0 0 0 0 0 0 0 0 0 0 0 0 0 0 0 0 0 0 0 0 0 0 0 0 0
0 0 0 0 0 0 0 0 0 0 0 0 0 0 0 0 0 0 0 0 0 0 0 0 0 0 0 0 0 0 0 0 0 0 0 0 0 0 0 0 0 0 0 0 0 0 0 0 0 0 0 0 0 0 0 0 0 0 0 0 0 0 0 0 0 1.40345e-05 3.52202e-05 8.13804e-05 0.00017343 0.00034103 0.000619172 0.00103902 0.00161393 0.00232579 0.00311886 0.00390719 0.00459346 0.00508964 0.00533106 0.00528216 0.00494156 0.00434832 0.00358282 0.00275235 0.00196443 0.00129922 0.000794732 0.000449079 0.000234217 0.000112686 4.99893e-05 0 0 0 0 0 0 0 0 0 0 0 0 0 0 0 0 0 0 0 0 0 0 0 0 0 0 0 0 0 0 0 0 0 0 0 0 0 0 0 0 0 0 0 0 0 0 0 0 0 0 0 0 0 0 0 0 0 0 0
0 0 0 0 0 0 0 0 0 0 0 0 0 0 0 0 0 0 0 0 0 0 0 0 0 0 0 0 0 0 0 0 0 0 0 0 0 0 0 0 0 0 0 0 0 0 0 0 0 0 0 0 0 0 0 0 0 0 0 0 0 0 0 0 1.15835e-05 3.15076e-05 7.89455e-05 0.000182371 0.000388503 0.000763489 0.00138493 0.00232073 0.00359714 0.00516696 0.00689638 0.00858355 0.0100055 0.0109723 0.0113624 0.0111306 0.0103065 0.008993 0.00736237 0.00562982 0.0040054 0.00264343 0.00161474 0.000911614 0.000475178 0.000228534 0.000101372 4.14602e-05 0 0 0 0 0 0 0 0 0 0 0 0 0 0 0 0 0 0 0 0 0 0 0 0 0 0 0 0 0 0 0 0 0 0 0 0 0 0 0 0 0 0 0 0 0 0 0 0 0 0 0 0 0 0 0 0 0 0
0 0 0 0 0 0 0 0 0 0 0 0 0 0 0 0 0 0 0 0 0 0 0 0 0 0 0 0 0 0 0 0 0 0 0 0 0 0 0 0 0 0 0 0 0 0 0 0 0 0 0 0 0 0 0 0 0 0 0 0 0 0 0 0 2.3939e-05 6.51008e-05 0.000163096 0.000376688 0.00080222 0.00157579 0.00285795 0.00479334 0.00741022 0.0106093 0.0140986 0.017443 0.0201748 0.021905 0.0224346 0.0217252 0.0198995 0.0172031 0.0139813 0.0106339 0.0075373 0.00496168 0.0030258 0.00170638 0.000888819 0.000427278 0.000189473 7.748e-05 2.91784e-05 0 0 0 0 0 0 0 0 0 0 0 0 0 0 0 0 0 0 0 0 0 0 0 0 0 0 0 0 0 0 0 0 0 0 0 0 0 0 0 0 0 0 0 0 0 0 0 0 0 0 0 0 0 0 0 0 0
0 0 0 0 0 0 0 0 0 0 0 0 0 0 0 0 0 0 0 0 0 0 0 0 0 0 0 0 0 0 0 0 0 0 0 0 0 0 0 0 0 0 0 0 0 0 0 0 0 0 0 0 0 0 0 0 0 0 0 0 0 0 0 1.54666e-05 4.55945e-05 0.000123971 0.000312814 0.000732694 0.00154965 0.00302883 0.00546928 0.00912559 0.014077 0.0200993 0.0266114 0.0327588 0.0376294 0.0405078 0.0410491 0.0392947 0.0355813 0.0304531 0.024549 0.0185567 0.0130952 0.00859442 0.00523061 0.00294586 0.00153312 0.000736609 0.000326528 0.000133493 5.03192e-05 0 0 0 0 0 0 0 0 0 0 0 0 0 0 0 0 0 0 0 0 0 0 0 0 0 0 0 0 0 0 0 0 0 0 0 0 0 0 0 0 0 0 0 0 0 0 0 0 0 0 0 0 0 0 0 0 0
0 0 0 0 0 0 0 0 0 0 0 0 0 0 0 0 0 0 0 0 0 0 0 0 0 0 0 0 0 0 0 0 0 0 0 0 0 0 0 0 0 0 0 0 0 0 0 0 0 0 0 0 0 0 0 0 0 0 0 0 2.28875e-06 4.98268e-06 9.99719e-06 3.28449e-05 8.85567e-05 0.000240791 0.000580686 0.00131162 0.00275425 0.00535688 0.00964334 0.0160485 0.0246957 0.0351648 0.0463997 0.056859 0.0649148 0.0693253 0.069564 0.0658555 0.0589628 0.0499279 0.0398804 0.0299363 0.0210181 0.0137452 0.00834516 0.00469256 0.00243963 0.00117135 0.00051902 0.000212127 7.99457e-05 2.77485e-05 0 0 0 0 0 0 0 0 0 0 0 0 0 0 0 0 0 0 0 0 0 0 0 0 0 0 0 0 0 0 0 0 0 0 0 0 0 0 0 0 0 0 0 0 0 0 0 0 0 0 0 0 0 0 0 0
0 0 0 0 0 0 0 0 0 0 0 0 0 0 0 0 0 0 0 0 0 0 0 0 0 0 0 0 0 0 0 0 0 0 0 0 0 0 0 0 0 0 0 0 0 0 0 0 0 0 0 0 0 0 0 0 0 0 0 2.26734e-06 5.35594e-06 1.16602e-05 2.82474e-05 6.47777e-05 0.000173385 0.000420365 0.000986826 0.00219233 0.00455469 0.00879729 0.0157887 0.026157 0.0401004 0.0569052 0.0748113 0.0912728 0.103619 0.109855 0.109235 0.102317 0.0905598 0.075846 0.0600092 0.0446949 0.0311921 0.0203146 0.0122989 0.00690258 0.00358411 0.00171944 0.000761465 0.000311104 0.000117219 4.06705e-05 0 0 0 0 0 0 0 0 0 0 0 0 0 0 0 0 0 0 0 0 0 0 0 0 0 0 0 0 0 0 0 0 0 0 0 0 0 0 0 0 0 0 0 0 0 0 0 0 0 0 0 0 0 0 0 0
0 0 0 0 0 0 0 0 0 0 0 0 0 0 0 0 0 0 0 0 0 0 0 0 0 0 0 0 0 0 0 0 0 0 0 0 0 0 0 0 0 0 0 0 0 0 0 0 0 0 0 0 0 0 0 0 0 0 0 4.88993e-06 1.15512e-05 2.58119e-05 6.12502e-05 0.000135779 0.000307698 0.000706328 0.00159594 0.00349049 0.00711534 0.0135578 0.0240366 0.0395496 0.0603135 0.0852089 0.111556 0.1355 0.153019 0.161158 0.15893 0.147403 0.129063 0.106904 0.0837167 0.061831 0.0428772 0.0277868 0.0167679 0.00938996 0.00486854 0.00233343 0.00103279 0.000421863 0.000158974 5.52664e-05 1.77144e-05 0 0 0 0 0 0 0 0 0 0 0 0 0 0 0 0 0 0 0 0 0 0 0 0 0 0 0 0 0 0 0 0 0 0 0 0 0 0 0 0 0 0 0 0 0 0 0 0 0 0 0 0 0 0 0
0 0 0 0 0 0 0 0 0 0 0 0 0 0 0 0 0 0 0 0 0 0 0 0 0 0 0 0 0 0 0 0 0 0 0 0 0 0 0 0 0 0 0 0 0 0 0 0 0 0 0 0 0 0 0 0 0 0 0 9.71934e-06 2.32479e-05 5.38579e-05 0.000116544 0.000247784 0.000530862 0.00117416 0.00253367 0.00529242 0.0105117 0.0196412 0.0343116 0.0558293 0.0844178 0.118467 0.154229 0.186356 0.209309 0.219065 0.214412 0.197079 0.170812 0.139992 0.108549 0.0794726 0.0547149 0.0352821 0.0212065 0.0118458 0.00613162 0.00293575 0.00129868 0.000530472 0.000200062 6.97043e-05 2.24484e-05 0 0 0 0 0 0 0 0 0 0 0 0 0 0 0 0 0 0 0 0 0 0 0 0 0 0 0 0 0 0 0 0 0 0 0 0 0 0 0 0 0 0 0 0 0 0 0 0 0 0 0 0 0 0 0
0 0 0 0 0 0 0 0 0 0 0 0 0 0 0 0 0 0 0 0 0 0 0 0 0 0 0 0 0 0 0 0 0 0 0 0 0 0 0 0 0 0 0 0 0 0 0 0 0 0 0 0 0 0 0 0 0 0 0 1.79103e-05 4.3279e-05 9.73773e-05 0.000207568 0.000429174 0.0009006 0.00187115 0.00386233 0.00776196 0.0149254 0.0271521 0.0464146 0.0742312 0.110734 0.153761 0.198499 0.238171 0.265797 0.276401 0.268625 0.244928 0.210376 0.170775 0.131186 0.0952446 0.0651401 0.0417804 0.0250124 0.0139297 0.00719812 0.00344335 0.00152326 0.000623052 0.000235841 8.28483e-05 2.7131e-05 0 0 0 0 0 0 0 0 0 0 0 0 0 0 0 0 0 0 0 0 0 0 0 0 0 0 0 0 0 0 0 0 0 0 0 0 0 0 0 0 0 0 0 0 0 0 0 0 0 0 0 0 0 0 0
0 0 0 0 0 0 0 0 0 0 0 0 0 0 0 0 0 0 0 0 0 0 0 0 0 0 0 0 0 0 0 0 0 0 0 0 0 0 0 0 0 0 0 0 0 0 0 0 0 0 0 0 0 0 0 0 0 0 0 3.02155e-05 7.28194e-05 0.000162874 0.00034371 0.000708709 0.00142715 0.00286517 0.00569977 0.0110513 0.0205482 0.03625 0.0602773 0.0941198 0.137617 0.188001 0.239559 0.284457 0.314738 0.324852 0.313493 0.283798 0.24194 0.19488 0.148571 0.107124 0.0728359 0.0465006 0.0277506 0.0154139 0.00795148 0.00380448 0.00168679 0.000694058 0.000266166 9.59536e-05 3.29354e-05 0 0 0 0 0 0 0 0 0 0 0 0 0 0 0 0 0 0 0 0 0 0 0 0 0 0 0 0 0 0 0 0 0 0 0 0 0 0 0 0 0 0 0 0 0 0 0 0 0 0 0 0 0 0 0
0 0 0 0 0 0 0 0 0 0 0 0 0 0 0 0 0 0 0 0 0 0 0 0 0 0 0 0 0 0 0 0 0 0 0 0 0 0 0 0 0 0 0 0 0 0 0 0 0 0 0 0 0 0 0 0 0 0 0 4.73915e-05 0.000113123 0.000251859 0.000532514 0.00107491 0.00212449 0.00416265 0.00805873 0.0151956 0.0274518 0.047025 0.0759359 0.115274 0.164239 0.219335 0.274199 0.320556 0.350312 0.358036 0.342801 0.308316 0.261364 0.209464 0.158958 0.114145 0.0773413 0.0492408 0.0293291 0.0162839 0.00840096 0.00403177 0.00180359 0.000756275 0.000300558 0.000115189 4.32074e-05 1.59703e-05 0 0 0 0 0 0 0 0 0 0 0 0 0 0 0 0 0 0 0 0 0 0 0 0 0 0 0 0 0 0 0 0 0 0 0 0 0 0 0 0 0 0 0 0 0 0 0 0 0 0 0 0 0 0
0 0 0 0 0 0 0 0 0 0 0 0 0 0 0 0 0 0 0 0 0 0 0 0 0 0 0 0 0 0 0 0 0 0 0 0 0 0 0 0 0 0 0 0 0 0 0 0 0 0 0 0 0 0 0 0 0 0 0 6.79626e-05 0.000161947 0.000361106 0.000755989 0.0015129 0.0029495 0.00568221 0.0107942 0.0199499 0.0352969 0.0590913 0.0930466 0.137487 0.190546 0.247727 0.302159 0.345783 0.371317 0.3744 0.354969 0.317196 0.267874 0.2143 0.162533 0.116715 0.0790935 0.0503725 0.0300288 0.0167108 0.00867645 0.0042044 0.00192752 0.000844516 0.000359925 0.000150989 6.21322e-05 2.47709e-05 0 0 0 0 0 0 0 0 0 0 0 0 0 0 0 0 0 0 0 0 0 0 0 0 0 0 0 0 0 0 0 0 0 0 0 0 0 0 0 0 0 0 0 0 0 0 0 0 0 0 0 0 0 0
0 0 0 0 0 0 0 0 0 0 0 0 0 0 0 0 0 0 0 0 0 0 0 0 0 0 0 0 0 0 0 0 0 0 0 0 0 0 0 0 0 0 0 0 0 0 0 0 0 0 0 0 0 0 0 0 0 0 0 8.99235e-05 0.000214404 0.000475649 0.000991389 0.00196988 0.00380226 0.00723214 0.0135596 0.0247405 0.0431873 0.0712181 0.110176 0.159457 0.215853 0.273583 0.325189 0.363129 0.381617 0.378171 0.354159 0.31421 0.264682 0.211945 0.161226 0.116202 0.0790338 0.0505155 0.0302482 0.0169601 0.0089322 0.0044441 0.00213093 0.00100133 0.000463863 0.000210418 9.1882e-05 3.79347e-05 0 0 0 0 0 0 0 0 0 0 0 0 0 0 0 0 0 0 0 0 0 0 0 0 0 0 0 0 0 0 0 0 0 0 0 0 0 0 0 0 0 0 0 0 0 0 0 0 0 0 0 0 0 0
0 0 0 0 0 0 0 0 0 0 0 0 0 0 0 0 0 0 0 0 0 0 0 0 0 0 0 0 0 0 0 0 0 0 0 0 0 0 0 0 0 0 0 0 0 0 0 0 0 0 0 0 0 0 0 0 0 0 0 0.000109848 0.000261379 0.000578274 0.00120052 0.00237186 0.00454048 0.00855221 0.0158889 0.0287485 0.0497948 0.0814292 0.124704 0.178221 0.237539 0.295601 0.344245 0.376301 0.387491 0.37734 0.348837 0.307156 0.258104 0.206954 0.157968 0.114318 0.0780836 0.0501601 0.0302724 0.0172139 0.0093072 0.00485464 0.00246362 0.00124298 0.00061462 0.000291977 0.000131099 5.49861e-05 0 0 0 0 0 0 0 0 0 0 0 0 0 0 0 0 0 0 0 0 0 0 0 0 0 0 0 0 0 0 0 0 0 0 0 0 0 0 0 0 0 0 0 0 0 0 0 0 0 0 0 0 0 0
0 0 0 0 0 0 0 0 0 0 0 0 0 0 0 0 0 0 0 0 0 0 0 0 0 0 0 0 0 0 0 0 0 0 0 0 0 0 0 0 0 0 0 0 0 0 0 0 0 0 0 0 0 0 0 0 0 0 0 0 0.000294318 0.000649183 0.0013429 0.00263851 0.00502041 0.00938758 0.0173177 0.0311722 0.0537901 0.0876614 0.13372 0.190131 0.251719 0.310611 0.358097 0.387106 0.394172 0.379992 0.348538 0.305306 0.255806 0.2048 0.156164 0.112935 0.0771708 0.0497444 0.0303161 0.0176042 0.00987281 0.0054326 0.00291783 0.00155364 0.000793991 0.000386081 0.000175496 7.40634e-05 0 0 0 0 0 0 0 0 0 0 0 0 0 0 0 0 0 0 0 0 0 0 0 0 0 0 0 0 0 0 0 0 0 0 0 0 0 0 0 0 0 0 0 0 0 0 0 0 0 0 0 0 0 0
0 0 0 0 0 0 0 0 0 0 0 0 0 0 0 0 0 0 0 0 0 0 0 0 0 0 0 0 0 0 0 0 0 0 0 0 0 0 0 0 0 0 0 0 0 0 0 0 0 0 0 0 0 0 0 0 0 0 0 0 0.000306478 0.000673634 0.00138778 0.00271673 0.00514136 0.00957002 0.0175704 0.0315585 0.0544302 0.0887768 0.13562 0.193181 0.256289 0.316989 0.36646 0.397457 0.40625 0.393158 0.361711 0.317147 0.265156 0.211117 0.159703 0.114519 0.0777694 0.0501152 0.0308516 0.0183652 0.0107246 0.006185 0.00351102 0.00188083 0.000987139 0.000477171 0.000218084 0 0 0 0 0 0 0 0 0 0 0 0 0 0 0 0 0 0 0 0 0 0 0 0 0 0 0 0 0 0 0 0 0 0 0 0 0 0 0 0 0 0 0 0 0 0 0 0 0 0 0 0 0 0 0
0 0 0 0 0 0 0 0 0 0 0 0 0 0 0 0 0 0 0 0 0 0 0 0 0 0 0 0 0 0 0 0 0 0 0 0 0 0 0 0 0 0 0 0 0 0 0 0 0 0 0 0 0 0 0 0 0 0 0 0 0.000316828 0.000666765 0.00134368 0.0026179 0.00494212 0.00913802 0.0167449 0.0301187 0.0521629 0.0856317 0.131932 0.189926 0.255187 0.320388 0.376776 0.416321 0.433575 0.426712 0.39751 0.350702 0.292933 0.231504 0.173059 0.122477 0.0823157 0.0528868 0.0328472 0.0199942 0.0120444 0.00715129 0.00414202 0.00219039 0.00116076 0.000547118 0.000250616 0 0 0 0 0 0 0 0 0 0 0 0 0 0 0 0 0 0 0 0 0 0 0 0 0 0 0 0 0 0 0 0 0 0 0 0 0 0 0 0 0 0 0 0 0 0 0 0 0 0 0 0 0 0 0
0 0 0 0 0 0 0 0 0 0 0 0 0 0 0 0 0 0 0 0 0 0 0 0 0 0 0 0 0 0 0 0 0 0 0 0 0 0 0 0 0 0 0 0 0 0 0 0 0 0 0 0 0 0 0 0 0 0 0.00010893 0.000177014 0.000267906 0.000689458 0.00131171 0.00246403 0.00456901 0.0084077 0.0154555 0.0280119 0.0491468 0.0820274 0.128953 0.189969 0.261925 0.338127 0.409151 0.464662 0.495765 0.497228 0.46888 0.415733 0.346646 0.272019 0.201259 0.140911 0.0939696 0.0602973 0.0377255 0.0232899 0.0142444 0.0085632 0.00496684 0.00269253 0.00132838 0.0006566 0.000265976 0 0 0 0 0 0 0 0 0 0 0 0 0 0 0 0 0 0 0 0 0 0 0 0 0 0 0 0 0 0 0 0 0 0 0 0 0 0 0 0 0 0 0 0 0 0 0 0 0 0 0 0 0 0 0
0 0 0 0 0 0 0 0 0 0 0 0 0 0 0 0 0 0 0 0 0 0 0 0 0 0 0 0 0 0 0 0 0 0 0 0 0 0 0 0 0 0 0 0 0 0 0 0 0 0 0 0 0 0 0 0 7.87228e-05 0.000144061 0.000246866 0.000395173 0.00059076 0.000954353 0.00153077 0.00257546 0.00447918 0.00808294 0.014884 0.0274097 0.0492155 0.0844493 0.136807 0.207902 0.295597 0.392805 0.487715 0.565802 0.613398 0.621612 0.589113 0.522544 0.43438 0.339133 0.249531 0.173975 0.115889 0.0745846 0.0469604 0.029187 0.0179075 0.0107664 0.00622461 0.003442 0.00171011 0.00076376 0.000260625 0 0 0 0 0 0 0 0 0 0 0 0 0 0 0 0 0 0 0 0 0 0 0 0 0 0 0 0 0 0 0 0 0 0 0 0 0 0 0 0 0 0 0 0 0 0 0 0 0 0 0 0 0 0 0
0 0 0 0 0 0 0 0 0 0 0 0 0 0 0 0 0 0 0 0 0 0 0 0 0 0 0 0 0 0 0 0 0 0 0 0 0 0 0 0 0 0 0 0 0 0 0 0 0 0 0 0 0 0 0 9.27013e-05 0.000176908 0.000316512 0.000530568 0.000832982 0.0012246 0.0017229 0.0024244 0.0034979 0.00536049 0.00906211 0.0163732 0.0303856 0.0556096 0.0976646 0.161943 0.251535 0.364598 0.492379 0.61914 0.724872 0.790434 0.803338 0.76176 0.675011 0.560189 0.436779 0.321381 0.224551 0.150252 0.0972994 0.0616308 0.0384591 0.0236605 0.0142685 0.00840749 0.00474963 0.00252397 0.00142541 0.000753612 0 0 0 0 0 0 0 0 0 0 0 0 0 0 0 0 0 0 0 0 0 0 0 0 0 0 0 0 0 0 0 0 0 0 0 0 0 0 0 0 0 0 0 0 0 0 0 0 0 0 0 0 0 0 0
0 0 0 0 0 0 0 0 0 0 0 0 0 0 0 0 0 0 0 0 0 0 0 0 0 0 0 0 0 0 0 0 0 0 0 0 0 0 0 0 0 0 0 0 0 0 0 0 0 0 0 0 0 0 0.0001018 0.00020312 0.000379369 0.000663479 0.00108694 0.00166892 0.00240359 0.00329056 0.00431176 0.00567632 0.00777537 0.0118949 0.0203554 0.0370652 0.0678446 0.119988 0.200693 0.314297 0.458777 0.623019 0.78668 0.923684 1.0091 1.02673 0.974398 0.864303 0.718565 0.562012 0.415556 0.292319 0.197183 0.128728 0.0821045 0.0515465 0.0319856 0.0196517 0.0119531 0.00712695 0.00415628 0.00250025 0.0014465 0.000773913 0.000408105 0 0 0 0 0 0 0 0 0 0 0 0 0 0 0 0 0 0 0 0 0 0 0 0 0 0 0 0 0 0 0 0 0 0 0 0 0 0 0 0 0 0 0 0 0 0 0 0 0 0 0 0 0
0 0 0 0 0 0 0 0 0 0 0 0 0 0 0 0 0 0 0 0 0 0 0 0 0 0 0 0 0 0 0 0 0 0 0 0 0 0 0 0 0 0 0 0 0 0 0 0 0 0 0 0 0 0.000102605 0.000215073 0.000421892 0.00077372 0.00132631 0.00212652 0.00319265 0.00450331 0.00599472 0.00761645 0.00945093 0.0120513 0.0167705 0.0264897 0.0461538 0.0829707 0.145953 0.243982 0.382481 0.55911 0.7604 0.961525 1.13065 1.23725 1.26147 1.20048 1.06888 0.893249 0.703444 0.524633 0.372798 0.254206 0.167736 0.108111 0.0687323 0.0435162 0.0276716 0.017758 0.0113983 0.0071631 0.00444742 0.00264778 0.00146028 0.000768962 0.000373961 0 0 0 0 0 0 0 0 0 0 0 0 0 0 0 0 0 0 0 0 0 0 0 0 0 0 0 0 0 0 0 0 0 0 0 0 0 0 0 0 0 0 0 0 0 0 0 0 0 0 0 0
0 0 0 0 0 0 0 0 0 0 0 0 0 0 0 0 0 0 0 0 0 0 0 0 0 0 0 0 0 0 0 0 0 0 0 0 0 0 0 0 0 0 0 0 0 0 0 0 0 0 0 0 9.49615e-05 0.000207971 0.000428465 0.000827357 0.0014936 0.00251817 0.00396474 0.00583514 0.00805226 0.0104655 0.0129398 0.0155001 0.0186898 0.0240451 0.0347996 0.05677 0.0985242 0.170584 0.283272 0.442864 0.646755 0.879632 1.11317 1.31098 1.43797 1.47107 1.40639 1.25986 1.06111 0.843755 0.636549 0.45825 0.316952 0.212408 0.139435 0.0908897 0.059684 0.0398845 0.0270753 0.0183716 0.0120805 0.00774636 0.00465363 0.00256066 0.00134597 0.000653758 0.000293149 0 0 0 0 0 0 0 0 0 0 0 0 0 0 0 0 0 0 0 0 0 0 0 0 0 0 0 0 0 0 0 0 0 0 0 0 0 0 0 0 0 0 0 0 0 0 0 0 0 0 0
0 0 0 0 0 0 0 0 0 0 0 0 0 0 0 0 0 0 0 0 0 0 0 0 0 0 0 0 0 0 0 0 0 0 0 0 0 0 0 0 0 0 0 0 0 0 0 0 0 0 0 8.34495e-05 0.00018753 0.000399949 0.000806427 0.00152988 0.00272017 0.00452104 0.00701358 0.0101589 0.0137699 0.0175419 0.0211982 0.0246961 0.0286458 0.0346511 0.0461149 0.0692395 0.11364 0.191114 0.312995 0.486077 0.707627 0.961323 1.21696 1.43555 1.57931 1.62282 1.56093 1.40939 1.19886 0.964803 0.738242 0.54027 0.380975 0.261488 0.177122 0.120413 0.0832799 0.0587293 0.0417086 0.0292005 0.019681 0.0126726 0.00766405 0.00428721 0.00220278 0.00106829 0.000478514 0 0 0 0 0 0 0 0 0 0 0 0 0 0 0 0 0 0 0 0 0 0 0 0 0 0 0 0 0 0 0 0 0 0 0 0 0 0 0 0 0 0 0 0 0 0 0 0 0 0 0
0 0 0 0 0 0 0 0 0 0 0 0 0 0 0 0 0 0 0 0 0 0 0 0 0 0 0 0 0 0 0 0 0 0 0 0 0 0 0 0 0 0 0 0 0 0 0 0 0 0 0 0.000165015 0.000357551 0.000737174 0.00144392 0.00267691 0.00467458 0.00765607 0.011726 0.0167757 0.0224459 0.0281914 0.0335212 0.0383181 0.0432662 0.0500998 0.0620753 0.085188 0.129424 0.207567 0.331602 0.508481 0.735392 0.995995 1.26003 1.48842 1.64285 1.697 1.64421 1.49877 1.29009 1.0533 0.820114 0.613147 0.44434 0.316257 0.224675 0.161609 0.118204 0.0871364 0.0636448 0.0452153 0.0307151 0.0197786 0.0119477 0.00672014 0.00350799 0.00164952 0.000737945 0.000304767 0 0 0 0 0 0 0 0 0 0 0 0 0 0 0 0 0 0 0 0 0 0 0 0 0 0 0 0 0 0 0 0 0 0 0 0 0 0 0 0 0 0 0 0 0 0 0 0 0 0
0 0 0 0 0 0 0 0 0 0 0 0 0 0 0 0 0 0 0 0 0 0 0 0 0 0 0 0 0 0 0 0 0 0 0 0 0 0 0 0 0 0 0 0 0 0 0 0 0 0 0.000143473 0.000317323 0.000663025 0.00131555 0.0024856 0.00446872 0.00761723 0.0122512 0.0185114 0.0262057 0.0347522 0.0432969 0.0510628 0.0578327 0.0643571 0.072449 0.0850451 0.107293 0.14871 0.222648 0.34167 0.512607 0.732582 0.985986 1.2443 1.47061 1.62843 1.69189 1.65312 1.5237 1.33008 1.10505 0.87951 0.676651 0.509551 0.381405 0.287624 0.219504 0.168337 0.127927 0.0949154 0.067874 0.0462161 0.0297326 0.0179189 0.0100637 0.00524773 0.00253552 0.00109213 0.000450635 0.00017158 0 0 0 0 0 0 0 0 0 0 0 0 0 0 0 0 0 0 0 0 0 0 0 0 0 0 0 0 0 0 0 0 0 0 0 0 0 0 0 0 0 0 0 0 0 0 0 0 0
0 0 0 0 0 0 0 0 0 0 0 0 0 0 0 0 0 0 0 0 0 0 0 0 0 0 0 0 0 0 0 0 0 0 0 0 0 0 0 0 0 0 0 0 0 0 0 0 0 0 0.000272116 0.000588379 0.00125371 0.00234057 0.00420272 0.00723716 0.0119156 0.0186733 0.0277105 0.0387738 0.051068 0.0634056 0.0747149 0.0845952 0.0937919 0.104008 0.117622 0.138581 0.175163 0.240739 0.348672 0.505764 0.708967 0.943789 1.18463 1.39856 1.55272 1.62305 1.60083 1.49453 1.32642 1.12583 0.92162 0.736374 0.582788 0.462901 0.370727 0.297465 0.236196 0.183293 0.137548 0.0989016 0.0675281 0.0434726 0.0261956 0.0147086 0.00766442 0.00370025 0.00165142 0.00065027 0.000247493 0 0 0 0 0 0 0 0 0 0 0 0 0 0 0 0 0 0 0 0 0 0 0 0 0 0 0 0 0 0 0 0 0 0 0 0 0 0 0 0 0 0 0 0 0 0 0 0 0
0 0 0 0 0 0 0 0 0 0 0 0 0 0 0 0 0 0 0 0 0 0 0 0 0 0 0 0 0 0 0 0 0 0 0 0 0 0 0 0 0 0 0 0 0 0 0 0 0 0.000384304 0.000701115 0.00127395 0.0022974 0.00405833 0.00694092 0.0114265 0.0180673 0.0273853 0.0396587 0.0546479 0.0714474 0.0886428 0.104852 0.11943 0.132859 0.146419 0.161666 0.181227 0.211804 0.26623 0.358873 0.4971 0.677651 0.887058 1.10302 1.2975 1.44247 1.51662 1.51103 1.4312 1.29513 1.12819 0.956449 0.800252 0.669584 0.563485 0.474544 0.395373 0.322144 0.254399 0.193233 0.1401 0.0962465 0.0621961 0.0375699 0.0211204 0.0110187 0.00532149 0.0023754 0.000979119 0.00035168 0.000123517 0 0 0 0 0 0 0 0 0 0 0 0 0 0 0 0 0 0 0 0 0 0 0 0 0 0 0 0 0 0 0 0 0 0 0 0 0 0 0 0 0 0 0 0 0 0 0 0
0 0 0 0 0 0 0 0 0 0 0 0 0 0 0 0 0 0 0 0 0 0 0 0 0 0 0 0 0 0 0 0 0 0 0 0 0 0 0 0 0 0 0 0 0 0 0 0.000265425 0.000483878 0.000892671 0.0015181 0.00253566 0.00421538 0.00696151 0.0112786 0.0177169 0.0268331 0.0391349 0.054944 0.0741383 0.0959196 0.118842 0.141314 0.162262 0.181541 0.199602 0.217018 0.235212 0.259443 0.301661 0.377143 0.494534 0.650661 0.832662 1.02111 1.1929 1.32513 1.39994 1.40888 1.35528 1.25354 1.12526 0.992897 0.872647 0.769661 0.679407 0.594207 0.509229 0.42399 0.340733 0.262581 0.192616 0.133491 0.0868093 0.0526779 0.0297039 0.0155234 0.0075075 0.00335482 0.00138419 0.000520328 0.000172297 0 0 0 0 0 0 0 0 0 0 0 0 0 0 0 0 0 0 0 0 0 0 0 0 0 0 0 0 0 0 0 0 0 0 0 0 0 0 0 0 0 0 0 0 0 0 0 0
0 0 0 0 0 0 0 0 0 0 0 0 0 0 0 0 0 0 0 0 0 0 0 0 0 0 0 0 0 0 0 0 0 0 0 0 0 0 0 0 0 0 0 0 0 0 0.00032448 0.000633555 0.00115064 0.00201747 0.00327983 0.00512254 0.00784535 0.0119521 0.0181152 0.0270038 0.0391414 0.054891 0.0744883 0.0979585 0.124824 0.153916 0.183525 0.211952 0.238017 0.26104 0.280632 0.297405 0.315688 0.346539 0.405573 0.502891 0.635889 0.792053 0.954048 1.10293 1.22064 1.29297 1.31278 1.28237 1.21359 1.12465 1.03358 0.950726 0.875684 0.80125 0.720683 0.63185 0.536707 0.439169 0.343785 0.255424 0.178744 0.117053 0.0713821 0.040394 0.0211686 0.0102554 0.00459101 0.00189768 0.00072407 0.000232636 0 0 0 0 0 0 0 0 0 0 0 0 0 0 0 0 0 0 0 0 0 0 0 0 0 0 0 0 0 0 0 0 0 0 0 0 0 0 0 0 0 0 0 0 0 0 0 0
0 0 0 0 0 0 0 0 0 0 0 0 0 0 0 0 0 0 0 0 0 0 0 0 0 0 0 0 0 0 0 0 0 0 0 0 0 0 0 0 0 0 0 0 0 0.000350268 0.000722569 0.00140119 0.00255607 0.00433306 0.00687549 0.010297 0.0147913 0.0208046 0.0291254 0.0406713 0.0560955 0.0756273 0.0992681 0.127042 0.158828 0.19389 0.230501 0.266223 0.298609 0.325789 0.346698 0.36177 0.375127 0.397183 0.443059 0.523399 0.636312 0.76974 0.90789 1.03508 1.13739 1.20423 1.23046 1.21854 1.17888 1.12653 1.07423 1.02596 0.976414 0.91716 0.84298 0.753709 0.652297 0.543053 0.431441 0.324337 0.228961 0.150883 0.0924305 0.0524849 0.0275807 0.0133979 0.00601095 0.00249135 0.000953517 0.000308527 9.80686e-05 0 0 0 0 0 0 0 0 0 0 0 0 0 0 0 0 0 0 0 0 0 0 0 0 0 0 0 0 0 0 0 0 0 0 0 0 0 0 0 0 0 0 0 0 0 0 0
0 0 0 0 0 0 0 0 0 0 0 0 0 0 0 0 0 0 0 0 0 0 0 0 0 0 0 0 0 0 0 0 0 0 0 0 0 0 0 0 0 0 0 0 0.000345681 0.000734849 0.00149477 0.00287336 0.00518957 0.00872726 0.0136717 0.0200256 0.0276721 0.0366486 0.0475137 0.0614104 0.0795228 0.102397 0.129939 0.161917 0.198237 0.238381 0.280576 0.321705 0.358201 0.387292 0.407793 0.420733 0.430792 0.447987 0.48598 0.554211 0.650791 0.764462 0.881067 0.987635 1.07375 1.13223 1.16047 1.16203 1.14659 1.12598 1.10732 1.08855 1.06095 1.01605 0.950175 0.864003 0.760132 0.642297 0.516602 0.392029 0.278673 0.184577 0.113507 0.0646629 0.0340815 0.0166064 0.00747488 0.00311016 0.00119575 0.000424926 0.000120771 0 0 0 0 0 0 0 0 0 0 0 0 0 0 0 0 0 0 0 0 0 0 0 0 0 0 0 0 0 0 0 0 0 0 0 0 0 0 0 0 0 0 0 0 0 0 0
0 0 0 0 0 0 0 0 0 0 0 0 0 0 0 0 0 0 0 0 0 0 0 0 0 0 0 0 0 0 0 0 0 0 0 0 0 0 0 0 0 0 0 0.000323725 0.00069276 0.00143943 0.00287873 0.00547372 0.00979951 0.0163747 0.0254768 0.0369171 0.0500227 0.0639652 0.0784341 0.0942719 0.11335 0.137457 0.167246 0.202389 0.242254 0.285855 0.331036 0.374173 0.411114 0.43887 0.456858 0.467457 0.476509 0.493654 0.529982 0.59179 0.675943 0.77214 0.868379 0.954533 1.02338 1.071 1.09752 1.10811 1.11191 1.11733 1.12599 1.13089 1.12132 1.08945 1.03279 0.95201 0.84853 0.725156 0.588532 0.449664 0.321271 0.21364 0.131829 0.0753484 0.0398542 0.0194964 0.00881921 0.00368792 0.001427 0.000510849 0.000141225 0 0 0 0 0 0 0 0 0 0 0 0 0 0 0 0 0 0 0 0 0 0 0 0 0 0 0 0 0 0 0 0 0 0 0 0 0 0 0 0 0 0 0 0 0 0 0
0 0 0 0 0 0 0 0 0 0 0 0 0 0 0 0 0 0 0 0 0 0 0 0 0 0 0 0 0 0 0 0 0 0 0 0 0 0 0 0 0 0 0.000288281 0.000622909 0.00130102 0.00263913 0.00517647 0.00970537 0.017208 0.0285804 0.0442615 0.0638041 0.0857183 0.107832 0.128251 0.146609 0.164801 0.186286 0.213988 0.248704 0.28929 0.333496 0.378131 0.419114 0.452355 0.47552 0.489398 0.498251 0.509302 0.531439 0.572083 0.632903 0.708417 0.789087 0.865563 0.930984 0.981468 1.01624 1.03814 1.05385 1.07184 1.0971 1.12636 1.14898 1.15331 1.13231 1.08422 1.00924 0.907612 0.781443 0.637881 0.489539 0.351016 0.234185 0.144998 0.0831851 0.0441951 0.0217338 0.00989276 0.00416647 0.00162569 0.00058743 0.000168527 0 0 0 0 0 0 0 0 0 0 0 0 0 0 0 0 0 0 0 0 0 0 0 0 0 0 0 0 0 0 0 0 0 0 0 0 0 0 0 0 0 0 0 0 0 0 0
0 0 0 0 0 0 0 0 0 0 0 0 0 0 0 0 0 0 0 0 0 0 0 0 0 0 0 0 0 0 0 0 0 0 0 0 0 0 0 0 0 0.000235624 0.000527247 0.00112101 0.00229143 0.00454038 0.0087143 0.0160708 0.0281671 0.0464494 0.0716239 0.102953 0.137905 0.172539 0.202753 0.226086 0.243258 0.258459 0.277448 0.30426 0.339018 0.378494 0.417969 0.452605 0.47875 0.495352 0.505066 0.514164 0.530869 0.562554 0.612227 0.676479 0.747041 0.814701 0.872616 0.917421 0.948849 0.969271 0.983938 1.0007 1.02717 1.06533 1.10816 1.14264 1.15664 1.14367 1.10218 1.03197 0.932612 0.806025 0.65988 0.507682 0.364938 0.244181 0.151736 0.0874506 0.0467144 0.0231269 0.0106095 0.00450766 0.00177644 0.000648894 0.000219728 0 0 0 0 0 0 0 0 0 0 0 0 0 0 0 0 0 0 0 0 0 0 0 0 0 0 0 0 0 0 0 0 0 0 0 0 0 0 0 0 0 0 0 0 0 0 0
0 0 0 0 0 0 0 0 0 0 0 0 0 0 0 0 0 0 0 0 0 0 0 0 0 0 0 0 0 0 0 0 0 0 0 0 0 0 0 0 0 0.000403628 0.000897008 0.0018846 0.00378499 0.00733932 0.0137799 0.0249437 0.0431211 0.0704794 0.108129 0.155081 0.207661 0.259887 0.305005 0.337761 0.356569 0.364591 0.368993 0.377782 0.395456 0.420734 0.448336 0.472487 0.489656 0.500004 0.507904 0.521007 0.547509 0.592355 0.654155 0.725163 0.794548 0.852814 0.894824 0.920306 0.932585 0.937244 0.941685 0.954551 0.982645 1.02588 1.07498 1.11557 1.13516 1.12725 1.09007 1.02312 0.925954 0.800869 0.656026 0.50516 0.363717 0.244013 0.152206 0.0881746 0.0474083 0.0236441 0.0109422 0.00469334 0.00186886 0.000690108 0.000236263 0 0 0 0 0 0 0 0 0 0 0 0 0 0 0 0 0 0 0 0 0 0 0 0 0 0 0 0 0 0 0 0 0 0 0 0 0 0 0 0 0 0 0 0 0 0 0
0 0 0 0 0 0 0 0 0 0 0 0 0 0 0 0 0 0 0 0 0 0 0 0 0 0 0 0 0 0 0 0 0 0 0 0 0 0 0 0 0.000270523 0.000640793 0.00141847 0.00295667 0.00586227 0.0111596 0.0205237 0.0364316 0.0619911 0.100224 0.152776 0.218558 0.292858 0.367672 0.43341 0.481503 0.507028 0.510521 0.498286 0.480687 0.468023 0.465439 0.471132 0.479707 0.487202 0.493961 0.504873 0.527449 0.568309 0.629314 0.705504 0.786106 0.858223 0.911483 0.941318 0.949621 0.942967 0.930148 0.920685 0.923818 0.945907 0.986012 1.0341 1.07531 1.09678 1.09143 1.0568 0.991968 0.896837 0.774479 0.633524 0.487524 0.351211 0.236082 0.147773 0.0860244 0.0465286 0.02338 0.0109033 0.00472188 0.00189568 0.000706431 0.000244001 0 0 0 0 0 0 0 0 0 0 0 0 0 0 0 0 0 0 0 0 0 0 0 0 0 0 0 0 0 0 0 0 0 0 0 0 0 0 0 0 0 0 0 0 0 0 0
0 0 0 0 0 0 0 0 0 0 0 0 0 0 0 0 0 0 0 0 0 0 0 0 0 0 0 0 0 0 0 0 0 0 0 0 0 0 0 0 0.000397908 0.000942764 0.00208388 0.00432643 0.00850215 0.0159644 0.0288434 0.050241 0.0840595 0.134163 0.202853 0.289173 0.387746 0.488922 0.580408 0.649994 0.688514 0.692441 0.665516 0.618461 0.56617 0.522259 0.493592 0.479418 0.476217 0.483063 0.503143 0.541579 0.601808 0.682425 0.775802 0.869076 0.947615 0.99978 1.02079 1.01388 0.988387 0.956274 0.929185 0.91698 0.925917 0.955261 0.995566 1.03232 1.05237 1.04763 1.01443 0.951143 0.857919 0.73861 0.602368 0.462485 0.33279 0.223751 0.140283 0.0819081 0.0444945 0.0224539 0.010536 0.00458569 0.00185209 0.000694397 0.000241242 0 0 0 0 0 0 0 0 0 0 0 0 0 0 0 0 0 0 0 0 0 0 0 0 0 0 0 0 0 0 0 0 0 0 0 0 0 0 0 0 0 0 0 0 0 0 0
0 0 0 0 0 0 0 0 0 0 0 0 0 0 0 0 0 0 0 0 0 0 0 0 0 0 0 0 0 0 0 0 0 0 0 0 0 0 0 0 0.000541657 0.00128555 0.00284408 0.0058985 0.0115405 0.0214749 0.0382729 0.0655673 0.107885 0.169776 0.254183 0.360546 0.483394 0.612132 0.732273 0.827874 0.884814 0.894532 0.857141 0.782707 0.689255 0.597647 0.525044 0.480112 0.463461 0.472847 0.507334 0.567269 0.651761 0.756113 0.870288 0.979442 1.06724 1.1208 1.13505 1.11433 1.07045 1.01826 0.971397 0.940181 0.930845 0.943488 0.970286 0.997935 1.01332 1.00726 0.974483 0.91224 0.820504 0.703679 0.57142 0.436921 0.313294 0.210087 0.1315 0.0767249 0.041684 0.0210682 0.00987702 0.00430131 0.00174036 0.000653917 0.000227624 0 0 0 0 0 0 0 0 0 0 0 0 0 0 0 0 0 0 0 0 0 0 0 0 0 0 0 0 0 0 0 0 0 0 0 0 0 0 0 0 0 0 0 0 0 0 0
0 0 0 0 0 0 0 0 0 0 0 0 0 0 0 0 0 0 0 0 0 0 0 0 0 0 0 0 0 0 0 0 0 0 0 0 0 0 0 0.00026641 0.000682846 0.00162583 0.00360718 0.00749437 0.0146516 0.0271391 0.0479247 0.0810245 0.131316 0.203707 0.301584 0.424945 0.568814 0.72253 0.8702 0.992539 1.07036 1.08967 1.04668 0.950469 0.821454 0.685843 0.568849 0.489071 0.455335 0.466865 0.517786 0.602018 0.713727 0.844776 0.982414 1.10955 1.20814 1.26443 1.27352 1.24112 1.18127 1.11112 1.04563 0.995157 0.965735 0.958474 0.967791 0.982397 0.989762 0.979825 0.945664 0.883132 0.791651 0.675862 0.545865 0.414915 0.295717 0.197115 0.122681 0.0711976 0.0384902 0.0193659 0.00905883 0.00391631 0.00157258 0.000589517 0.000176047 0 0 0 0 0 0 0 0 0 0 0 0 0 0 0 0 0 0 0 0 0 0 0 0 0 0 0 0 0 0 0 0 0 0 0 0 0 0 0 0 0 0 0 0 0 0 0
0 0 0 0 0 0 0 0 0 0 0 0 0 0 0 0 0 0 0 0 0 0 0 0 0 0 0 0 0 0 0 0 0 0 0 0 0 0 0 0.000310036 0.000798013 0.00190883 0.0042569 0.0088765 0.0173929 0.0321895 0.0565544 0.0947152 0.151579 0.23198 0.33938 0.474249 0.632503 0.804253 0.973223 1.11773 1.21435 1.24429 1.20018 1.09019 0.936369 0.76857 0.616838 0.506373 0.454346 0.46532 0.530556 0.637476 0.775184 0.931987 1.09234 1.23694 1.34639 1.40659 1.4134 1.374 1.30412 1.22219 1.14339 1.07755 1.03036 1.00392 0.994972 0.99457 0.991244 0.974469 0.935984 0.870319 0.776351 0.658902 0.528498 0.398597 0.281692 0.186076 0.114729 0.0659445 0.0353043 0.017592 0.00814947 0.00345371 0.00136899 0.00050978 9.62678e-05 0 0 0 0 0 0 0 0 0 0 0 0 0 0 0 0 0 0 0 0 0 0 0 0 0 0 0 0 0 0 0 0 0 0 0 0 0 0 0 0 0 0 0 0 0 0 0
0 0 0 0 0 0 0 0 0 0 0 0 0 0 0 0 0 0 0 0 0 0 0 0 0 0 0 0 0 0 0 0 0 0 0 0 0 0 0 0.000334471 0.00086561 0.00208306 0.00467532 0.00980709 0.0193044 0.0357973 0.0627823 0.104513 0.165629 0.250467 0.362089 0.501134 0.664479 0.843577 1.02286 1.17983 1.28857 1.32715 1.28571 1.17142 1.00695 0.823654 0.65338 0.523818 0.45728 0.464962 0.539143 0.662604 0.819897 0.996204 1.17378 1.33193 1.45071 1.5164 1.52577 1.48711 1.41678 1.33292 1.24978 1.17633 1.11816 1.07839 1.05558 1.0426 1.02889 1.00367 0.957749 0.884845 0.783738 0.659837 0.524482 0.391639 0.273793 0.17877 0.108869 0.0617682 0.0326247 0.0160329 0.00732748 0.00311083 0.00115122 0.000386814 8.33374e-05 0 0 0 0 0 0 0 0 0 0 0 0 0 0 0 0 0 0 0 0 0 0 0 0 0 0 0 0 0 0 0 0 0 0 0 0 0 0 0 0 0 0 0 0 0 0 0
0 0 0 0 0 0 0 0 0 0 0 0 0 0 0 0 0 0 0 0 0 0 0 0 0 0 0 0 0 0 0 0 0 0 0 0 0 0 0 0.000334988 0.000872793 0.00211598 0.00478639 0.010115 0.0200336 0.0372944 0.0654453 0.10858 0.170841 0.255748 0.365564 0.500683 0.658709 0.832661 1.00868 1.16526 1.2765 1.31962 1.28375 1.17502 1.01521 0.834662 0.664095 0.53036 0.457138 0.460775 0.537357 0.668021 0.834249 1.01925 1.20442 1.36914 1.49421 1.56686 1.58475 1.55624 1.4967 1.42238 1.34578 1.27519 1.21684 1.1749 1.14885 1.13192 1.11343 1.08196 1.02752 0.943529 0.82939 0.691986 0.544388 0.401881 0.277474 0.178773 0.107321 0.0599739 0.0311754 0.0150672 0.00676831 0.00281553 0.000973472 0.000317337 6.90688e-05 0 0 0 0 0 0 0 0 0 0 0 0 0 0 0 0 0 0 0 0 0 0 0 0 0 0 0 0 0 0 0 0 0 0 0 0 0 0 0 0 0 0 0 0 0 0 0
0 0 0 0 0 0 0 0 0 0 0 0 0 0 0 0 0 0 0 0 0 0 0 0 0 0 0 0 0 0 0 0 0 0 0 0 0 0 0 0.000311981 0.000819404 0.00200376 0.00457335 0.00974609 0.0194412 0.0363724 0.0639565 0.105953 0.165859 0.246256 0.348407 0.472126 0.615364 0.772632 0.932442 1.07597 1.17974 1.22262 1.1942 1.09961 0.958134 0.796633 0.64204 0.518114 0.447352 0.448525 0.521888 0.649703 0.812569 0.993415 1.17457 1.33721 1.4642 1.54439 1.57586 1.56579 1.52687 1.47225 1.41249 1.35608 1.31069 1.28146 1.26733 1.26009 1.24734 1.21614 1.15541 1.05846 0.925987 0.767351 0.598604 0.437574 0.298791 0.190162 0.112637 0.0620371 0.0317471 0.0150889 0.00665866 0.00271904 0.00100715 0.000250016 0 0 0 0 0 0 0 0 0 0 0 0 0 0 0 0 0 0 0 0 0 0 0 0 0 0 0 0 0 0 0 0 0 0 0 0 0 0 0 0 0 0 0 0 0 0 0 0
0 0 0 0 0 0 0 0 0 0 0 0 0 0 0 0 0 0 0 0 0 0 0 0 0 0 0 0 0 0 0 0 0 0 0 0 0 0 0 0.000270666 0.000717464 0.0017729 0.00408258 0.00877769 0.0176416 0.0331863 0.0585207 0.0969297 0.151222 0.223102 0.312902 0.419755 0.541632 0.674218 0.80859 0.929675 1.01821 1.05671 1.03647 0.961627 0.847797 0.71644 0.589 0.484985 0.42457 0.426528 0.49363 0.610668 0.759564 0.924794 1.09127 1.24347 1.3674 1.45392 1.50103 1.51362 1.5006 1.47166 1.43617 1.4039 1.38442 1.3831 1.3967 1.41367 1.41849 1.39575 1.33284 1.22303 1.06884 0.882992 0.685606 0.498216 0.337807 0.213256 0.125159 0.0682239 0.0345136 0.0161959 0.00704783 0.00283618 0.00104972 0.000125301 0 0 0 0 0 0 0 0 0 0 0 0 0 0 0 0 0 0 0 0 0 0 0 0 0 0 0 0 0 0 0 0 0 0 0 0 0 0 0 0 0 0 0 0 0 0 0 0
0 0 0 0 0 0 0 0 0 0 0 0 0 0 0 0 0 0 0 0 0 0 0 0 0 0 0 0 0 0 0 0 0 0 0 0 0 0 0 0.000219102 0.0005868 0.00146509 0.00340743 0.00739182 0.0149679 0.0283145 0.0500977 0.0830526 0.129357 0.190044 0.264796 0.352222 0.450151 0.555011 0.660126 0.754396 0.823633 0.855017 0.842333 0.788834 0.705945 0.608951 0.513261 0.434168 0.389471 0.396263 0.457426 0.560204 0.689288 0.832038 0.976987 1.11266 1.22873 1.31808 1.37836 1.41172 1.42333 1.4203 1.41207 1.41053 1.42686 1.46515 1.51831 1.5703 1.60164 1.59378 1.53225 1.4105 1.23342 1.01778 0.788441 0.571146 0.385786 0.242474 0.141587 0.0767328 0.0385618 0.01796 0.00774399 0.00308022 0.00113995 0.000360898 0 0 0 0 0 0 0 0 0 0 0 0 0 0 0 0 0 0 0 0 0 0 0 0 0 0 0 0 0 0 0 0 0 0 0 0 0 0 0 0 0 0 0 0 0 0 0 0
0 0 0 0 0 0 0 0 0 0 0 0 0 0 0 0 0 0 0 0 0 0 0 0 0 0 0 0 0 0 0 0 0 0 0 0 0 0 0 0.000165801 0.00044881 0.00113257 0.00265996 0.00582067 0.0118729 0.0225886 0.0401264 0.0666731 0.103901 0.152452 0.211738 0.280152 0.35538 0.434187 0.511474 0.579568 0.62915 0.652152 0.645111 0.610637 0.556167 0.491235 0.425936 0.372282 0.346113 0.361843 0.420516 0.510967 0.620953 0.741027 0.8632 0.979839 1.08393 1.17024 1.2362 1.28199 1.3105 1.32804 1.3454 1.37665 1.43312 1.51588 1.61307 1.70406 1.76529 1.77486 1.71644 1.584 1.38531 1.14161 0.882471 0.637631 0.429499 0.269152 0.156674 0.0846198 0.0423663 0.0196493 0.00842715 0.00334605 0.00121625 0.000394184 0 0 0 0 0 0 0 0 0 0 0 0 0 0 0 0 0 0 0 0 0 0 0 0 0 0 0 0 0 0 0 0 0 0 0 0 0 0 0 0 0 0 0 0 0 0 0 0
0 0 0 0 0 0 0 0 0 0 0 0 0 0 0 0 0 0 0 0 0 0 0 0 0 0 0 0 0 0 0 0 0 0 0 0 0 0 0 0 0.000321203 0.000818034 0.00194236 0.00428646 0.00880765 0.0168619 0.030113 0.0502616 0.0786292 0.115732 0.161048 0.213058 0.269406 0.326903 0.381317 0.427395 0.459693 0.474249 0.470145 0.449686 0.417211 0.37781 0.337843 0.30733 0.300594 0.328738 0.39005 0.474315 0.571704 0.675031 0.778611 0.877266 0.966277 1.04205 1.10264 1.14821 1.18184 1.21109 1.24887 1.31022 1.40451 1.52834 1.66535 1.7913 1.87936 1.90462 1.84919 1.70794 1.49182 1.22633 0.945067 0.68066 0.457036 0.285542 0.165739 0.0892664 0.0445678 0.0206027 0.00882028 0.00347734 0.00127397 0.0004183 0 0 0 0 0 0 0 0 0 0 0 0 0 0 0 0 0 0 0 0 0 0 0 0 0 0 0 0 0 0 0 0 0 0 0 0 0 0 0 0 0 0 0 0 0 0 0 0
0 0 0 0 0 0 0 0 0 0 0 0 0 0 0 0 0 0 0 0 0 0 0 0 0 0 0 0 0 0 0 0 0 0 0 0 0 0 0 0 0.000215215 0.00055354 0.00132699 0.00295377 0.00611805 0.0118043 0.0212478 0.0357625 0.0564518 0.0838749 0.117767 0.156872 0.198913 0.240678 0.278325 0.308015 0.326872 0.333888 0.330146 0.318019 0.299944 0.278345 0.257611 0.246964 0.259267 0.301756 0.370161 0.455097 0.548182 0.643069 0.734691 0.818588 0.891069 0.949816 0.994597 1.02771 1.05494 1.08681 1.13817 1.22312 1.34682 1.501 1.66619 1.81633 1.92266 1.95824 1.90445 1.75741 1.53096 1.25389 0.962357 0.690269 0.461694 0.287422 0.166298 0.0893055 0.0444646 0.0205096 0.0087584 0.00345403 0.00126027 0.000417405 0 0 0 0 0 0 0 0 0 0 0 0 0 0 0 0 0 0 0 0 0 0 0 0 0 0 0 0 0 0 0 0 0 0 0 0 0 0 0 0 0 0 0 0 0 0 0 0
0 0 0 0 0 0 0 0 0 0 0 0 0 0 0 0 0 0 0 0 0 0 0 0 0 0 0 0 0 0 0 0 0 0 0 0 0 0 0 0 0.000135009 0.000350708 0.00084909 0.00190825 0.00399198 0.00778663 0.0141904 0.0242255 0.0388551 0.0587177 0.083808 0.113168 0.144708 0.175329 0.201479 0.220118 0.229757 0.231017 0.226206 0.217958 0.207974 0.197654 0.190963 0.197037 0.226646 0.282949 0.360233 0.450055 0.544586 0.637201 0.722237 0.794849 0.851409 0.89051 0.914003 0.927591 0.941281 0.969296 1.02759 1.12735 1.26834 1.43818 1.61602 1.77576 1.88851 1.92706 1.87318 1.72451 1.49685 1.22066 0.932587 0.66594 0.44357 0.275109 0.158641 0.0849429 0.0421829 0.0194121 0.00826755 0.00325677 0.00118755 0.000394529 0 0 0 0 0 0 0 0 0 0 0 0 0 0 0 0 0 0 0 0 0 0 0 0 0 0 0 0 0 0 0 0 0 0 0 0 0 0 0 0 0 0 0 0 0 0 0 0
0 0 0 0 0 0 0 0 0 0 0 0 0 0 0 0 0 0 0 0 0 0 0 0 0 0 0 0 0 0 0 0 0 0 0 0 0 0 0 0 0 0.000208312 0.0005102 0.00116034 0.00246138 0.00487919 0.00906099 0.0158024 0.025937 0.040116 0.0584831 0.0803212 0.103836 0.126278 0.144559 0.156222 0.1604 0.158274 0.152512 0.145888 0.140143 0.136864 0.140641 0.16044 0.203959 0.271265 0.356722 0.452743 0.551367 0.644969 0.726698 0.790815 0.833414 0.853798 0.855823 0.848718 0.846798 0.867618 0.927103 1.03241 1.17824 1.34938 1.52484 1.67974 1.78683 1.82076 1.76521 1.61944 1.40007 1.13701 0.865169 0.615493 0.408605 0.252693 0.145356 0.0776632 0.0384977 0.0176835 0.00751942 0.00296027 0.00107778 0.000358849 0 0 0 0 0 0 0 0 0 0 0 0 0 0 0 0 0 0 0 0 0 0 0 0 0 0 0 0 0 0 0 0 0 0 0 0 0 0 0 0 0 0 0 0 0 0 0 0
0 0 0 0 0 0 0 0 0 0 0 0 0 0 0 0 0 0 0 0 0 0 0 0 0 0 0 0 0 0 0 0 0 0 0 0 0 0 0 0 0 0.000116407 0.000289398 0.000669296 0.00144774 0.00293654 0.00559497 0.0100278 0.0169105 0.0268133 0.039914 0.0556827 0.0726955 0.0887569 0.101421 0.108799 0.110324 0.107112 0.101531 0.0961825 0.0930838 0.0947209 0.106646 0.136795 0.189811 0.264798 0.357219 0.460061 0.564724 0.662049 0.743443 0.801878 0.833057 0.837007 0.819586 0.79316 0.775606 0.786789 0.841805 0.944113 1.08468 1.24646 1.40851 1.54753 1.63928 1.6623 1.60381 1.46488 1.26164 1.02145 0.77541 0.550721 0.365205 0.225721 0.129803 0.0693456 0.0343746 0.0157909 0.00671543 0.00264303 0.000953511 0.000320914 0 0 0 0 0 0 0 0 0 0 0 0 0 0 0 0 0 0 0 0 0 0 0 0 0 0 0 0 0 0 0 0 0 0 0 0 0 0 0 0 0 0 0 0 0 0 0 0
0 0 0 0 0 0 0 0 0 0 0 0 0 0 0 0 0 0 0 0 0 0 0 0 0 0 0 0 0 0 0 0 0 0 0 0 0 0 0 0 0 0 0.000155579 0.000369991 0.00082174 0.00171538 0.00336647 0.00620837 0.0107417 0.0174005 0.0263339 0.0371705 0.0488835 0.0598893 0.0684415 0.0732174 0.0738472 0.0711874 0.067006 0.0634547 0.0627999 0.0685737 0.0868486 0.123824 0.182657 0.263252 0.362369 0.473355 0.58662 0.691016 0.775691 0.83193 0.854918 0.845439 0.811152 0.766832 0.732748 0.730166 0.773704 0.864945 0.99283 1.13885 1.28138 1.39829 1.469 1.47728 1.41507 1.28552 1.10339 0.891947 0.677114 0.48149 0.319948 0.198243 0.114306 0.0612304 0.0304247 0.0140069 0.00596758 0.00235176 0.000851179 0.000286557 0 0 0 0 0 0 0 0 0 0 0 0 0 0 0 0 0 0 0 0 0 0 0 0 0 0 0 0 0 0 0 0 0 0 0 0 0 0 0 0 0 0 0 0 0 0 0 0
0 0 0 0 0 0 0 0 0 0 0 0 0 0 0 0 0 0 0 0 0 0 0 0 0 0 0 0 0 0 0 0 0 0 0 0 0 0 0 0 0 0 8.08254e-05 0.00019812 0.000453757 0.000976328 0.00197125 0.00372543 0.00657596 0.0108187 0.0165609 0.0235638 0.0311577 0.0383183 0.0439277 0.0471662 0.0478414 0.0465181 0.0444047 0.0431712 0.0453106 0.0551101 0.0782205 0.119481 0.182152 0.267463 0.373311 0.493247 0.616625 0.730238 0.82094 0.878424 0.897444 0.879367 0.832901 0.773724 0.722637 0.701245 0.724958 0.796401 0.9047 1.03024 1.15015 1.24275 1.29076 1.2834 1.21764 1.09878 0.939879 0.759411 0.577614 0.412196 0.275144 0.171317 0.0992649 0.0534156 0.0266512 0.0123117 0.00526194 0.00207862 0.000755043 0.000254516 0 0 0 0 0 0 0 0 0 0 0 0 0 0 0 0 0 0 0 0 0 0 0 0 0 0 0 0 0 0 0 0 0 0 0 0 0 0 0 0 0 0 0 0 0 0 0 0
0 0 0 0 0 0 0 0 0 0 0 0 0 0 0 0 0 0 0 0 0 0 0 0 0 0 0 0 0 0 0 0 0 0 0 0 0 0 0 0 0 0 0 0.000102422 0.000243734 0.000538566 0.00111191 0.00213918 0.00382863 0.00636365 0.0098162 0.0140513 0.0186815 0.0231187 0.0267372 0.0291099 0.0301766 0.0302917 0.0302525 0.0315086 0.0368942 0.0508088 0.0778735 0.12226 0.187747 0.276573 0.387503 0.514318 0.645704 0.767081 0.863856 0.924912 0.944959 0.92557 0.875174 0.808345 0.744078 0.702558 0.69998 0.742413 0.822318 0.920969 1.01489 1.08255 1.10903 1.08782 1.02007 0.912866 0.777481 0.627842 0.478671 0.343056 0.230198 0.144127 0.0839584 0.0454004 0.0227501 0.0105491 0.00452271 0.00178452 0.00065284 0.000220395 0 0 0 0 0 0 0 0 0 0 0 0 0 0 0 0 0 0 0 0 0 0 0 0 0 0 0 0 0 0 0 0 0 0 0 0 0 0 0 0 0 0 0 0 0 0 0 0
0 0 0 0 0 0 0 0 0 0 0 0 0 0 0 0 0 0 0 0 0 0 0 0 0 0 0 0 0 0 0 0 0 0 0 0 0 0 0 0 0 0 0 0 0.000126243 0.000284547 0.000596528 0.00116129 0.00209683 0.00351003 0.00544734 0.00784715 0.0105181 0.0131752 0.0155292 0.0174161 0.0188524 0.0200541 0.0216719 0.0253458 0.0342367 0.0521828 0.0827882 0.129741 0.196794 0.286485 0.398156 0.526115 0.659304 0.783197 0.88334 0.949022 0.975299 0.963248 0.919455 0.855473 0.786869 0.730861 0.702436 0.710109 0.751941 0.814363 0.876453 0.917752 0.924714 0.893037 0.826125 0.731774 0.619486 0.499297 0.381166 0.274112 0.184756 0.116222 0.06801 0.0369289 0.0185706 0.00863878 0.00370227 0.00147001 0.000538695 0 0 0 0 0 0 0 0 0 0 0 0 0 0 0 0 0 0 0 0 0 0 0 0 0 0 0 0 0 0 0 0 0 0 0 0 0 0 0 0 0 0 0 0 0 0 0 0 0
0 0 0 0 0 0 0 0 0 0 0 0 0 0 0 0 0 0 0 0 0 0 0 0 0 0 0 0 0 0 0 0 0 0 0 0 0 0 0 0 0 0 0 0 0 0.000142165 0.000301016 0.000590537 0.00107313 0.00180711 0.00282405 0.00410749 0.00558691 0.00716039 0.00873748 0.010293 0.0118767 0.0136739 0.0165042 0.022417 0.0345166 0.0558818 0.0893868 0.138016 0.204686 0.291424 0.397764 0.518975 0.645534 0.764758 0.864135 0.934533 0.971433 0.974418 0.946689 0.895697 0.833266 0.773287 0.727619 0.703493 0.702719 0.720111 0.74277 0.754516 0.743068 0.704241 0.641197 0.560913 0.470896 0.377972 0.288366 0.207724 0.140418 0.0886266 0.052036 0.0283406 0.014292 0.00666424 0.00286421 0.00113917 0.000418059 0 0 0 0 0 0 0 0 0 0 0 0 0 0 0 0 0 0 0 0 0 0 0 0 0 0 0 0 0 0 0 0 0 0 0 0 0 0 0 0 0 0 0 0 0 0 0 0 0
0 0 0 0 0 0 0 0 0 0 0 0 0 0 0 0 0 0 0 0 0 0 0 0 0 0 0 0 0 0 0 0 0 0 0 0 0 0 0 0 0 0 0 0 0 0 0.000141834 0.000279886 0.00051168 0.000868145 0.00137153 0.0020288 0.00283338 0.00377607 0.00485091 0.00609563 0.0075933 0.00963682 0.0133846 0.0210768 0.0354167 0.0589721 0.0940867 0.14279 0.20665 0.286517 0.381695 0.488719 0.600719 0.708486 0.80293 0.877182 0.926777 0.948772 0.942281 0.910722 0.862821 0.809582 0.759024 0.714377 0.677104 0.648578 0.627133 0.605677 0.575361 0.53118 0.47395 0.408149 0.338827 0.27013 0.205477 0.147972 0.100155 0.0633372 0.0372702 0.0203443 0.0102802 0.00479349 0.00206836 0.000823739 0.000302645 0 0 0 0 0 0 0 0 0 0 0 0 0 0 0 0 0 0 0 0 0 0 0 0 0 0 0 0 0 0 0 0 0 0 0 0 0 0 0 0 0 0 0 0 0 0 0 0 0
0 0 0 0 0 0 0 0 0 0 0 0 0 0 0 0 0 0 0 0 0 0 0 0 0 0 0 0 0 0 0 0 0 0 0 0 0 0 0 0 0 0 0 0 0 0 0 3.40285e-05 0.000227509 0.000390723 0.000629196 0.000958774 0.00139766 0.00196788 0.00268557 0.00361378 0.00477023 0.00705842 0.01141 0.0200361 0.0352538 0.059335 0.0941473 0.140765 0.199356 0.269317 0.349427 0.437462 0.529738 0.621423 0.70753 0.783444 0.844158 0.883858 0.898064 0.88733 0.858283 0.819336 0.774549 0.722765 0.663071 0.599383 0.538479 0.484094 0.434261 0.384735 0.333375 0.281029 0.22976 0.181345 0.137172 0.0985524 0.0666869 0.0421993 0.024868 0.013595 0.00686983 0.00321393 0.00138851 0.000553606 0 0 0 0 0 0 0 0 0 0 0 0 0 0 0 0 0 0 0 0 0 0 0 0 0 0 0 0 0 0 0 0 0 0 0 0 0 0 0 0 0 0 0 0 0 0 0 0 0 0
0 0 0 0 0 0 0 0 0 0 0 0 0 0 0 0 0 0 0 0 0 0 0 0 0 0 0 0 0 0 0 0 0 0 0 0 0 0 0 0 0 0 0 0 0 0 0 0 3.12346e-05 5.97435e-05 0.000276873 0.000441886 0.000682202 0.00102052 0.00147018 0.00211874 0.00304368 0.00538646 0.0098724 0.0184518 0.033155 0.0559827 0.0883639 0.130612 0.181816 0.240171 0.30387 0.37164 0.442753 0.516588 0.591953 0.665903 0.732582 0.783966 0.81361 0.820803 0.810776 0.789258 0.756501 0.707774 0.640248 0.558307 0.472476 0.393544 0.326932 0.271857 0.224933 0.183597 0.146793 0.114164 0.0855862 0.0612055 0.0413362 0.0261441 0.0154178 0.00842747 0.00427004 0.00199986 0.000864906 0.000345186 0 0 0 0 0 0 0 0 0 0 0 0 0 0 0 0 0 0 0 0 0 0 0 0 0 0 0 0 0 0 0 0 0 0 0 0 0 0 0 0 0 0 0 0 0 0 0 0 0 0
0 0 0 0 0 0 0 0 0 0 0 0 0 0 0 0 0 0 0 0 0 0 0 0 0 0 0 0 0 0 0 0 0 0 0 0 0 0 0 0 0 0 0 0 0 0 0 0 0 0 5.05118e-05 9.25395e-05 0.000163617 0.000520928 0.000780143 0.00110049 0.00196356 0.00419859 0.00832742 0.0160432 0.0290532 0.0491174 0.0772274 0.113233 0.155608 0.201938 0.250048 0.299298 0.35104 0.407768 0.470973 0.538617 0.604245 0.659127 0.696766 0.716464 0.722291 0.717164 0.698001 0.657872 0.593167 0.508336 0.41481 0.32576 0.250577 0.192228 0.148441 0.115113 0.0888622 0.0675415 0.0499279 0.0354247 0.0238344 0.0150607 0.00886352 0.00485422 0.00246165 0.00115399 0.000499541 0 0 0 0 0 0 0 0 0 0 0 0 0 0 0 0 0 0 0 0 0 0 0 0 0 0 0 0 0 0 0 0 0 0 0 0 0 0 0 0 0 0 0 0 0 0 0 0 0 0 0
0 0 0 0 0 0 0 0 0 0 0 0 0 0 0 0 0 0 0 0 0 0 0 0 0 0 0 0 0 0 0 0 0 0 0 0 0 0 0 0 0 0 0 0 0 0 0 0 0 0 0 4.51723e-05 8.35626e-05 0.000146043 0.000238938 0.000363649 0.00117975 0.00314899 0.00661887 0.0129814 0.0236462 0.0399431 0.0626123 0.0912885 0.124321 0.159238 0.193894 0.228022 0.264016 0.305947 0.356529 0.414067 0.472262 0.523246 0.56186 0.588003 0.604511 0.611686 0.604148 0.574212 0.518428 0.441232 0.353516 0.268074 0.19488 0.138525 0.0984016 0.070844 0.0517118 0.0378533 0.0273382 0.0191429 0.0127799 0.00805026 0.00473282 0.00259298 0.00131582 0.000617321 0 0 0 0 0 0 0 0 0 0 0 0 0 0 0 0 0 0 0 0 0 0 0 0 0 0 0 0 0 0 0 0 0 0 0 0 0 0 0 0 0 0 0 0 0 0 0 0 0 0 0 0
0 0 0 0 0 0 0 0 0 0 0 0 0 0 0 0 0 0 0 0 0 0 0 0 0 0 0 0 0 0 0 0 0 0 0 0 0 0 0 0 0 0 0 0 0 0 0 0 0 0 0 0 0 0 0.000120169 0.000183963 0.000832784 0.00181209 0.00495308 0.00974965 0.0177868 0.030027 0.0469762 0.0682381 0.0923571 0.117241 0.141072 0.163819 0.188066 0.218042 0.256479 0.301818 0.348686 0.391076 0.425671 0.452922 0.474425 0.488489 0.488789 0.468121 0.423751 0.359836 0.285885 0.212937 0.149785 0.100909 0.0665125 0.0439635 0.0296552 0.0204448 0.0141813 0.0097018 0.0064012 0.00397708 0.00234399 0.00128435 0.000652091 0 0 0 0 0 0 0 0 0 0 0 0 0 0 0 0 0 0 0 0 0 0 0 0 0 0 0 0 0 0 0 0 0 0 0 0 0 0 0 0 0 0 0 0 0 0 0 0 0 0 0 0 0
0 0 0 0 0 0 0 0 0 0 0 0 0 0 0 0 0 0 0 0 0 0 0 0 0 0 0 0 0 0 0 0 0 0 0 0 0 0 0 0 0 0 0 0 0 0 0 0 0 0 0 0 0 0 0 0 0 0.00122494 0.0034277 0.00676561 0.0123459 0.0208428 0.0325705 0.0472025 0.0636386 0.0803094 0.0959233 0.110573 0.126508 0.147243 0.174863 0.207967 0.242558 0.274695 0.302704 0.327274 0.348899 0.364829 0.369011 0.355561 0.322619 0.273767 0.216644 0.159943 0.110596 0.0722467 0.045262 0.0278088 0.0172056 0.010926 0.00711544 0.0046722 0.00301064 0.00182882 0.00107678 0.000589939 0 0 0 0 0 0 0 0 0 0 0 0 0 0 0 0 0 0 0 0 0 0 0 0 0 0 0 0 0 0 0 0 0 0 0 0 0 0 0 0 0 0 0 0 0 0 0 0 0 0 0 0 0 0
0 0 0 0 0 0 0 0 0 0 0 0 0 0 0 0 0 0 0 0 0 0 0 0 0 0 0 0 0 0 0 0 0 0 0 0 0 0 0 0 0 0 0 0 0 0 0 0 0 0 0 0 0 0 0 0 0 0.00077744 0.00161435 0.00433469 0.00791109 0.0133509 0.02085 0.0301764 0.0405936 0.0510575 0.0607616 0.0698667 0.0800785 0.0938913 0.112591 0.135051 0.158653 0.181182 0.20206 0.2219 0.240427 0.254702 0.259771 0.251361 0.228392 0.193706 0.152935 0.112375 0.0770144 0.0494911 0.0301148 0.0176325 0.0101698 0.00592789 0.00354727 0.00218209 0.00134726 0.000780277 0.000458767 0 0 0 0 0 0 0 0 0 0 0 0 0 0 0 0 0 0 0 0 0 0 0 0 0 0 0 0 0 0 0 0 0 0 0 0 0 0 0 0 0 0 0 0 0 0 0 0 0 0 0 0 0 0 0
0 0 0 0 0 0 0 0 0 0 0 0 0 0 0 0 0 0 0 0 0 0 0 0 0 0 0 0 0 0 0 0 0 0 0 0 0 0 0 0 0 0 0 0 0 0 0 0 0 0 0 0 0 0 0 0 0 0 0.000944535 0.00256083 0.00467499 0.00789007 0.0123188 0.0178173 0.0239402 0.0300615 0.0357615 0.0412048 0.0475412 0.0563233 0.0682241 0.0824341 0.0974413 0.112203 0.126688 0.141267 0.155287 0.16622 0.170502 0.165355 0.150272 0.127319 0.100323 0.0734837 0.0501016 0.0319061 0.0191057 0.0108795 0.00599412 0.00326731 0.00179618 0.00101677 0.000587016 0 0 0 0 0 0 0 0 0 0 0 0 0 0 0 0 0 0 0 0 0 0 0 0 0 0 0 0 0 0 0 0 0 0 0 0 0 0 0 0 0 0 0 0 0 0 0 0 0 0 0 0 0 0 0 0 0
0 0 0 0 0 0 0 0 0 0 0 0 0 0 0 0 0 0 0 0 0 0 0 0 0 0 0 0 0 0 0 0 0 0 0 0 0 0 0 0 0 0 0 0 0 0 0 0 0 0 0 0 0 0 0 0 0 0 0 0.000975043 0.00254739 0.00430024 0.00671434 0.0097099 0.0130436 0.0163814 0.0195204 0.0226306 0.0263945 0.0316816 0.0387814 0.0471903 0.0561493 0.0652582 0.0746651 0.0845002 0.0940378 0.101423 0.104367 0.101252 0.0919074 0.0777226 0.0611025 0.0446347 0.0303183 0.0191973 0.0113862 0.00638054 0.00342153 0.00178625 0.000920333 0.000392813 0.000180036 0 0 0 0 0 0 0 0 0 0 0 0 0 0 0 0 0 0 0 0 0 0 0 0 0 0 0 0 0 0 0 0 0 0 0 0 0 0 0 0 0 0 0 0 0 0 0 0 0 0 0 0 0 0 0 0 0
0 0 0 0 0 0 0 0 0 0 0 0 0 0 0 0 0 0 0 0 0 0 0 0 0 0 0 0 0 0 0 0 0 0 0 0 0 0 0 0 0 0 0 0 0 0 0 0 0 0 0 0 0 0 0 0 0 0 0 0 0.0008552 0.00216115 0.00337532 0.00488241 0.00656189 0.00825315 0.00986262 0.0115545 0.0136741 0.0166641 0.0206296 0.0252984 0.0303385 0.0356585 0.0413878 0.0475106 0.053408 0.0578814 0.0596096 0.0577411 0.0522767 0.0440795 0.0345562 0.0251673 0.0170375 0.0107403 0.00632969 0.0034899 0.00182945 0.000918937 0.000442495 0.000208822 0 0 0 0 0 0 0 0 0 0 0 0 0 0 0 0 0 0 0 0 0 0 0 0 0 0 0 0 0 0 0 0 0 0 0 0 0 0 0 0 0 0 0 0 0 0 0 0 0 0 0 0 0 0 0 0 0 0
0 0 0 0 0 0 0 0 0 0 0 0 0 0 0 0 0 0 0 0 0 0 0 0 0 0 0 0 0 0 0 0 0 0 0 0 0 0 0 0 0 0 0 0 0 0 0 0 0 0 0 0 0 0 0 0 0 0 0 0 0 0.000637461 0.00156476 0.00226473 0.00304716 0.00384256 0.00461957 0.00545916 0.00659692 0.00817888 0.0102481 0.0126846 0.0153694 0.0183115 0.021588 0.0251075 0.028444 0.0309035 0.0317832 0.030689 0.0276764 0.0232442 0.0181529 0.0131733 0.00888448 0.00557682 0.00326717 0.00179615 0.000934139 0.000464501 0.000220527 0.000103021 0 0 0 0 0 0 0 0 0 0 0 0 0 0 0 0 0 0 0 0 0 0 0 0 0 0 0 0 0 0 0 0 0 0 0 0 0 0 0 0 0 0 0 0 0 0 0 0 0 0 0 0 0 0 0 0 0 0
0 0 0 0 0 0 0 0 0 0 0 0 0 0 0 0 0 0 0 0 0 0 0 0 0 0 0 0 0 0 0 0 0 0 0 0 0 0 0 0 0 0 0 0 0 0 0 0 0 0 0 0 0 0 0 0 0 0 0 0 0 0 0.000404201 0.000968964 0.00130591 0.00165293 0.00200308 0.00239779 0.00295226 0.00373677 0.00474851 0.00594275 0.00729825 0.0088381 0.0105897 0.0124671 0.0142052 0.0154365 0.0158304 0.015213 0.0136491 0.0114058 0.00886508 0.00640594 0.00430252 0.00269009 0.001569 0.000857652 0.000442688 0.000218 0.000101967 0 0 0 0 0 0 0 0 0 0 0 0 0 0 0 0 0 0 0 0 0 0 0 0 0 0 0 0 0 0 0 0 0 0 0 0 0 0 0 0 0 0 0 0 0 0 0 0 0 0 0 0 0 0 0 0 0 0 0
0 0 0 0 0 0 0 0 0 0 0 0 0 0 0 0 0 0 0 0 0 0 0 0 0 0 0 0 0 0 0 0 0 0 0 0 0 0 0 0 0 0 0 0 0 0 0 0 0 0 0 0 0 0 0 0 0 0 0 0 0 0 0 0 0.000282448 0.000656909 0.000803983 0.000978316 0.00121531 0.0015758 0.00204718 0.00260172 0.00324637 0.00400755 0.00488255 0.00580913 0.0066469 0.00721476 0.00736582 0.0070382 0.0062743 0.00521089 0.00402835 0.00289486 0.00193574 0.00120467 0.000699176 0.000379975 0.000194688 9.25658e-05 4.37202e-05 0 0 0 0 0 0 0 0 0 0 0 0 0 0 0 0 0 0 0 0 0 0 0 0 0 0 0 0 0 0 0 0 0 0 0 0 0 0 0 0 0 0 0 0 0 0 0 0 0 0 0 0 0 0 0 0 0 0 0
0 0 0 0 0 0 0 0 0 0 0 0 0 0 0 0 0 0 0 0 0 0 0 0 0 0 0 0 0 0 0 0 0 0 0 0 0 0 0 0 0 0 0 0 0 0 0 0 0 0 0 0 0 0 0 0 0 0 0 0 0 0 0 0 0 0 0.00014647 0.000370233 0.000469142 0.000610778 0.000805973 0.00106149 0.00134926 0.00170417 0.00211294 0.00253752 0.00291016 0.00315197 0.00320136 0.00303966 0.00269159 0.00221756 0.00170311 0.00121668 0.000809316 0.0005009 0.000289104 0.000156147 7.94047e-05 3.70619e-05 0 0 0 0 0 0 0 0 0 0 0 0 0 0 0 0 0 0 0 0 0 0 0 0 0 0 0 0 0 0 0 0 0 0 0 0 0 0 0 0 0 0 0 0 0 0 0 0 0 0 0 0 0 0 0 0 0 0 0 0
0 0 0 0 0 0 0 0 0 0 0 0 0 0 0 0 0 0 0 0 0 0 0 0 0 0 0 0 0 0 0 0 0 0 0 0 0 0 0 0 0 0 0 0 0 0 0 0 0 0 0 0 0 0 0 0 0 0 0 0 0 0 0 0 0 0 0 0 0 0.000198308 0.000288482 0.000361884 0.000527542 0.000677724 0.000844037 0.00102814 0.00118922 0.00128612 0.00129239 0.00122229 0.00107611 0.000881535 0.000671931 0.000476645 0.000314679 0.000193419 0.000111122 5.95581e-05 2.84103e-05 0 0 0 0 0 0 0 0 0 0 0 0 0 0 0 0 0 0 0 0 0 0 0 0 0 0 0 0 0 0 0 0 0 0 0 0 0 0 0 0 0 0 0 0 0 0 0 0 0 0 0 0 0 0 0 0 0 0 0 0 0
0 0 0 0 0 0 0 0 0 0 0 0 0 0 0 0 0 0 0 0 0 0 0 0 0 0 0 0 0 0 0 0 0 0 0 0 0 0 0 0 0 0 0 0 0 0 0 0 0 0 0 0 0 0 0 0 0 0 0 0 0 0 0 0 0 0 0 0 0 0 0 6.33681e-05 0.000102331 0.000219543 0.000299525 0.000378578 0.000445286 0.000484554 0.000489625 0.000459741 0.000401396 0.000326015 0.000246379 0.000173753 0.000113888 6.95309e-05 3.95805e-05 2.1055e-05 0 0 0 0 0 0 0 0 0 0 0 0 0 0 0 0 0 0 0 0 0 0 0 0 0 0 0 0 0 0 0 0 0 0 0 0 0 0 0 0 0 0 0 0 0 0 0 0 0 0 0 0 0 0 0 0 0 0 0 0 0 0
0 0 0 0 0 0 0 0 0 0 0 0 0 0 0 0 0 0 0 0 0 0 0 0 0 0 0 0 0 0 0 0 0 0 0 0 0 0 0 0 0 0 0 0 0 0 0 0 0 0 0 0 0 0 0 0 0 0 0 0 0 0 0 0 0 0 0 0 0 0 0 0 0 5.75008e-05 7.94437e-05 0.000136233 0.000159015 0.000172012 0.000173497 0.000161789 0.000140188 0.000112947 8.46539e-05 5.90391e-05 3.83148e-05 2.32679e-05 1.31388e-05 0 0 0 0 0 0 0 0 0 0 0 0 0 0 0 0 0 0 0 0 0 0 0 0 0 0 0 0 0 0 0 0 0 0 0 0 0 0 0 0 0 0 0 0 0 0 0 0 0 0 0 0 0 0 0 0 0 0 0 0 0 0 0
0 0 0 0 0 0 0 0 0 0 0 0 0 0 0 0 0 0 0 0 0 0 0 0 0 0 0 0 0 0 0 0 0 0 0 0 0 0 0 0 0 0 0 0 0 0 0 0 0 0 0 0 0 0 0 0 0 0 0 0 0 0 0 0 0 0 0 0 0 0 0 0 0 0 2.74811e-05 3.50286e-05 4.1285e-05 4.50236e-05 4.54686e-05 5.2722e-05 4.52904e-05 3.65042e-05 2.7137e-05 1.8767e-05 1.13739e-05 6.84593e-06 0 0 0 0 0 0 0 0 0 0 0 0 0 0 0 0 0 0 0 0 0 0 0 0 0 0 0 0 0 0 0 0 0 0 0 0 0 0 0 0 0 0 0 0 0 0 0 0 0 0 0 0 0 0 0 0 0 0 0 0 0 0 0 0
0 0 0 0 0 0 0 0 0 0 0 0 0 0 0 0 0 0 0 0 0 0 0 0 0 0 0 0 0 0 0 0 0 0 0 0 0 0 0 0 0 0 0 0 0 0 0 0 0 0 0 0 0 0 0 0 0 0 0 0 0 0 0 0 0 0 0 0 0 0 0 0 0 0 0 0 0 1.42473e-05 1.43141e-05 1.33163e-05 1.14801e-05 9.17944e-06 6.81261e-06 4.69578e-06 2.1475e-06 0 0 0 0 0 0 0 0 0 0 0 0 0 0 0 0 0 0 0 0 0 0 0 0 0 0 0 0 0 0 0 0 0 0 0 0 0 0 0 0 0 0 0 0 0 0 0 0 0 0 0 0 0 0 0 0 0 0 0 0 0 0 0 0 0
0 0 0 0 0 0 0 0 0 0 0 0 0 0 0 0 0 0 0 0 0 0 0 0 0 0 0 0 0 0 0 0 0 0 0 0 0 0 0 0 0 0 0 0 0 0 0 0 0 0 0 0 0 0 0 0 0 0 0 0 0 0 0 0 0 0 0 0 0 0 0 0 0 0 0 0 0 0 0 0 0 2.27766e-06 1.61869e-06 1.06021e-06 0 0 0 0 0 0 0 0 0 0 0 0 0 0 0 0 0 0 0 0 0 0 0 0 0 0 0 0 0 0 0 0 0 0 0 0 0 0 0 0 0 0 0 0 0 0 0 0 0 0 0 0 0 0 0 0 0 0 0 0 0 0 0 0 0 0
0 0 0 0 0 0 0 0 0 0 0 0 0 0 0 0 0 0 0 0 0 0 0 0 0 0 0 0 0 0 0 0 0 0 0 0 0 0 0 0 0 0 0 0 0 0 0 0 0 0 0 0 0 0 0 0 0 0 0 0 0 0 0 0 0 0 0 0 0 0 0 0 0 0 0 0 0 0 0 0 0 0 0 0 0 0 0 0 0 0 0 0 0 0 0 0 0 0 0 0 0 0 0 0 0 0 0 0 0 0 0 0 0 0 0 0 0 0 0 0 0 0 0 0 0 0 0 0 0 0 0 0 0 0 0 0 0 0 0 0 0 0 0 0 0 0 0 0 0 0
0 0 0 0 0 0 0 0 0 0 0 0 0 0 0 0 0 0 0 0 0 0 0 0 0 0 0 0 0 0 0 0 0 0 0 0 0 0 0 0 0 0 0 0 0 0 0 0 0 0 0 0 0 0 0 0 0 0 0 0 0 0 0 0 0 0 0 0 0 0 0 0 0 0 0 0 0 0 0 0 0 0 0 0 0 0 0 0 0 0 0 0 0 0 0 0 0 0 0 0 0 0 0 0 0 0 0 0 0 0 0 0 0 0 0 0 0 0 0 0 0 0 0 0 0 0 0 0 0 0 0 0 0 0 0 0 0 0 0 0 0 0 0 0 0 0 0 0 0 0
0 0 0 0 0 0 0 0 0 0 0 0 0 0 0 0 0 0 0 0 0 0 0 0 0 0 0 0 0 0 0 0 0 0 0 0 0 0 0 0 0 0 0 0 0 0 0 0 0 0 0 0 0 0 0 0 0 0 0 0 0 0 0 0 0 0 0 0 0 0 0 0 0 0 0 0 0 0 0 0 0 0 0 0 0 0 0 0 0 0 0 0 0 0 0 0 0 0 0 0 0 0 0 0 0 0 0 0 0 0 0 0 0 0 0 0 0 0 0 0 0 0 0 0 0 0 0 0 0 0 0 0 0 0 0 0 0 0 0 0 0 0 0 0 0 0 0 0 0 0
0 0 0 0 0 0 0 0 0 0 0 0 0 0 0 0 0 0 0 0 0 0 0 0 0 0 0 0 0 0 0 0 0 0 0 0 0 0 0 0 0 0 0 0 0 0 0 0 0 0 0 0 0 0 0 0 0 0 0 0 0 0 0 0 0 0 0 0 0 0 0 0 0 0 0 0 0 0 0 0 0 0 0 0 0 0 0 0 0 0 0 0 0 0 0 0 0 0 0 0 0 0 0 0 0 0 0 0 0 0 0 0 0 0 0 0 0 0 0 0 0 0 0 0 0 0 0 0 0 0 0 0 0 0 0 0 0 0 0 0 0 0 0 0 0 0 0 0 0 0
0 0 0 0 0 0 0 0 0 0 0 0 0 0 0 0 0 0 0 0 0 0 0 0 0 0 0 0 0 0 0 0 0 0 0 0 0 0 0 0 0 0 0 0 0 0 0 0 0 0 0 0 0 0 0 0 0 0 0 0 0 0 0 0 0 0 0 0 0 0 0 0 0 0 0 0 0 0 0 0 0 0 0 0 0 0 0 0 0 0 0 0 0 0 0 0 0 0 0 0 0 0 0 0 0 0 0 0 0 0 0 0 0 0 0 0 0 0 0 0 0 0 0 0 0 0 0 0 0 0 0 0 0 0 0 0 0 0 0 0 0 0 0 0 0 0 0 0 0 0
0 0 0 0 0 0 0 0 0 0 0 0 0 0 0 0 0 0 0 0 0 0 0 0 0 0 0 0 0 0 0 0 0 0 0 0 0 0 0 0 0 0 0 0 0 0 0 0 0 0 0 0 0 0 0 0 0 0 0 0 0 0 0 0 0 0 0 0 0 0 0 0 0 0 0 0 0 0 0 0 0 0 0 0 0 0 0 0 0 0 0 0 0 0 0 0 0 0 0 0 0 0 0 0 0 0 0 0 0 0 0 0 0 0 0 0 0 0 0 0 0 0 0 0 0 0 0 0 0 0 0 0 0 0 0 0 0 0 0 0 0 0 0 0 0 0 0 0 0 0
0 0 0 0 0 0 0 0 0 0 0 0 0 0 0 0 0 0 0 0 0 0 0 0 0 0 0 0 0 0 0 0 0 0 0 0 0 0 0 0 0 0 0 0 0 0 0 0 0 0 0 0 0 0 0 0 0 0 0 0 0 0 0 0 0 0 0 0 0 0 0 0 0 0 0 0 0 0 0 0 0 0 0 0 0 0 0 0 0 0 0 0 0 0 0 0 0 0 0 0 0 0 0 0 0 0 0 0 0 0 0 0 0 0 0 0 0 0 0 0 0 0 0 0 0 0 0 0 0 0 0 0 0 0 0 0 0 0 0 0 0 0 0 0 0 0 0 0 0 0
0 0 0 0 0 0 0 0 0 0 0 0 0 0 0 0 0 0 0 0 0 0 0 0 0 0 0 0 0 0 0 0 0 0 0 0 0 0 0 0 0 0 0 0 0 0 0 0 0 0 0 0 0 0 0 0 0 0 0 0 0 0 0 0 0 0 0 0 0 0 0 0 0 0 0 0 0 0 0 0 0 0 0 0 0 0 0 0 0 0 0 0 0 0 0 0 0 0 0 0 0 0 0 0 0 0 0 0 0 0 0 0 0 0 0 0 0 0 0 0 0 0 0 0 0 0 0 0 0 0 0 0 0 0 0 0 0 0 0 0 0 0 0 0 0 0 0 0 0 0
0 0 0 0 0 0 0 0 0 0 0 0 0 0 0 0 0 0 0 0 0 0 0 0 0 0 0 0 0 0 0 0 0 0 0 0 0 0 0 0 0 0 0 0 0 0 0 0 0 0 0 0 0 0 0 0 0 0 0 0 0 0 0 0 0 0 0 0 0 0 0 0 0 0 0 0 0 0 0 0 0 0 0 0 0 0 0 0 0 0 0 0 0 0 0 0 0 0 0 0 0 0 0 0 0 0 0 0 0 0 0 0 0 0 0 0 0 0 0 0 0 0 0 0 0 0 0 0 0 0 0 0 0 0 0 0 0 0 0 0 0 0 0 0 0 0 0 0 0 0
0 0 0 0 0 0 0 0 0 0 0 0 0 0 0 0 0 0 0 0 0 0 0 0 0 0 0 0 0 0 0 0 0 0 0 0 0 0 0 0 0 0 0 0 0 0 0 0 0 0 0 0 0 0 0 0 0 0 0 0 0 0 0 0 0 0 0 0 0 0 0 0 0 0 0 0 0 0 0 0 0 0 0 0 0 0 0 0 0 0 0 0 0 0 0 0 0 0 0 0 0 0 0 0 0 0 0 0 0 0 0 0 0 0 0 0 0 0 0 0 0 0 0 0 0 0 0 0 0 0 0 0 0 0 0 0 0 0 0 0 0 0 0 0 0 0 0 0 0 0
0 0 0 0 0 0 0 0 0 0 0 0 0 0 0 0 0 0 0 0 0 0 0 0 0 0 0 0 0 0 0 0 0 0 0 0 0 0 0 0 0 0 0 0 0 0 0 0 0 0 0 0 0 0 0 0 0 0 0 0 0 0 0 0 0 0 0 0 0 0 0 0 0 0 0 0 0 0 0 0 0 0 0 0 0 0 0 0 0 0 0 0 0 0 0 0 0 0 0 0 0 0 0 0 0 0 0 0 0 0 0 0 0 0 0 0 0 0 0 0 0 0 0 0 0 0 0 0 0 0 0 0 0 0 0 0 0 0 0 0 0 0 0 0 0 0 0 0 0 0
0 0 0 0 0 0 0 0 0 0 0 0 0 0 0 0 0 0 0 0 0 0 0 0 0 0 0 0 0 0 0 0 0 0 0 0 0 0 0 0 0 0 0 0 0 0 0 0 0 0 0 0 0 0 0 0 0 0 0 0 0 0 0 0 0 0 0 0 0 0 0 0 0 0 0 0 0 0 0 0 0 0 0 0 0 0 0 0 0 0 0 0 0 0 0 0 0 0 0 0 0 0 0 0 0 0 0 0 0 0 0 0 0 0 0 0 0 0 0 0 0 0 0 0 0 0 0 0 0 0 0 0 0 0 0 0 0 0 0 0 0 0 0 0 0 0 0 0 0 0
0 0 0 0 0 0 0 0 0 0 0 0 0 0 0 0 0 0 0 0 0 0 0 0 0 0 0 0 0 0 0 0 0 0 0 0 0 0 0 0 0 0 0 0 0 0 0 0 0 0 0 0 0 0 0 0 0 0 0 0 0 0 0 0 0 0 0 0 0 0 0 0 0 0 0 0 0 0 0 0 0 0 0 0 0 0 0 0 0 0 0 0 0 0 0 0 0 0 0 0 0 0 0 0 0 0 0 0 0 0 0 0 0 0 0 0 0 0 0 0 0 0 0 0 0 0 0 0 0 0 0 0 0 0 0 0 0 0 0 0 0 0 0 0 0 0 0 0 0 0
0 0 0 0 0 0 0 0 0 0 0 0 0 0 0 0 0 0 0 0 0 0 0 0 0 0 0 0 0 0 0 0 0 0 0 0 0 0 0 0 0 0 0 0 0 0 0 0 0 0 0 0 0 0 0 0 0 0 0 0 0 0 0 0 0 0 0 0 0 0 0 0 0 0 0 0 0 0 0 0 0 0 0 0 0 0 0 0 0 0 0 0 0 0 0 0 0 0 0 0 0 0 0 0 0 0 0 0 0 0 0 0 0 0 0 0 0 0 0 0 0 0 0 0 0 0 0 0 0 0 0 0 0 0 0 0 0 0 0 0 0 0 0 0 0 0 0 0 0 0
0 0 0 0 0 0 0 0 0 0 0 0 0 0 0 0 0 0 0 0 0 0 0 0 0 0 0 0 0 0 0 0 0 0 0 0 0 0 0 0 0 0 0 0 0 0 0 0 0 0 0 0 0 0 0 0 0 0 0 0 0 0 0 0 0 0 0 0 0 0 0 0 0 0 0 0 0 0 0 0 0 0 0 0 0 0 0 0 0 0 0 0 0 0 0 0 0 0 0 0 0 0 0 0 0 0 0 0 0 0 0 0 0 0 0 0 0 0 0 0 0 0 0 0 0 0 0 0 0 0 0 0 0 0 0 0 0 0 0 0 0 0 0 0 0 0 0 0 0 0
0 0 0 0 0 0 0 0 0 0 0 0 0 0 0 0 0 0 0 0 0 0 0 0 0 0 0 0 0 0 0 0 0 0 0 0 0 0 0 0 0 0 0 0 0 0 0 0 0 0 0 0 0 0 0 0 0 0 0 0 0 0 0 0 0 0 0 0 0 0 0 0 0 0 0 0 0 0 0 0 0 0 0 0 0 0 0 0 0 0 0 0 0 0 0 0 0 0 0 0 0 0 0 0 0 0 0 0 0 0 0 0 0 0 0 0 0 0 0 0 0 0 0 0 0 0 0 0 0 0 0 0 0 0 0 0 0 0 0 0 0 0 0 0 0 0 0 0 0 0
0 0 0 0 0 0 0 0 0 0 0 0 0 0 0 0 0 0 0 0 0 0 0 0 0 0 0 0 0 0 0 0 0 0 0 0 0 0 0 0 0 0 0 0 0 0 0 0 0 0 0 0 0 0 0 0 0 0 0 0 0 0 0 0 0 0 0 0 0 0 0 0 0 0 0 0 0 0 0 0 0 0 0 0 0 0 0 0 0 0 0 0 0 0 0 0 0 0 0 0 0 0 0 0 0 0 0 0 0 0 0 0 0 0 0 0 0 0 0 0 0 0 0 0 0 0 0 0 0 0 0 0 0 0 0 0 0 0 0 0 0 0 0 0 0 0 0 0 0 0
0 0 0 0 0 0 0 0 0 0 0 0 0 0 0 0 0 0 0 0 0 0 0 0 0 0 0 0 0 0 0 0 0 0 0 0 0 0 0 0 0 0 0 0 0 0 0 0 0 0 0 0 0 0 0 0 0 0 0 0 0 0 0 0 0 0 0 0 0 0 0 0 0 0 0 0 0 0 0 0 0 0 0 0 0 0 0 0 0 0 0 0 0 0 0 0 0 0 0 0 0 0 0 0 0 0 0 0 0 0 0 0 0 0 0 0 0 0 0 0 0 0 0 0 0 0 0 0 0 0 0 0 0 0 0 0 0 0 0 0 0 0 0 0 0 0 0 0 0 0
0 0 0 0 0 0 0 0 0 0 0 0 0 0 0 0 0 0 0 0 0 0 0 0 0 0 0 0 0 0 0 0 0 0 0 0 0 0 0 0 0 0 0 0 0 0 0 0 0 0 0 0 0 0 0 0 0 0 0 0 0 0 0 0 0 0 0 0 0 0 0 0 0 0 0 0 0 0 0 0 0 0 0 0 0 0 0 0 0 0 0 0 0 0 0 0 0 0 0 0 0 0 0 0 0 0 0 0 0 0 0 0 0 0 0 0 0 0 0 0 0 0 0 0 0 0 0 0 0 0 0 0 0 0 0 0 0 0 0 0 0 0 0 0 0 0 0 0 0 0
0 0 0 0 0 0 0 0 0 0 0 0 0 0 0 0 0 0 0 0 0 0 0 0 0 0 0 0 0 0 0 0 0 0 0 0 0 0 0 0 0 0 0 0 0 0 0 0 0 0 0 0 0 0 0 0 0 0 0 0 0 0 0 0 0 0 0 0 0 0 0 0 0 0 0 0 0 0 0 0 0 0 0 0 0 0 0 0 0 0 0 0 0 0 0 0 0 0 0 0 0 0 0 0 0 0 0 0 0 0 0 0 0 0 0 0 0 0 0 0 0 0 0 0 0 0 0 0 0 0 0 0 0 0 0 0 0 0 0 0 0 0 0 0 0 0 0 0 0 0
0 0 0 0 0 0 0 0 0 0 0 0 0 0 0 0 0 0 0 0 0 0 0 0 0 0 0 0 0 0 0 0 0 0 0 0 0 0 0 0 0 0 0 0 0 0 0 0 0 0 0 0 0 0 0 0 0 0 0 0 0 0 0 0 0 0 0 0 0 0 0 0 0 0 0 0 0 0 0 0 0 0 0 0 0 0 0 0 0 0 0 0 0 0 0 0 0 0 0 0 0 0 0 0 0 0 0 0 0 0 0 0 0 0 0 0 0 0 0 0 0 0 0 0 0 0 0 0 0 0 0 0 0 0 0 0 0 0 0 0 0 0 0 0 0 0 0 0 0 0
0 0 0 0 0 0 0 0 0 0 0 0 0 0 0 0 0 0 0 0 0 0 0 0 0 0 0 0 0 0 0 0 0 0 0 0 0 0 0 0 0 0 0 0 0 0 0 0 0 0 0 0 0 0 0 0 0 0 0 0 0 0 0 0 0 0 0 0 0 0 0 0 0 0 0 0 0 0 0 0 0 0 0 0 0 0 0 0 0 0 0 0 0 0 0 0 0 0 0 0 0 0 0 0 0 0 0 0 0 0 0 0 0 0 0 0 0 0 0 0 0 0 0 0 0 0 0 0 0 0 0 0 0 0 0 0 0 0 0 0 0 0 0 0 0 0 0 0 0 0
0 0 0 0 0 0 0 0 0 0 0 0 0 0 0 0 0 0 0 0 0 0 0 0 0 0 0 0 0 0 0 0 0 0 0 0 0 0 0 0 0 0 0 0 0 0 0 0 0 0 0 0 0 0 0 0 0 0 0 0 0 0 0 0 0 0 0 0 0 0 0 0 0 0 0 0 0 0 0 0 0 0 0 0 0 0 0 0 0 0 0 0 0 0 0 0 0 0 0 0 0 0 0 0 0 0 0 0 0 0 0 0 0 0 0 0 0 0 0 0 0 0 0 0 0 0 0 0 0 0 0 0 0 0 0 0 0 0 0 0 0 0 0 0 0 0 0 0 0 0
0 0 0 0 0 0 0 0 0 0 0 0 0 0 0 0 0 0 0 0 0 0 0 0 0 0 0 0 0 0 0 0 0 0 0 0 0 0 0 0 0 0 0 0 0 0 0 0 0 0 0 0 0 0 0 0 0 0 0 0 0 0 0 0 0 0 0 0 0 0 0 0 0 0 0 0 0 0 0 0 0 0 0 0 0 0 0 0 0 0 0 0 0 0 0 0 0 0 0 0 0 0 0 0 0 0 0 0 0 0 0 0 0 0 0 0 0 0 0 0 0 0 0 0 0 0 0 0 0 0 0 0 0 0 0 0 0 0 0 0 0 0 0 0 0 0 0 0 0 0
0 0 0 0 0 0 0 0 0 0 0 0 0 0 0 0 0 0 0 0 0 0 0 0 0 0 0 0 0 0 0 0 0 0 0 0 0 0 0 0 0 0 0 0 0 0 0 0 0 0 0 0 0 0 0 0 0 0 0 0 0 0 0 0 0 0 0 0 0 0 0 0 0 0 0 0 0 0 0 0 0 0 0 0 0 0 0 0 0 0 0 0 0 0 0 0 0 0 0 0 0 0 0 0 0 0 0 0 0 0 0 0 0 0 0 0 0 0 0 0 0 0 0 0 0 0 0 0 0 0 0 0 0 0 0 0 0 0 0 0 0 0 0 0 0 0 0 0 0 0
0 0 0 0 0 0 0 0 0 0 0 0 0 0 0 0 0 0 0 0 0 0 0 0 0 0 0 0 0 0 0 0 0 0 0 0 0 0 0 0 0 0 0 0 0 0 0 0 0 0 0 0 0 0 0 0 0 0 0 0 0 0 0 0 0 0 0 0 0 0 0 0 0 0 0 0 0 0 0 0 0 0 0 0 0 0 0 0 0 0 0 0 0 0 0 0 0 0 0 0 0 0 0 0 0 0 0 0 0 0 0 0 0 0 0 0 0 0 0 0 0 0 0 0 0 0 0 0 0 0 0 0 0 0 0 0 0 0 0 0 0 0 0 0 0 0 0 0 0 0
0 0 0 0 0 0 0 0 0 0 0 0 0 0 0 0 0 0 0 0 0 0 0 0 0 0 0 0 0 0 0 0 0 0 0 0 0 0 0 0 0 0 0 0 0 0 0 0 0 0 0 0 0 0 0 0 0 0 0 0 0 0 0 0 0 0 0 0 0 0 0 0 0 0 0 0 0 0 0 0 0 0 0 0 0 0 0 0 0 0 0 0 0 0 0 0 0 0 0 0 0 0 0 0 0 0 0 0 0 0 0 0 0 0 0 0 0 0 0 0 0 0 0 0 0 0 0 0 0 0 0 0 0 0 0 0 0 0 0 0 0 0 0 0 0 0 0 0 0 0
0 0 0 0 0 0 0 0 0 0 0 0 0 0 0 0 0 0 0 0 0 0 0 0 0 0 0 0 0 0 0 0 0 0 0 0 0 0 0 0 0 0 0 0 0 0 0 0 0 0 0 0 0 0 0 0 0 0 0 0 0 0 0 0 0 0 0 0 0 0 0 0 0 0 0 0 0 0 0 0 0 0 0 0 0 0 0 0 0 0 0 0 0 0 0 0 0 0 0 0 0 0 0 0 0 0 0 0 0 0 0 0 0 0 0 0 0 0 0 0 0 0 0 0 0 0 0 0 0 0 0 0 0 0 0 0 0 0 0 0 0 0 0 0 0 0 0 0 0 0
0 0 0 0 0 0 0 0 0 0 0 0 0 0 0 0 0 0 0 0 0 0 0 0 0 0 0 0 0 0 0 0 0 0 0 0 0 0 0 0 0 0 0 0 0 0 0 0 0 0 0 0 0 0 0 0 0 0 0 0 0 0 0 0 0 0 0 0 0 0 0 0 0 0 0 0 0 0 0 0 0 0 0 0 0 0 0 0 0 0 0 0 0 0 0 0 0 0 0 0 0 0 0 0 0 0 0 0 0 0 0 0 0 0 0 0 0 0 0 0 0 0 0 0 0 0 0 0 0 0 0 0 0 0 0 0 0 0 0 0 0 0 0 0 0 0 0 0 0 0
0 0 0 0 0 0 0 0 0 0 0 0 0 0 0 0 0 0 0 0 0 0 0 0 0 0 0 0 0 0 0 0 0 0 0 0 0 0 0 0 0 0 0 0 0 0 0 0 0 0 0 0 0 0 0 0 0 0 0 0 0 0 0 0 0 0 0 0 0 0 0 0 0 0 0 0 0 0 0 0 0 0 0 0 0 0 0 0 0 0 0 0 0 0 0 0 0 0 0 0 0 0 0 0 0 0 0 0 0 0 0 0 0 0 0 0 0 0 0 0 0 0 0 0 0 0 0 0 0 0 0 0 0 0 0 0 0 0 0 0 0 0 0 0 0 0 0 0 0 0
0 0 0 0 0 0 0 0 0 0 0 0 0 0 0 0 0 0 0 0 0 0 0 0 0 0 0 0 0 0 0 0 0 0 0 0 0 0 0 0 0 0 0 0 0 0 0 0 0 0 0 0 0 0 0 0 0 0 0 0 0 0 0 0 0 0 0 0 0 0 0 0 0 0 0 0 0 0 0 0 0 0 0 0 0 0 0 0 0 0 0 0 0 0 0 0 0 0 0 0 0 0 0 0 0 0 0 0 0 0 0 0 0 0 0 0 0 0 0 0 0 0 0 0 0 0 0 0 0 0 0 0 0 0 0 0 0 0 0 0 0 0 0 0 0 0 0 0 0 0
0 0 0 0 0 0 0 0 0 0 0 0 0 0 0 0 0 0 0 0 0 0 0 0 0 0 0 0 0 0 0 0 0 0 0 0 0 0 0 0 0 0 0 0 0 0 0 0 0 0 0 0 0 0 0 0 0 0 0 0 0 0 0 0 0 0 0 0 0 0 0 0 0 0 0 0 0 0 0 0 0 0 0 0 0 0 0 0 0 0 0 0 0 0 0 0 0 0 0 0 0 0 0 0 0 0 0 0 0 0 0 0 0 0 0 0 0 0 0 0 0 0 0 0 0 0 0 0 0 0 0 0 0 0 0 0 0 0 0 0 0 0 0 0 0 0 0 0 0 0
0 0 0 0 0 0 0 0 0 0 0 0 0 0 0 0 0 0 0 0 0 0 0 0 0 0 0 0 0 0 0 0 0 0 0 0 0 0 0 0 0 0 0 0 0 0 0 0 0 0 0 0 0 0 0 0 0 0 0 0 0 0 0 0 0 0 0 0 0 0 0 0 0 0 0 0 0 0 0 0 0 0 0 0 0 0 0 0 0 0 0 0 0 0 0 0 0 0 0 0 0 0 0 0 0 0 0 0 0 0 0 0 0 0 0 0 0 0 0 0 0 0 0 0 0 0 0 0 0 0 0 0 0 0 0 0 0 0 0 0 0 0 0 0 0 0 0 0 0 0
0 0 0 0 0 0 0 0 0 0 0 0 0 0 0 0 0 0 0 0 0 0 0 0 0 0 0 0 0 0 0 0 0 0 0 0 0 0 0 0 0 0 0 0 0 0 0 0 0 0 0 0 0 0 0 0 0 0 0 0 0 0 0 0 0 0 0 0 0 0 0 0 0 0 0 0 0 0 0 0 0 0 0 0 0 0 0 0 0 0 0 0 0 0 0 0 0 0 0 0 0 0 0 0 0 0 0 0 0 0 0 0 0 0 0 0 0 0 0 0 0 0 0 0 0 0 0 0 0 0 0 0 0 0 0 0 0 0 0 0 0 0 0 0 0 0 0 0 0 0
0 0 0 0 0 0 0 0 0 0 0 0 0 0 0 0 0 0 0 0 0 0 0 0 0 0 0 0 0 0 0 0 0 0 0 0 0 0 0 0 0 0 0 0 0 0 0 0 0 0 0 0 0 0 0 0 0 0 0 0 0 0 0 0 0 0 0 0 0 0 0 0 0 0 0 0 0 0 0 0 0 0 0 0 0 0 0 0 0 0 0 0 0 0 0 0 0 0 0 0 0 0 0 0 0 0 0 0 0 0 0 0 0 0 0 0 0 0 0 0 0 0 0 0 0 0 0 0 0 0 0 0 0 0 0 0 0 0 0 0 0 0 0 0 0 0 0 0 0 0
0 0 0 0 0 0 0 0 0 0 0 0 0 0 0 0 0 0 0 0 0 0 0 0 0 0 0 0 0 0 0 0 0 0 0 0 0 0 0 0 0 0 0 0 0 0 0 0 0 0 0 0 0 0 0 0 0 0 0 0 0 0 0 0 0 0 0 0 0 0 0 0 0 0 0 0 0 0 0 0 0 0 0 0 0 0 0 0 0 0 0 0 0 0 0 0 0 0 0 0 0 0 0 0 0 0 0 0 0 0 0 0 0 0 0 0 0 0 0 0 0 0 0 0 0 0 0 0 0 0 0 0 0 0 0 0 0 0 0 0 0 0 0 0 0 0 0 0 0 0
0 0 0 0 0 0 0 0 0 0 0 0 0 0 0 0 0 0 0 0 0 0 0 0 0 0 0 0 0 0 0 0 0 0 0 0 0 0 0 0 0 0 0 0 0 0 0 0 0 0 0 0 0 0 0 0 0 0 0 0 0 0 0 0 0 0 0 0 0 0 0 0 0 0 0 0 0 0 0 0 0 0 0 0 0 0 0 0 0 0 0 0 0 0 0 0 0 0 0 0 0 0 0 0 0 0 0 0 0 0 0 0 0 0 0 0 0 0 0 0 0 0 0 0 0 0 0 0 0 0 0 0 0 0 0 0 0 0 0 0 0 0 0 0 0 0 0 0 0 0
