0 0 0 0 0 0 0 0 0 0 0 0 0 0 0 0 0 0 0 0 0 0 0 0 0 0 0 0 0 0 0 0 0 0 0 0 0 0 0 0 0 0 0 0 0 0 0 0 0 0 0 0 0 0 0 0 0 0 0 0 0 0 0 0 0 0 0 0 0 0 0 0 0 0 0 0 0 0 0 0 0 0 0 0 0 0 0 0 0 0 0 0 0 0 0 0 0 0 0 0 0 0 0 0 0 0 0 0 0 0 0 0 0 0 0 0 0 0 0 0 0 0 0 0 0 0 0 0 0 0 0 0 0 0 0 0 0 0 0 0 0 0 0 0 0 0 0 0 0 0
0 0 0 0 0 0 0 0 0 0 0 0 0 0 0 0 0 0 0 0 0 0 0 0 0 0 0 0 0 0 0 0 0 0 0 0 0 0 0 0 0 0 0 0 0 0 0 0 0 0 0 0 0 0 0 0 0 0 0 0 0 0 0 0 0 0 0 0 0 0 0 0 0 0 0 0 0 0 0 0 0 0 0 0 0 0 0 0 0 0 0 0 0 0 0 0 0 0 0 0 0 0 0 0 0 0 0 0 0 0 0 0 0 0 0 0 0 0 0 0 0 0 0 0 0 0 0 0 0 0 0 0 0 0 0 0 0 0 0 0 0 0 0 0 0 0 0 0 0 0
0 0 0 0 0 0 0 0 0 0 0 0 0 0 0 0 0 0 0 0 0 0 0 0 0 0 0 0 0 0 0 0 0 0 0 0 0 0 0 0 0 0 0 0 0 0 0 0 0 0 0 0 0 0 0 0 0 0 0 0 0 0 0 0 0 0 0 0 0 0 0 0 0 0 0 0 0 0 0 0 0 0 0 0 0 0 0 0 0 0 0 0 0 0 0 0 0 0 0 0 0 0 0 0 0 0 0 0 0 0 0 0 0 0 0 0 0 0 0 0 0 0 0 0 0 0 0 0 0 0 0 0 0 0 0 0 0 0 0 0 0 0 0 0 0 0 0 0 0 0
0 0 0 0 0 0 0 0 0 0 0 0 0 0 0 0 0 0 0 0 0 0 0 0 0 0 0 0 0 0 0 0 0 0 0 0 0 0 0 0 0 0 0 0 0 0 0 0 0 0 0 0 0 0 0 0 0 0 0 0 0 0 0 0 0 0 0 0 0 0 0 0 0 0 0 0 0 0 0 0 0 0 0 0 0 0 0 0 0 0 0 0 0 0 0 0 0 0 0 0 0 0 0 0 0 0 0 0 0 0 0 0 0 0 0 0 0 0 0 0 0 0 0 0 0 0 0 0 0 0 0 0 0 0 0 0 0 0 0 0 0 0 0 0 0 0 0 0 0 0
0 0 0 0 0 0 0 0 0 0 0 0 0 0 0 0 0 0 0 0 0 0 0 0 0 0 0 0 0 0 0 0 0 0 0 0 0 0 0 0 0 0 0 0 0 0 0 0 0 0 0 0 0 0 0 0 0 0 0 0 0 0 0 0 0 0 0 0 0 0 0 0 0 0 0 0 0 0 0 0 0 0 0 0 0 0 0 0 0 0 0 0 0 0 0 0 0 0 0 0 0 0 0 0 0 0 0 0 0 0 0 0 0 0 0 0 0 0 0 0 0 0 0 0 0 0 0 0 0 0 0 0 0 0 0 0 0 0 0 0 0 0 0 0 0 0 0 0 0 0
0 0 0 0 0 0 0 0 0 0 0 0 0 0 0 0 0 0 0 0 0 0 0 0 0 0 0 0 0 0 0 0 0 0 0 0 0 0 0 0 0 0 0 0 0 0 0 0 0 0 0 0 0 0 0 0 0 0 0 0 0 0 0 0 0 0 0 0 0 0 0 0 0 0 0 0 0 0 0 0 0 0 0 0 0 0 0 0 0 0 0 0 0 0 0 0 0 0 0 0 0 0 0 0 0 0 0 0 0 0 0 0 0 0 0 0 0 0 0 0 0 0 0 0 0 0 0 0 0 0 0 0 0 0 0 0 0 0 0 0 0 0 0 0 0 0 0 0 0 0
0 0 0 0 0 0 0 0 0 0 0 0 0 0 0 0 0 0 0 0 0 0 0 0 0 0 0 0 0 0 0 0 0 0 0 0 0 0 0 0 0 0 0 0 0 0 0 0 0 0 0 0 0 0 0 0 0 0 0 0 0 0 0 0 0 0 0 0 0 0 0 0 0 0 0 0 0 0 0 0 0 0 0 0 0 0 0 0 0 0 0 0 0 0 0 0 0 0 0 0 0 0 0 0 0 0 0 0 0 0 0 0 0 0 0 0 0 0 0 0 0 0 0 0 0 0 0 0 0 0 0 0 0 0 0 0 0 0 0 0 0 0 0 0 0 0 0 0 0 0
0 0 0 0 0 0 0 0 0 0 0 0 0 0 0 0 0 0 0 0 0 0 0 0 0 0 0 0 0 0 0 0 0 0 0 0 0 0 0 0 0 0 0 0 0 0 0 0 0 0 0 0 0 0 0 0 0 0 0 0 0 0 0 0 0 0 0 0 0 0 0 0 0 0 0 0 0 0 0 0 0 0 0 0 0 0 0 0 0 0 0 0 0 0 0 0 0 0 0 0 0 0 0 0 0 0 0 0 0 0 0 0 0 0 0 0 0 0 0 0 0 0 0 0 0 0 0 0 0 0 0 0 0 0 0 0 0 0 0 0 0 0 0 0 0 0 0 0 0 0
0 0 0 0 0 0 0 0 0 0 0 0 0 0 0 0 0 0 0 0 0 0 0 0 0 0 0 0 0 0 0 0 0 0 0 0 0 0 0 0 0 0 0 0 0 0 0 0 0 0 0 0 0 0 0 0 0 0 0 0 0 0 0 0 0 0 0 0 0 0 0 0 0 0 0 0 0 0 0 0 0 0 0 0 0 0 0 0 0 0 0 0 0 0 0 0 0 0 0 0 0 0 0 0 0 0 0 0 0 0 0 0 0 0 0 0 0 0 0 0 0 0 0 0 0 0 0 0 0 0 0 0 0 0 0 0 0 0 0 0 0 0 0 0 0 0 0 0 0 0
0 0 0 0 0 0 0 0 0 0 0 0 0 0 0 0 0 0 0 0 0 0 0 0 0 0 0 0 0 0 0 0 0 0 0 0 0 0 0 0 0 0 0 0 0 0 0 0 0 0 0 0 0 0 0 0 0 0 0 0 0 0 0 0 0 0 0 0 0 0 0 0 0 0 0 0 0 0 0 0 0 0 0 0 0 0 0 0 0 0 0 0 0 0 0 0 0 0 0 0 0 0 0 0 0 0 0 0 0 0 0 0 0 0 0 0 0 0 0 0 0 0 0 0 0 0 0 0 0 0 0 0 0 0 0 0 0 0 0 0 0 0 0 0 0 0 0 0 0 0
0 0 0 0 0 0 0 0 0 0 0 0 0 0 0 0 0 0 0 0 0 0 0 0 0 0 0 0 0 0 0 0 0 0 0 0 0 0 0 0 0 0 0 0 0 0 0 0 0 0 0 0 0 0 0 0 0 0 0 0 0 0 0 0 0 0 0 0 0 0 0 0 0 0 0 0 0 0 0 0 0 0 0 0 0 0 0 0 0 0 0 0 0 0 0 0 0 0 0 0 0 0 0 0 0 0 0 0 0 0 0 0 0 0 0 0 0 0 0 0 0 0 0 0 0 0 0 0 0 0 0 0 0 0 0 0 0 0 0 0 0 0 0 0 0 0 0 0 0 0
0 0 0 0 0 0 0 0 0 0 0 0 0 0 0 0 0 0 0 0 0 0 0 0 0 0 0 0 0 0 0 0 0 0 0 0 0 0 0 0 0 0 0 0 0 0 0 0 0 0 0 0 0 0 0 0 0 0 0 0 0 0 0 0 0 0 0 0 0 0 0 0 0 0 0 0 0 0 0 0 0 0 0 0 0 0 0 0 0 0 0 0 0 0 0 0 0 0 0 0 0 0 0 0 0 0 0 0 0 0 0 0 0 0 0 0 0 0 0 0 0 0 0 0 0 0 0 0 0 0 0 0 0 0 0 0 0 0 0 0 0 0 0 0 0 0 0 0 0 0
0 0 0 0 0 0 0 0 0 0 0 0 0 0 0 0 0 0 0 0 0 0 0 0 0 0 0 0 0 0 0 0 0 0 0 0 0 0 0 0 0 0 0 0 0 0 0 0 0 0 0 0 0 0 0 0 0 0 0 0 0 0 0 0 0 0 0 0 0 0 0 0 0 0 0 0 0 0 0 0 0 0 0 0 0 0 0 0 0 0 0 0 0 0 0 0 0 0 0 0 0 0 0 0 0 0 0 0 0 0 0 0 0 0 0 0 0 0 0 0 0 0 0 0 0 0 0 0 0 0 0 0 0 0 0 0 0 0 0 0 0 0 0 0 0 0 0 0 0 0
0 0 0 0 0 0 0 0 0 0 0 0 0 0 0 0 0 0 0 0 0 0 0 0 0 0 0 0 0 0 0 0 0 0 0 0 0 0 0 0 0 0 0 0 0 0 0 0 0 0 0 0 0 0 0 0 0 0 0 0 0 0 0 0 0 0 0 0 0 0 0 0 0 0 0 0 0 0 0 0 0 0 0 0 0 0 0 0 0 0 0 0 0 0 0 0 0 0 0 0 0 0 0 0 0 0 0 0 0 0 0 0 0 0 0 0 0 0 0 0 0 0 0 0 0 0 0 0 0 0 0 0 0 0 0 0 0 0 0 0 0 0 0 0 0 0 0 0 0 0
0 0 0 0 0 0 0 0 0 0 0 0 0 0 0 0 0 0 0 0 0 0 0 0 0 0 0 0 0 0 0 0 0 0 0 0 0 0 0 0 0 0 0 0 0 0 0 0 0 0 0 0 0 0 0 0 0 0 0 0 0 0 0 0 0 0 0 0 0 0 0 0 0 0 0 0 0 0 0 0 0 0 0 0 0 0 0 0 0 0 0 0 0 0 0 0 0 0 0 0 0 0 0 0 0 0 0 0 0 0 0 0 0 0 0 0 0 0 0 0 0 0 0 0 0 0 0 0 0 0 0 0 0 0 0 0 0 0 0 0 0 0 0 0 0 0 0 0 0 0
0 0 0 0 0 0 0 0 0 0 0 0 0 0 0 0 0 0 0 0 0 0 0 0 0 0 0 0 0 0 0 0 0 0 0 0 0 0 0 0 0 0 0 0 0 0 0 0 0 0 0 0 0 0 0 0 0 0 0 0 0 0 0 0 0 0 0 0 0 0 0 0 0 0 0 0 0 0 0 0 0 0 0 0 0 0 0 0 0 0 0 0 0 0 0 0 0 0 0 0 0 0 0 0 0 0 0 0 0 0 0 0 0 0 0 0 0 0 0 0 0 0 0 0 0 0 0 0 0 0 0 0 0 0 0 0 0 0 0 0 0 0 0 0 0 0 0 0 0 0
0 0 0 0 0 0 0 0 0 0 0 0 0 0 0 0 0 0 0 0 0 0 0 0 0 0 0 0 0 0 0 0 0 0 0 0 0 0 0 0 0 0 0 0 0 0 0 0 0 0 0 0 0 0 0 0 0 0 0 0 0 0 0 0 0 0 0 0 0 0 0 0 0 0 0 0 0 0 0 0 0 0 0 0 0 0 0 0 0 0 0 0 0 0 0 0 0 0 0 0 0 0 0 0 0 0 0 0 0 0 0 0 0 0 0 0 0 0 0 0 0 0 0 0 0 0 0 0 0 0 0 0 0 0 0 0 0 0 0 0 0 0 0 0 0 0 0 0 0 0
0 0 0 0 0 0 0 0 0 0 0 0 0 0 0 0 0 0 0 0 0 0 0 0 0 0 0 0 0 0 0 0 0 0 0 0 0 0 0 0 0 0 0 0 0 0 0 0 0 0 0 0 0 0 0 0 0 0 0 0 0 0 0 0 0 0 0 0 0 0 0 0 0 0 0 0 0 0 0 0 0 0 0 0 0 0 0 0 0 0 0 0 0 0 0 0 0 0 0 0 0 0 0 0 0 0 0 0 0 0 0 0 0 0 0 0 0 0 0 0 0 0 0 0 0 0 0 0 0 0 0 0 0 0 0 0 0 0 0 0 0 0 0 0 0 0 0 0 0 0
0 0 0 0 0 0 0 0 0 0 0 0 0 0 0 0 0 0 0 0 0 0 0 0 0 0 0 0 0 0 0 0 0 0 0 0 0 0 0 0 0 0 0 0 0 0 0 0 0 0 0 0 0 0 0 0 0 0 0 0 0 0 0 0 0 0 0 0 0 0 0 0 0 0 0 0 0 0 0 0 0 0 0 0 0 0 0 0 0 0 0 0 0 0 0 0 0 0 0 0 0 0 0 0 0 0 0 0 0 0 0 0 0 0 0 0 0 0 0 0 0 0 0 0 0 0 0 0 0 0 0 0 0 0 0 0 0 0 0 0 0 0 0 0 0 0 0 0 0 0
0 0 0 0 0 0 0 0 0 0 0 0 0 0 0 0 0 0 0 0 0 0 0 0 0 0 0 0 0 0 0 0 0 0 0 0 0 0 0 0 0 0 0 0 0 0 0 0 0 0 0 0 0 0 0 0 0 0 0 0 0 0 0 0 0 0 0 0 0 0 0 0 0 0 0 0 0 0 0 0 0 0 0 0 0 0 0 0 0 0 0 0 0 0 0 0 0 0 0 0 0 0 0 0 0 0 0 0 0 0 0 0 0 0 0 0 0 0 0 0 0 0 0 0 0 0 0 0 0 0 0 0 0 0 0 0 0 0 0 0 0 0 0 0 0 0 0 0 0 0
0 0 0 0 0 0 0 0 0 0 0 0 0 0 0 0 0 0 0 0 0 0 0 0 0 0 0 0 0 0 0 0 0 0 0 0 0 0 0 0 0 0 0 0 0 0 0 0 0 0 0 0 0 0 0 0 0 0 0 0 0 0 0 0 0 0 0 0 0 0 0 0 0 0 0 0 0 0 0 0 0 0 0 0 0 0 0 0 0 0 0 0 0 0 0 0 0 0 0 0 0 0 0 0 0 0 0 0 0 0 0 0 0 0 0 0 0 0 0 0 0 0 0 0 0 0 0 0 0 0 0 0 0 0 0 0 0 0 0 0 0 0 0 0 0 0 0 0 0 0
0 0 0 0 0 0 0 0 0 0 0 0 0 0 0 0 0 0 0 0 0 0 0 0 0 0 0 0 0 0 0 0 0 0 0 0 0 0 0 0 0 0 0 0 0 0 0 0 0 0 0 0 0 0 0 0 0 0 0 0 0 0 0 0 0 0 0 0 0 0 0 0 0 0 0 0 0 0 0 0 0 0 0 0 0 0 0 0 0 0 0 0 0 0 0 0 0 0 0 0 0 0 0 0 0 0 0 0 0 0 0 0 0 0 0 0 0 0 0 0 0 0 0 0 0 0 0 0 0 0 0 0 0 0 0 0 0 0 0 0 0 0 0 0 0 0 0 0 0 0
0 0 0 0 0 0 0 0 0 0 0 0 0 0 0 0 0 0 0 0 0 0 0 0 0 0 0 0 0 0 0 0 0 0 0 0 0 0 0 0 0 0 0 0 0 0 0 0 0 0 0 0 0 0 0 0 0 0 0 0 0 0 0 0 0 0 0 0 0 0 0 0 0 0 0 0 0 0 0 0 0 0 0 0 0 0 0 0 0 0 0 0 0 0 0 0 0 0 0 0 0 0 0 0 0 0 0 0 0 0 0 0 0 0 0 0 0 0 0 0 0 0 0 0 0 0 0 0 0 0 0 0 0 0 0 0 0 0 0 0 0 0 0 0 0 0 0 0 0 0
0 0 0 0 0 0 0 0 0 0 0 0 0 0 0 0 0 0 0 0 0 0 0 0 0 0 0 0 0 0 0 0 0 0 0 0 0 0 0 0 0 0 0 0 0 0 0 0 0 0 0 0 0 0 0 0 0 0 0 0 0 0 0 0 0 0 0 0 0 0 0 0 0 0 0 0 0 0 0 0 0 0 0 0 0 0 0 0 0 0 0 0 0 0 0 0 0 0 0 0 0 0 0 0 0 0 0 0 0 0 0 0 0 0 0 0 0 0 0 0 0 0 0 0 0 0 0 0 0 0 0 0 0 0 0 0 0 0 0 0 0 0 0 0 0 0 0 0 0 0
0 0 0 0 0 0 0 0 0 0 0 0 0 0 0 0 0 0 0 0 0 0 0 0 0 0 0 0 0 0 0 0 0 0 0 0 0 0 0 0 0 0 0 0 0 0 0 0 0 0 0 0 0 0 0 0 0 0 0 0 0 0 0 0 0 0 0 0 0 0 0 0 0 0 0 0 0 0 0 0 0 0 0 0 0 0 0 0 0 0 0 0 0 0 0 0 0 0 0 0 0 0 0 0 0 0 0 0 0 0 0 0 0 0 0 0 0 0 0 0 0 0 0 0 0 0 0 0 0 0 0 0 0 0 0 0 0 0 0 0 0 0 0 0 0 0 0 0 0 0
0 0 0 0 0 0 0 0 0 0 0 0 0 0 0 0 0 0 0 0 0 0 0 0 0 0 0 0 0 0 0 0 0 0 0 0 0 0 0 0 0 0 0 0 0 0 0 0 0 0 0 0 0 0 0 0 0 0 0 0 0 0 0 0 0 0 0 0 0 0 0 0 0 0 0 0 0 0 0 0 0 0 0 0 0 0 0 0 0 0 0 0 0 0 0 0 0 0 0 0 0 0 0 0 0 0 0 0 0 0 0 0 0 0 0 0 0 0 0 0 0 0 0 0 0 0 0 0 0 0 0 0 0 0 0 0 0 0 0 0 0 0 0 0 0 0 0 0 0 0
0 0 0 0 0 0 0 0 0 0 0 0 0 0 0 0 0 0 0 0 0 0 0 0 0 0 0 0 0 0 0 0 0 0 0 0 0 0 0 0 0 0 0 0 0 0 0 0 0 0 0 0 0 0 0 0 0 0 0 0 0 0 0 0 0 0 0 0 0 0 0 0 0 0 0 0 0 0 0 0 0 0 0 0 0 0 0 0 0 0 0 0 0 0 0 0 0 0 0 0 0 0 0 0 0 0 0 0 0 0 0 0 0 0 0 0 0 0 0 0 0 0 0 0 0 0 0 0 0 0 0 0 0 0 0 0 0 0 0 0 0 0 0 0 0 0 0 0 0 0
0 0 0 0 0 0 0 0 0 0 0 0 0 0 0 0 0 0 0 0 0 0 0 0 0 0 0 0 0 0 0 0 0 0 0 0 0 0 0 0 0 0 0 0 0 0 0 0 0 0 0 0 0 0 0 0 0 0 0 0 0 0 0 0 0 0 0 0 0 0 0 0 0 0 0 0 0 0 0 0 0 0 0 0 0 0 0 0 0 0 0 0 0 0 0 0 0 0 0 0 0 0 0 0 0 0 0 0 0 0 0 0 0 0 0 0 0 0 0 0 0 0 0 0 0 0 0 0 0 0 0 0 0 0 0 0 0 0 0 0 0 0 0 0 0 0 0 0 0 0
0 0 0 0 0 0 0 0 0 0 0 0 0 0 0 0 0 0 0 0 0 0 0 0 0 0 0 0 0 0 0 0 0 0 0 0 0 0 0 0 0 0 0 0 0 0 0 0 0 0 0 0 0 0 0 0 0 0 0 0 0 0 0 0 0 0 0 0 0 0 0 0 0 0 0 0 0 0 0 0 0 0 0 0 0 0 0 0 0 0 0 0 0 0 0 0 0 0 0 0 0 0 0 0 0 0 0 0 0 0 0 0 0 0 0 0 0 0 0 0 0 0 0 0 0 0 0 0 0 0 0 0 0 0 0 0 0 0 0 0 0 0 0 0 0 0 0 0 0 0
0 0 0 0 0 0 0 0 0 0 0 0 0 0 0 0 0 0 0 0 0 0 0 0 0 0 0 0 0 0 0 0 0 0 0 0 0 0 0 0 0 0 0 0 0 0 0 0 0 0 0 0 0 0 0 0 0 0 0 0 0 0 0 0 0 0 0 0 0 0 0 0 0 0 0 0 0 0 0 0 0 0 0 0 0 0 0 0 0 0 0 0 0 0 0 0 0 0 0 0 0 0 0 0 0 0 0 0 0 0 0 0 0 0 0 0 0 0 0 0 0 0 0 0 0 0 0 0 0 0 0 0 0 0 0 0 0 0 0 0 0 0 0 0 0 0 0 0 0 0
0 0 0 0 0 0 0 0 0 0 0 0 0 0 0 0 0 0 0 0 0 0 0 0 0 0 0 0 0 0 0 0 0 0 0 0 0 0 0 0 0 0 0 0 0 0 0 0 0 0 0 0 0 0 0 0 0 0 0 0 0 0 0 0 0 0 0 0 0 0 0 0 0 0 0 0 0 0 0 0 0 0 0 0 0 0 0 0 0 0 0 0 0 0 0 0 0 0 0 0 0 0 0 0 0 0 0 0 0 0 0 0 0 0 0 0 0 0 0 0 0 0 0 0 0 0 0 0 0 0 0 0 0 0 0 0 0 0 0 0 0 0 0 0 0 0 0 0 0 0
0 0 0 0 0 0 0 0 0 0 0 0 0 0 0 0 0 0 0 0 0 0 0 0 0 0 0 0 0 0 0 0 0 0 0 0 0 0 0 0 0 0 0 0 0 0 0 0 0 0 0 0 0 0 0 0 0 0 0 0 0 0 0 0 0 0 0 0 0 0 0 0 0 0 0 0 0 0 3.2508e-06 3.56998e-06 2.99693e-06 2.36039e-06 1.74265e-06 0 0 0 0 0 0 0 0 0 0 0 0 0 0 0 0 0 0 0 0 0 0 0 0 0 0 0 0 0 0 0 0 0 0 0 0 0 0 0 0 0 0 0 0 0 0 0 0 0 0 0 0 0 0 0 0 0 0 0 0 0 0 0 0 0 0 0
0 0 0 0 0 0 0 0 0 0 0 0 0 0 0 0 0 0 0 0 0 0 0 0 0 0 0 0 0 0 0 0 0 0 0 0 0 0 0 0 0 0 0 0 0 0 0 0 0 0 0 0 0 0 0 0 0 0 0 0 0 0 0 0 0 0 0 0 0 0 0 0 0 0 1.10843e-05 1.27153e-05 1.34893e-05 1.52022e-05 1.40897e-05 1.25403e-05 1.04938e-05 8.23863e-06 6.0647e-06 4.17872e-06 0 0 0 0 0 0 0 0 0 0 0 0 0 0 0 0 0 0 0 0 0 0 0 0 0 0 0 0 0 0 0 0 0 0 0 0 0 0 0 0 0 0 0 0 0 0 0 0 0 0 0 0 0 0 0 0 0 0 0 0 0 0 0 0 0 0
0 0 0 0 0 0 0 0 0 0 0 0 0 0 0 0 0 0 0 0 0 0 0 0 0 0 0 0 0 0 0 0 0 0 0 0 0 0 0 0 0 0 0 0 0 0 0 0 0 0 0 0 0 0 0 0 0 0 0 0 0 0 0 0 0 0 0 0 0 0 0 0 2.21468e-05 3.22118e-05 3.95592e-05 4.77766e-05 5.16925e-05 5.21964e-05 4.92827e-05 4.36048e-05 3.61909e-05 2.69575e-05 1.96905e-05 1.34823e-05 8.63287e-06 0 0 0 0 0 0 0 0 0 0 0 0 0 0 0 0 0 0 0 0 0 0 0 0 0 0 0 0 0 0 0 0 0 0 0 0 0 0 0 0 0 0 0 0 0 0 0 0 0 0 0 0 0 0 0 0 0 0 0 0 0 0 0 0 0
0 0 0 0 0 0 0 0 0 0 0 0 0 0 0 0 0 0 0 0 0 0 0 0 0 0 0 0 0 0 0 0 0 0 0 0 0 0 0 0 0 0 0 0 0 0 0 0 0 0 0 0 0 0 0 0 0 0 0 0 0 0 0 0 0 0 0 0 0 0 3.19446e-05 5.36082e-05 7.51751e-05 9.9036e-05 0.000125971 0.000146074 0.000157863 0.000159122 0.000149898 0.000132268 0.000109543 8.52084e-05 6.23056e-05 3.98375e-05 2.54405e-05 1.51599e-05 0 0 0 0 0 0 0 0 0 0 0 0 0 0 0 0 0 0 0 0 0 0 0 0 0 0 0 0 0 0 0 0 0 0 0 0 0 0 0 0 0 0 0 0 0 0 0 0 0 0 0 0 0 0 0 0 0 0 0 0 0 0 0 0
0 0 0 0 0 0 0 0 0 0 0 0 0 0 0 0 0 0 0 0 0 0 0 0 0 0 0 0 0 0 0 0 0 0 0 0 0 0 0 0 0 0 0 0 0 0 0 0 0 0 0 0 0 0 0 0 0 0 0 0 0 0 0 0 0 0 0 0 0 6.74275e-05 0.000102792 0.000151717 0.000213023 0.000287425 0.000357093 0.000413273 0.000445906 0.000448763 0.00042187 0.000371322 0.000306675 0.000237982 0.000173514 0.000118785 7.61649e-05 4.11034e-05 2.27547e-05 0 0 0 0 0 0 0 0 0 0 0 0 0 0 0 0 0 0 0 0 0 0 0 0 0 0 0 0 0 0 0 0 0 0 0 0 0 0 0 0 0 0 0 0 0 0 0 0 0 0 0 0 0 0 0 0 0 0 0 0 0 0 0
0 0 0 0 0 0 0 0 0 0 0 0 0 0 0 0 0 0 0 0 0 0 0 0 0 0 0 0 0 0 0 0 0 0 0 0 0 0 0 0 0 0 0 0 0 0 0 0 0 0 0 0 0 0 0 0 0 0 0 0 0 5.98913e-05 7.49555e-05 8.72517e-05 9.48014e-05 9.68175e-05 9.39944e-05 8.81888e-05 0.000140406 0.000191673 0.000277294 0.000401584 0.000568371 0.000752653 0.000935078 0.0010825 0.00116641 0.00117218 0.00109982 0.000965497 0.000795361 0.000615608 0.000447784 0.000305961 0.000195925 0.000117274 5.67806e-05 2.91548e-05 0 0 0 0 0 0 0 0 0 0 0 0 0 0 0 0 0 0 0 0 0 0 0 0 0 0 0 0 0 0 0 0 0 0 0 0 0 0 0 0 0 0 0 0 0 0 0 0 0 0 0 0 0 0 0 0 0 0 0 0 0 0
0 0 0 0 0 0 0 0 0 0 0 0 0 0 0 0 0 0 0 0 0 0 0 0 0 0 0 0 0 0 0 0 0 0 0 0 0 0 0 0 0 0 0 0 0 0 0 0 0 0 0 0 0 0 0 0 0 0 0 8.72206e-05 0.000127397 0.000172325 0.000216155 0.0002519 0.000273742 0.000279197 0.00027023 0.000310433 0.000362774 0.000478378 0.000679814 0.000986089 0.00137975 0.00182868 0.00226956 0.00262524 0.00282842 0.00283852 0.00266001 0.00233235 0.0019193 0.00148386 0.0010733 0.000731996 0.000468215 0.000280123 0.000156314 6.7061e-05 0 0 0 0 0 0 0 0 0 0 0 0 0 0 0 0 0 0 0 0 0 0 0 0 0 0 0 0 0 0 0 0 0 0 0 0 0 0 0 0 0 0 0 0 0 0 0 0 0 0 0 0 0 0 0 0 0 0 0 0 0 0
0 0 0 0 0 0 0 0 0 0 0 0 0 0 0 0 0 0 0 0 0 0 0 0 0 0 0 0 0 0 0 0 0 0 0 0 0 0 0 0 0 0 0 0 0 0 0 0 0 0 0 0 0 0 0 0 0 8.53157e-05 0.000146104 0.000231373 0.000338989 0.000459814 0.00057802 0.000674611 0.000733407 0.000747217 0.000768042 0.000787037 0.000880671 0.00111671 0.00155862 0.00222754 0.00310678 0.00411339 0.00510379 0.00590344 0.00635667 0.00637908 0.00597287 0.00523139 0.00429739 0.00331813 0.00241014 0.00164799 0.00105927 0.000621199 0.000346738 0.000180149 6.75249e-05 0 0 0 0 0 0 0 0 0 0 0 0 0 0 0 0 0 0 0 0 0 0 0 0 0 0 0 0 0 0 0 0 0 0 0 0 0 0 0 0 0 0 0 0 0 0 0 0 0 0 0 0 0 0 0 0 0 0 0 0 0
0 0 0 0 0 0 0 0 0 0 0 0 0 0 0 0 0 0 0 0 0 0 0 0 0 0 0 0 0 0 0 0 0 0 0 0 0 0 0 0 0 0 0 0 0 0 0 0 0 0 0 0 0 0 0 0 0.00011216 0.00020847 0.00035821 0.000569164 0.000836547 0.00113795 0.00143386 0.00167625 0.00182347 0.00188892 0.00187348 0.0018706 0.00200913 0.0024426 0.00331534 0.00467852 0.00649473 0.00858746 0.010652 0.0123287 0.0132764 0.0133165 0.01246 0.0109074 0.00895527 0.00691071 0.00502325 0.00343829 0.0022171 0.00134413 0.00076498 0.000372023 0.000179737 0 0 0 0 0 0 0 0 0 0 0 0 0 0 0 0 0 0 0 0 0 0 0 0 0 0 0 0 0 0 0 0 0 0 0 0 0 0 0 0 0 0 0 0 0 0 0 0 0 0 0 0 0 0 0 0 0 0 0 0 0
0 0 0 0 0 0 0 0 0 0 0 0 0 0 0 0 0 0 0 0 0 0 0 0 0 0 0 0 0 0 0 0 0 0 0 0 0 0 0 0 0 0 0 0 0 0 0 0 0 0 0 0 0 0 0 0.000125555 0.000253302 0.000472417 0.000814552 0.00129865 0.00191486 0.00264671 0.00333421 0.00389633 0.00424482 0.00435839 0.00430128 0.00420525 0.00434332 0.00505843 0.00661946 0.00917423 0.0126422 0.0166821 0.0206825 0.0239281 0.0257748 0.0258583 0.0242047 0.0211925 0.017409 0.0134537 0.0098017 0.00673926 0.00437053 0.00266485 0.00153373 0.000830348 0.000422574 0.000104348 0 0 0 0 0 0 0 0 0 0 0 0 0 0 0 0 0 0 0 0 0 0 0 0 0 0 0 0 0 0 0 0 0 0 0 0 0 0 0 0 0 0 0 0 0 0 0 0 0 0 0 0 0 0 0 0 0 0 0 0
0 0 0 0 0 0 0 0 0 0 0 0 0 0 0 0 0 0 0 0 0 0 0 0 0 0 0 0 0 0 0 0 0 0 0 0 0 0 0 0 0 0 0 0 0 0 0 0 0 0 0 0 0 0 0.000119762 0.000262167 0.000530691 0.000993183 0.00178334 0.00283173 0.00416371 0.00566922 0.0071506 0.00836307 0.00916257 0.00937486 0.00914546 0.00879287 0.00881339 0.0098221 0.0123763 0.0167834 0.0229304 0.0301509 0.0373576 0.0432342 0.0466069 0.0468053 0.0438654 0.0384644 0.0316626 0.0245426 0.0179607 0.0124304 0.00814048 0.0050406 0.00295164 0.00161172 0.000836878 0.000408827 0 0 0 0 0 0 0 0 0 0 0 0 0 0 0 0 0 0 0 0 0 0 0 0 0 0 0 0 0 0 0 0 0 0 0 0 0 0 0 0 0 0 0 0 0 0 0 0 0 0 0 0 0 0 0 0 0 0 0 0
0 0 0 0 0 0 0 0 0 0 0 0 0 0 0 0 0 0 0 0 0 0 0 0 0 0 0 0 0 0 0 0 0 0 0 0 0 0 0 0 0 0 0 0 0 0 0 0 0 0 0 0 0 9.76865e-05 0.000231547 0.00050822 0.00111993 0.00207007 0.00354767 0.00563426 0.00828881 0.0112937 0.0142981 0.0167603 0.0182867 0.0186788 0.0181266 0.0172074 0.0168123 0.0179963 0.0217827 0.0287966 0.0388412 0.050835 0.0629224 0.0728586 0.0786473 0.0791348 0.0743501 0.06541 0.0540701 0.0421493 0.0310823 0.0217315 0.0144193 0.00907292 0.00541426 0.00305584 0.00162718 0.000791355 0.000314527 0 0 0 0 0 0 0 0 0 0 0 0 0 0 0 0 0 0 0 0 0 0 0 0 0 0 0 0 0 0 0 0 0 0 0 0 0 0 0 0 0 0 0 0 0 0 0 0 0 0 0 0 0 0 0 0 0 0 0
0 0 0 0 0 0 0 0 0 0 0 0 0 0 0 0 0 0 0 0 0 0 0 0 0 0 0 0 0 0 0 0 0 0 0 0 0 0 0 0 0 0 0 0 0 0 0 0 0 0 0 0 6.9109e-05 0.000175748 0.00049444 0.0010541 0.00209124 0.00385465 0.00659414 0.0104608 0.0154119 0.0210117 0.0265495 0.031128 0.033955 0.0346451 0.0335038 0.0315183 0.0301821 0.0312023 0.0362655 0.0464586 0.0616445 0.0801492 0.0990305 0.114747 0.124123 0.125289 0.118222 0.104592 0.0870842 0.0685116 0.0511083 0.0362413 0.0244519 0.0156874 0.00954602 0.0054983 0.00298487 0.00152151 0.000675151 0.000282787 0 0 0 0 0 0 0 0 0 0 0 0 0 0 0 0 0 0 0 0 0 0 0 0 0 0 0 0 0 0 0 0 0 0 0 0 0 0 0 0 0 0 0 0 0 0 0 0 0 0 0 0 0 0 0 0 0 0
0 0 0 0 0 0 0 0 0 0 0 0 0 0 0 0 0 0 0 0 0 0 0 0 0 0 0 0 0 0 0 0 0 0 0 0 0 0 0 0 0 0 0 0 0 0 0 0 0 0 0 0 0.000117932 0.000391823 0.000882545 0.00186378 0.00367312 0.00673752 0.0114838 0.0182028 0.0267528 0.0364275 0.0459987 0.0539102 0.0587715 0.0599262 0.0578364 0.0540968 0.0510749 0.051324 0.0573285 0.0708609 0.0920213 0.118498 0.145996 0.1693 0.183694 0.18634 0.177021 0.157991 0.132997 0.106037 0.0803519 0.0579975 0.0398881 0.0260988 0.0161955 0.00949078 0.00523286 0.00270242 0.00130247 0.000518601 0 0 0 0 0 0 0 0 0 0 0 0 0 0 0 0 0 0 0 0 0 0 0 0 0 0 0 0 0 0 0 0 0 0 0 0 0 0 0 0 0 0 0 0 0 0 0 0 0 0 0 0 0 0 0 0 0 0
0 0 0 0 0 0 0 0 0 0 0 0 0 0 0 0 0 0 0 0 0 0 0 0 0 0 0 0 0 0 0 0 0 0 0 0 0 0 0 0 0 0 0 0 0 0 0 0 0 0 0 7.665e-05 0.000296986 0.000681527 0.00150046 0.00312335 0.00609485 0.0110977 0.0188707 0.0297372 0.0435142 0.0590942 0.0744814 0.0871852 0.0949862 0.0968352 0.0934055 0.0871438 0.0815494 0.0802503 0.0864664 0.102802 0.12986 0.164909 0.202233 0.234708 0.255785 0.261355 0.250768 0.226666 0.193755 0.157231 0.121477 0.0894668 0.0627685 0.0418414 0.0263975 0.0156882 0.0087494 0.00455948 0.00221298 0.000969427 0.000371885 0 0 0 0 0 0 0 0 0 0 0 0 0 0 0 0 0 0 0 0 0 0 0 0 0 0 0 0 0 0 0 0 0 0 0 0 0 0 0 0 0 0 0 0 0 0 0 0 0 0 0 0 0 0 0 0 0
0 0 0 0 0 0 0 0 0 0 0 0 0 0 0 0 0 0 0 0 0 0 0 0 0 0 0 0 0 0 0 0 0 0 0 0 0 0 0 0 0 0 0 0 0 0 0 0 0 0 0 0.000244175 0.000531356 0.00115366 0.00245139 0.00499251 0.0096341 0.0173855 0.0292429 0.0457849 0.0666429 0.0901216 0.113224 0.132257 0.143939 0.14673 0.14163 0.13215 0.123214 0.119557 0.125034 0.142837 0.174404 0.217164 0.264336 0.306946 0.336508 0.347342 0.337907 0.310675 0.270849 0.224551 0.177332 0.133391 0.0953962 0.0646449 0.0413378 0.0248297 0.0139595 0.00731823 0.00356762 0.00158457 0.000667436 0.000230639 0 0 0 0 0 0 0 0 0 0 0 0 0 0 0 0 0 0 0 0 0 0 0 0 0 0 0 0 0 0 0 0 0 0 0 0 0 0 0 0 0 0 0 0 0 0 0 0 0 0 0 0 0 0 0 0
0 0 0 0 0 0 0 0 0 0 0 0 0 0 0 0 0 0 0 0 0 0 0 0 0 0 0 0 0 0 0 0 0 0 0 0 0 0 0 0 0 0 0 0 0 0 0 0 0 0 0.000210141 0.000472782 0.000953201 0.00192867 0.00389292 0.00771143 0.0145355 0.0258771 0.0430776 0.0668784 0.0966566 0.12995 0.162509 0.189203 0.205572 0.209562 0.202619 0.18952 0.176781 0.170263 0.17408 0.191507 0.224856 0.272618 0.327959 0.380683 0.420498 0.439865 0.435618 0.409112 0.365099 0.310038 0.25056 0.192448 0.140096 0.0963063 0.0622617 0.0377094 0.0213193 0.0112214 0.00548561 0.00248372 0.00103507 0.000349448 0 0 0 0 0 0 0 0 0 0 0 0 0 0 0 0 0 0 0 0 0 0 0 0 0 0 0 0 0 0 0 0 0 0 0 0 0 0 0 0 0 0 0 0 0 0 0 0 0 0 0 0 0 0 0 0
0 0 0 0 0 0 0 0 0 0 0 0 0 0 0 0 0 0 0 0 0 0 0 0 0 0 0 0 0 0 0 0 0 0 0 0 0 0 0 0 0 0 0 0 0 0 0 0 0 0.000211919 0.000461813 0.000902584 0.00170931 0.00321527 0.00612577 0.0115384 0.0211596 0.0369493 0.060718 0.0933002 0.133685 0.178406 0.221773 0.257078 0.278649 0.284036 0.275267 0.258535 0.241997 0.232533 0.234138 0.249434 0.281112 0.329524 0.389485 0.450937 0.502342 0.534032 0.540289 0.520004 0.476176 0.414694 0.343002 0.268783 0.198899 0.138477 0.0903723 0.0550969 0.0312922 0.0165214 0.00809378 0.00367262 0.00153665 0.00059873 0 0 0 0 0 0 0 0 0 0 0 0 0 0 0 0 0 0 0 0 0 0 0 0 0 0 0 0 0 0 0 0 0 0 0 0 0 0 0 0 0 0 0 0 0 0 0 0 0 0 0 0 0 0 0 0
0 0 0 0 0 0 0 0 0 0 0 0 0 0 0 0 0 0 0 0 0 0 0 0 0 0 0 0 0 0 0 0 0 0 0 0 0 0 0 0 0 0 0 0 0 0 0 0 0 0.000412948 0.000872081 0.00166094 0.00301283 0.00538134 0.0095188 0.016942 0.0299006 0.0509738 0.0824441 0.125195 0.177619 0.235042 0.290116 0.33451 0.361456 0.368291 0.357831 0.337739 0.317722 0.305569 0.304897 0.317001 0.344022 0.388216 0.447795 0.51496 0.578131 0.625496 0.647834 0.640109 0.602012 0.537701 0.454859 0.363262 0.272918 0.19222 0.126513 0.0775978 0.0442526 0.0234321 0.0114999 0.00523182 0.00219726 0.000857794 0.000309991 0 0 0 0 0 0 0 0 0 0 0 0 0 0 0 0 0 0 0 0 0 0 0 0 0 0 0 0 0 0 0 0 0 0 0 0 0 0 0 0 0 0 0 0 0 0 0 0 0 0 0 0 0 0 0
0 0 0 0 0 0 0 0 0 0 0 0 0 0 0 0 0 0 0 0 0 0 0 0 0 0 0 0 0 0 0 0 0 0 0 0 0 0 0 0 0 0 0 0 0 0 0 0 0.000344804 0.000745394 0.00154271 0.00289464 0.00517497 0.00877409 0.0146398 0.0245631 0.0413467 0.068381 0.108503 0.162582 0.22825 0.299349 0.36669 0.420297 0.452483 0.460658 0.448584 0.425376 0.40217 0.387555 0.384809 0.393632 0.414667 0.451065 0.505086 0.573485 0.646621 0.71121 0.754009 0.764746 0.738244 0.675486 0.583561 0.474218 0.361216 0.257086 0.170518 0.105179 0.060235 0.0319936 0.015748 0.0071833 0.00302939 0.00118674 0.000430919 0 0 0 0 0 0 0 0 0 0 0 0 0 0 0 0 0 0 0 0 0 0 0 0 0 0 0 0 0 0 0 0 0 0 0 0 0 0 0 0 0 0 0 0 0 0 0 0 0 0 0 0 0 0 0
0 0 0 0 0 0 0 0 0 0 0 0 0 0 0 0 0 0 0 0 0 0 0 0 0 0 0 0 0 0 0 0 0 0 0 0 0 0 0 0 0 0 0 0 0 0 0 0 0.000575869 0.00124342 0.00253993 0.00479689 0.00835252 0.0137771 0.0220147 0.0350131 0.0560984 0.0895534 0.138945 0.205188 0.285005 0.370518 0.450505 0.513304 0.550477 0.559738 0.54596 0.519618 0.493067 0.47573 0.470882 0.477018 0.492782 0.520675 0.565807 0.630504 0.709527 0.789943 0.854837 0.887956 0.877809 0.820788 0.722348 0.595937 0.459341 0.329906 0.220325 0.136615 0.0785647 0.0418812 0.0206838 0.00946837 0.00401284 0.00157997 0.000577536 0 0 0 0 0 0 0 0 0 0 0 0 0 0 0 0 0 0 0 0 0 0 0 0 0 0 0 0 0 0 0 0 0 0 0 0 0 0 0 0 0 0 0 0 0 0 0 0 0 0 0 0 0 0 0
0 0 0 0 0 0 0 0 0 0 0 0 0 0 0 0 0 0 0 0 0 0 0 0 0 0 0 0 0 0 0 0 0 0 0 0 0 0 0 0 0 0 0 0 0 0 0 0 0.000887286 0.0019149 0.00394958 0.0073273 0.012651 0.0205288 0.0318895 0.0486279 0.0744386 0.114487 0.17328 0.251946 0.346302 0.446615 0.539469 0.611462 0.653464 0.663645 0.648007 0.61823 0.587669 0.566621 0.559016 0.563026 0.575609 0.597303 0.63356 0.69105 0.77055 0.862193 0.947001 1.00278 1.01095 0.962231 0.859652 0.717859 0.558616 0.404184 0.2715 0.169137 0.09766 0.0522572 0.0259091 0.0119003 0.00507819 0.00201264 0.000741988 0.000181667 0 0 0 0 0 0 0 0 0 0 0 0 0 0 0 0 0 0 0 0 0 0 0 0 0 0 0 0 0 0 0 0 0 0 0 0 0 0 0 0 0 0 0 0 0 0 0 0 0 0 0 0 0 0
0 0 0 0 0 0 0 0 0 0 0 0 0 0 0 0 0 0 0 0 0 0 0 0 0 0 0 0 0 0 0 0 0 0 0 0 0 0 0 0 0 0 0 0 0 0 0 0.000539049 0.00126136 0.00272221 0.00561785 0.0104035 0.0178871 0.0287665 0.043907 0.0650317 0.0959059 0.14238 0.210045 0.300524 0.408932 0.523766 0.629408 0.710674 0.757686 0.769016 0.751669 0.718284 0.682898 0.65669 0.644903 0.646629 0.658058 0.677269 0.707685 0.757403 0.832708 0.928963 1.02761 1.10181 1.1262 1.08567 0.980484 0.825985 0.647261 0.470944 0.317799 0.198771 0.115201 0.0618768 0.0308158 0.0142282 0.0061094 0.00244082 0.000909271 0.000236607 0 0 0 0 0 0 0 0 0 0 0 0 0 0 0 0 0 0 0 0 0 0 0 0 0 0 0 0 0 0 0 0 0 0 0 0 0 0 0 0 0 0 0 0 0 0 0 0 0 0 0 0 0 0
0 0 0 0 0 0 0 0 0 0 0 0 0 0 0 0 0 0 0 0 0 0 0 0 0 0 0 0 0 0 0 0 0 0 0 0 0 0 0 0 0 0 0 0 0 0 0 0.000707096 0.00165526 0.00367911 0.00741043 0.0137213 0.0235625 0.0377436 0.0570649 0.082983 0.119058 0.171485 0.246823 0.347471 0.468282 0.596368 0.714175 0.804795 0.857489 0.870929 0.852777 0.816257 0.775755 0.743125 0.725309 0.723448 0.734254 0.753783 0.782155 0.826135 0.894979 0.989408 1.09344 1.17797 1.21262 1.17749 1.0703 0.906546 0.713582 0.521165 0.352862 0.221401 0.128738 0.0694027 0.034716 0.01612 0.00697088 0.00281098 0.0010599 0.000292227 0 0 0 0 0 0 0 0 0 0 0 0 0 0 0 0 0 0 0 0 0 0 0 0 0 0 0 0 0 0 0 0 0 0 0 0 0 0 0 0 0 0 0 0 0 0 0 0 0 0 0 0 0 0
0 0 0 0 0 0 0 0 0 0 0 0 0 0 0 0 0 0 0 0 0 0 0 0 0 0 0 0 0 0 0 0 0 0 0 0 0 0 0 0 0 0 0 0 0 0 0 0.000856801 0.00200736 0.00450742 0.00907507 0.0168302 0.0289354 0.046344 0.0698314 0.100589 0.141764 0.199461 0.280849 0.389215 0.519687 0.658709 0.787376 0.887331 0.9468 0.964092 0.946983 0.908816 0.863901 0.824452 0.79897 0.791191 0.799606 0.819431 0.84774 0.888429 0.950825 1.03895 1.14011 1.22552 1.26255 1.22852 1.11936 0.950309 0.749657 0.548649 0.37225 0.234097 0.136475 0.0738204 0.0370851 0.0173274 0.00754777 0.00307517 0.00117517 0.00034207 0 0 0 0 0 0 0 0 0 0 0 0 0 0 0 0 0 0 0 0 0 0 0 0 0 0 0 0 0 0 0 0 0 0 0 0 0 0 0 0 0 0 0 0 0 0 0 0 0 0 0 0 0 0
0 0 0 0 0 0 0 0 0 0 0 0 0 0 0 0 0 0 0 0 0 0 0 0 0 0 0 0 0 0 0 0 0 0 0 0 0 0 0 0 0 0 0 0 0 0 0 0.000960726 0.00225404 0.0051304 0.0103469 0.0192534 0.0332206 0.0533889 0.0805854 0.115823 0.161785 0.224092 0.309947 0.42335 0.560199 0.707134 0.844747 0.953709 1.02114 1.04449 1.03093 0.993413 0.945879 0.900418 0.866481 0.850113 0.852295 0.869067 0.895925 0.933926 0.990404 1.06994 1.16223 1.24057 1.27285 1.23598 1.12515 0.955012 0.753526 0.551788 0.374718 0.235967 0.137847 0.0747733 0.0376948 0.0177182 0.00777818 0.00320356 0.00124143 0.000379797 0 0 0 0 0 0 0 0 0 0 0 0 0 0 0 0 0 0 0 0 0 0 0 0 0 0 0 0 0 0 0 0 0 0 0 0 0 0 0 0 0 0 0 0 0 0 0 0 0 0 0 0 0 0
0 0 0 0 0 0 0 0 0 0 0 0 0 0 0 0 0 0 0 0 0 0 0 0 0 0 0 0 0 0 0 0 0 0 0 0 0 0 0 0 0 0 0 0 0 0 0 0.000999875 0.00235154 0.00545034 0.0110353 0.0206481 0.0358618 0.0580168 0.0881277 0.127179 0.17745 0.24381 0.332928 0.449097 0.5892 0.740864 0.885115 1.00227 1.07846 1.10982 1.10237 1.06818 1.02051 0.970984 0.929078 0.902099 0.893509 0.901643 0.922519 0.955519 1.00528 1.07479 1.15476 1.2211 1.24424 1.2025 1.09126 0.924408 0.7285 0.533155 0.362064 0.228132 0.133442 0.0725486 0.0367229 0.0173559 0.0076631 0.00318922 0.00125236 0.000400375 0 0 0 0 0 0 0 0 0 0 0 0 0 0 0 0 0 0 0 0 0 0 0 0 0 0 0 0 0 0 0 0 0 0 0 0 0 0 0 0 0 0 0 0 0 0 0 0 0 0 0 0 0 0
0 0 0 0 0 0 0 0 0 0 0 0 0 0 0 0 0 0 0 0 0 0 0 0 0 0 0 0 0 0 0 0 0 0 0 0 0 0 0 0 0 0 0 0 0 0 0 0.000970704 0.00247421 0.00544145 0.0110891 0.0209375 0.036687 0.059956 0.0920279 0.134002 0.18788 0.257689 0.349143 0.466342 0.607106 0.760557 0.908899 1.03278 1.11766 1.15824 1.15898 1.1307 1.08576 1.03488 0.986806 0.948855 0.926152 0.92006 0.929012 0.95241 0.992576 1.05007 1.11555 1.16756 1.17993 1.13347 1.02427 0.865179 0.68057 0.49755 0.337763 0.212883 0.124659 0.0679093 0.0344977 0.01639 0.0073005 0.00304549 0.0012092 0.000401141 0 0 0 0 0 0 0 0 0 0 0 0 0 0 0 0 0 0 0 0 0 0 0 0 0 0 0 0 0 0 0 0 0 0 0 0 0 0 0 0 0 0 0 0 0 0 0 0 0 0 0 0 0 0
0 0 0 0 0 0 0 0 0 0 0 0 0 0 0 0 0 0 0 0 0 0 0 0 0 0 0 0 0 0 0 0 0 0 0 0 0 0 0 0 0 0 0 0 0 0 0 0.000885668 0.00232276 0.00515363 0.0106208 0.0202686 0.0359406 0.0594967 0.09253 0.13635 0.192754 0.264961 0.35757 0.474166 0.613293 0.765708 0.915345 1.0438 1.13632 1.18639 1.19679 1.17678 1.13751 1.08853 1.03726 0.990065 0.952716 0.929262 0.921469 0.930182 0.956484 0.998806 1.04763 1.08401 1.08555 1.03586 0.931789 0.784766 0.616305 0.450295 0.305767 0.192942 0.113217 0.0618717 0.0315719 0.0150915 0.006782 0.00287598 0.0011201 0.000382539 0 0 0 0 0 0 0 0 0 0 0 0 0 0 0 0 0 0 0 0 0 0 0 0 0 0 0 0 0 0 0 0 0 0 0 0 0 0 0 0 0 0 0 0 0 0 0 0 0 0 0 0 0 0
0 0 0 0 0 0 0 0 0 0 0 0 0 0 0 0 0 0 0 0 0 0 0 0 0 0 0 0 0 0 0 0 0 0 0 0 0 0 0 0 0 0 0 0 0 0 0 0.000766901 0.00208636 0.00471991 0.00981292 0.0189596 0.0340772 0.0572086 0.0902105 0.13457 0.191922 0.264756 0.356622 0.470488 0.605413 0.753776 0.901506 1.03168 1.12993 1.18894 1.20986 1.20018 1.16951 1.12597 1.07543 1.02285 0.973714 0.933752 0.907602 0.898214 0.906595 0.930184 0.959878 0.97954 0.970566 0.919372 0.823305 0.691899 0.543228 0.39744 0.270647 0.171517 0.101222 0.0557204 0.0286897 0.0138615 0.00630948 0.00270921 0.00102869 0.000348293 0 0 0 0 0 0 0 0 0 0 0 0 0 0 0 0 0 0 0 0 0 0 0 0 0 0 0 0 0 0 0 0 0 0 0 0 0 0 0 0 0 0 0 0 0 0 0 0 0 0 0 0 0 0
0 0 0 0 0 0 0 0 0 0 0 0 0 0 0 0 0 0 0 0 0 0 0 0 0 0 0 0 0 0 0 0 0 0 0 0 0 0 0 0 0 0 0 0 0 0 0 0.000636478 0.00185487 0.00420741 0.00885478 0.0173152 0.0315417 0.0536427 0.0856174 0.129048 0.185389 0.25652 0.345102 0.453526 0.581251 0.72218 0.86435 0.992756 1.09402 1.16051 1.19198 1.19406 1.17458 1.14017 1.09513 1.04286 0.987832 0.936079 0.893882 0.865981 0.854319 0.856765 0.86575 0.868359 0.849763 0.798868 0.713086 0.59957 0.472505 0.348012 0.239232 0.153462 0.0919311 0.0515076 0.0270425 0.0133573 0.00622472 0.00274097 0.0010987 0.000304466 0 0 0 0 0 0 0 0 0 0 0 0 0 0 0 0 0 0 0 0 0 0 0 0 0 0 0 0 0 0 0 0 0 0 0 0 0 0 0 0 0 0 0 0 0 0 0 0 0 0 0 0 0 0
0 0 0 0 0 0 0 0 0 0 0 0 0 0 0 0 0 0 0 0 0 0 0 0 0 0 0 0 0 0 0 0 0 0 0 0 0 0 0 0 0 0 0 0 0 0 0 0.000512508 0.00162386 0.00371811 0.00790135 0.0156039 0.0286988 0.0492774 0.0793152 0.120418 0.173807 0.240893 0.323625 0.423895 0.541446 0.671537 0.80433 0.927031 1.02775 1.09906 1.13974 1.15374 1.14729 1.12559 1.09146 1.04644 0.993227 0.936835 0.883777 0.840074 0.809322 0.79126 0.780903 0.768838 0.743606 0.69595 0.622618 0.527809 0.421567 0.316177 0.222271 0.146387 0.0903363 0.0522782 0.0284193 0.0145351 0.00699256 0.00311425 0.00134094 0.00048293 0 0 0 0 0 0 0 0 0 0 0 0 0 0 0 0 0 0 0 0 0 0 0 0 0 0 0 0 0 0 0 0 0 0 0 0 0 0 0 0 0 0 0 0 0 0 0 0 0 0 0 0 0 0
0 0 0 0 0 0 0 0 0 0 0 0 0 0 0 0 0 0 0 0 0 0 0 0 0 0 0 0 0 0 0 0 0 0 0 0 0 0 0 0 0 0 0 0 0 0 0 0.000307816 0.00144485 0.00332017 0.00708298 0.0140444 0.0259428 0.0447244 0.0722554 0.11002 0.159062 0.220428 0.295516 0.385755 0.491004 0.607584 0.727625 0.840624 0.936505 1.00864 1.05546 1.07995 1.0872 1.08126 1.06326 1.03239 0.988612 0.934916 0.877281 0.822906 0.777748 0.744455 0.721171 0.701555 0.67645 0.63705 0.578304 0.500918 0.411059 0.318073 0.231409 0.15805 0.101247 0.0608229 0.0342751 0.018117 0.00898187 0.00414376 0.00181129 0.000715336 0.000278246 0 0 0 0 0 0 0 0 0 0 0 0 0 0 0 0 0 0 0 0 0 0 0 0 0 0 0 0 0 0 0 0 0 0 0 0 0 0 0 0 0 0 0 0 0 0 0 0 0 0 0 0 0
0 0 0 0 0 0 0 0 0 0 0 0 0 0 0 0 0 0 0 0 0 0 0 0 0 0 0 0 0 0 0 0 0 0 0 0 0 0 0 0 0 0 0 0 0 0 0 0.000381915 0.00116006 0.00306707 0.00651838 0.0128939 0.0237361 0.0408094 0.0657984 0.100001 0.144304 0.199485 0.266514 0.346345 0.438709 0.54059 0.645682 0.745593 0.832243 0.900357 0.948918 0.980914 1.00106 1.01241 1.01404 1.00203 0.973036 0.927676 0.871517 0.81345 0.762506 0.724557 0.700232 0.684602 0.668653 0.642253 0.597692 0.532507 0.450349 0.359466 0.269817 0.190041 0.125426 0.0775026 0.0448133 0.0242334 0.0122079 0.00577039 0.00249113 0.00102743 0.000396443 0 0 0 0 0 0 0 0 0 0 0 0 0 0 0 0 0 0 0 0 0 0 0 0 0 0 0 0 0 0 0 0 0 0 0 0 0 0 0 0 0 0 0 0 0 0 0 0 0 0 0 0 0
0 0 0 0 0 0 0 0 0 0 0 0 0 0 0 0 0 0 0 0 0 0 0 0 0 0 0 0 0 0 0 0 0 0 0 0 0 0 0 0 0 0 0 0 0 0 0 0.000449762 0.0010797 0.00296588 0.00624949 0.0122692 0.0224063 0.0382405 0.0612412 0.0925633 0.132947 0.182938 0.24314 0.313977 0.394775 0.482697 0.572464 0.657382 0.731338 0.790864 0.836361 0.871788 0.902157 0.929569 0.950682 0.958185 0.945583 0.911747 0.862604 0.809446 0.764578 0.736192 0.725053 0.724603 0.723663 0.710109 0.674504 0.6131 0.528981 0.43086 0.330103 0.237311 0.159792 0.100629 0.0591949 0.0324867 0.0166028 0.00790945 0.00348256 0.00141998 0.000544887 0 0 0 0 0 0 0 0 0 0 0 0 0 0 0 0 0 0 0 0 0 0 0 0 0 0 0 0 0 0 0 0 0 0 0 0 0 0 0 0 0 0 0 0 0 0 0 0 0 0 0 0 0
0 0 0 0 0 0 0 0 0 0 0 0 0 0 0 0 0 0 0 0 0 0 0 0 0 0 0 0 0 0 0 0 0 0 0 0 0 0 0 0 0 0 0 0 0 0 0.000190664 0.000496183 0.00119814 0.00294632 0.00617878 0.0120222 0.0218018 0.0369714 0.0588852 0.0885981 0.126781 0.173812 0.229901 0.294826 0.367236 0.444008 0.520282 0.590527 0.65033 0.698174 0.736411 0.770581 0.806358 0.845002 0.88095 0.904209 0.906223 0.885224 0.848309 0.809404 0.783281 0.778064 0.791291 0.812121 0.826464 0.821228 0.787311 0.721789 0.628683 0.51776 0.401708 0.292749 0.199881 0.127575 0.0759676 0.0421224 0.0217239 0.0103896 0.00462162 0.00186949 0.00071544 0.000253815 0 0 0 0 0 0 0 0 0 0 0 0 0 0 0 0 0 0 0 0 0 0 0 0 0 0 0 0 0 0 0 0 0 0 0 0 0 0 0 0 0 0 0 0 0 0 0 0 0 0 0 0
0 0 0 0 0 0 0 0 0 0 0 0 0 0 0 0 0 0 0 0 0 0 0 0 0 0 0 0 0 0 0 0 0 0 0 0 0 0 0 0 0 0 0 0 0 0 0.000196812 0.000513346 0.00124095 0.00285989 0.00606464 0.0117752 0.0213266 0.03616 0.0576604 0.0869549 0.124774 0.171435 0.226733 0.2897 0.358083 0.428091 0.494719 0.552994 0.599731 0.635101 0.66332 0.691555 0.72629 0.768506 0.811535 0.844242 0.85747 0.849746 0.82959 0.812919 0.815157 0.841726 0.8848 0.928539 0.956172 0.954486 0.916143 0.840599 0.733957 0.607405 0.474649 0.348962 0.240547 0.154995 0.0931014 0.0520255 0.0270025 0.012993 0.00579636 0.00239241 0.000890019 0.00031531 0 0 0 0 0 0 0 0 0 0 0 0 0 0 0 0 0 0 0 0 0 0 0 0 0 0 0 0 0 0 0 0 0 0 0 0 0 0 0 0 0 0 0 0 0 0 0 0 0 0 0 0
0 0 0 0 0 0 0 0 0 0 0 0 0 0 0 0 0 0 0 0 0 0 0 0 0 0 0 0 0 0 0 0 0 0 0 0 0 0 0 0 0 0 0 0 0 0 0.000188874 0.000493807 0.00119646 0.00268433 0.0057171 0.0111974 0.0203928 0.0348402 0.0560901 0.0855156 0.124095 0.172166 0.22922 0.293538 0.361905 0.429635 0.491204 0.541673 0.578473 0.60287 0.620362 0.639258 0.666915 0.704965 0.747301 0.783369 0.804581 0.810104 0.809392 0.819065 0.853502 0.914308 0.988355 1.05507 1.09474 1.09372 1.04675 0.956785 0.833228 0.689401 0.539981 0.398745 0.276422 0.17922 0.108322 0.0608798 0.0317544 0.0153575 0.00687936 0.00284891 0.0010626 0.000371717 0 0 0 0 0 0 0 0 0 0 0 0 0 0 0 0 0 0 0 0 0 0 0 0 0 0 0 0 0 0 0 0 0 0 0 0 0 0 0 0 0 0 0 0 0 0 0 0 0 0 0 0
0 0 0 0 0 0 0 0 0 0 0 0 0 0 0 0 0 0 0 0 0 0 0 0 0 0 0 0 0 0 0 0 0 0 0 0 0 0 0 0 0 0 0 0 0 0 0.00016834 0.000441593 0.00107437 0.00242551 0.00516712 0.0101831 0.018771 0.0325464 0.0532897 0.0827144 0.122124 0.172005 0.231619 0.298676 0.369114 0.4374 0.497375 0.543841 0.574379 0.590732 0.59894 0.607778 0.625274 0.654416 0.691039 0.726452 0.753303 0.771316 0.789954 0.825374 0.890324 0.983294 1.08703 1.17641 1.2279 1.22645 1.16852 1.06116 0.918256 0.756242 0.591091 0.436651 0.303417 0.19744 0.119862 0.0676915 0.0354965 0.0172604 0.00777764 0.00324704 0.00125445 0.0004192 0 0 0 0 0 0 0 0 0 0 0 0 0 0 0 0 0 0 0 0 0 0 0 0 0 0 0 0 0 0 0 0 0 0 0 0 0 0 0 0 0 0 0 0 0 0 0 0 0 0 0 0
0 0 0 0 0 0 0 0 0 0 0 0 0 0 0 0 0 0 0 0 0 0 0 0 0 0 0 0 0 0 0 0 0 0 0 0 0 0 0 0 0 0 0 0 0 0 0.000139717 0.000368543 0.000902775 0.00207063 0.00441343 0.00884919 0.0166258 0.0294312 0.0492586 0.078128 0.117645 0.168466 0.229737 0.298772 0.370964 0.440175 0.499802 0.544414 0.571569 0.583086 0.584977 0.585871 0.594009 0.613662 0.643087 0.676124 0.707021 0.735826 0.771354 0.828624 0.919133 1.03966 1.17002 1.28069 1.34377 1.34194 1.27277 1.14737 0.984685 0.805 0.625987 0.461341 0.32066 0.209166 0.127503 0.072408 0.0382273 0.0187398 0.00852703 0.00359954 0.00141319 0.000487646 0 0 0 0 0 0 0 0 0 0 0 0 0 0 0 0 0 0 0 0 0 0 0 0 0 0 0 0 0 0 0 0 0 0 0 0 0 0 0 0 0 0 0 0 0 0 0 0 0 0 0 0
0 0 0 0 0 0 0 0 0 0 0 0 0 0 0 0 0 0 0 0 0 0 0 0 0 0 0 0 0 0 0 0 0 0 0 0 0 0 0 0 0 0 0 0 0 0 0.00010903 0.000290418 0.000720457 0.00167999 0.00364976 0.00744783 0.0143461 0.0260198 0.0445972 0.072266 0.110827 0.161033 0.221992 0.290818 0.36264 0.431115 0.489565 0.532627 0.557973 0.567368 0.566479 0.563274 0.56555 0.578218 0.601597 0.632127 0.66594 0.703426 0.752386 0.826423 0.936229 1.07806 1.22991 1.35861 1.43219 1.43083 1.35269 1.21218 1.03274 0.838436 0.648653 0.476906 0.331677 0.217082 0.133104 0.0761987 0.0406425 0.0201772 0.00932308 0.00401034 0.00161027 0.000602988 0.000177147 0 0 0 0 0 0 0 0 0 0 0 0 0 0 0 0 0 0 0 0 0 0 0 0 0 0 0 0 0 0 0 0 0 0 0 0 0 0 0 0 0 0 0 0 0 0 0 0 0 0 0
0 0 0 0 0 0 0 0 0 0 0 0 0 0 0 0 0 0 0 0 0 0 0 0 0 0 0 0 0 0 0 0 0 0 0 0 0 0 0 0 0 0 0 0 0 0 8.19366e-05 0.000222018 0.000561699 0.00134086 0.00298563 0.00624906 0.0123245 0.022873 0.0399974 0.0659372 0.102512 0.150495 0.208969 0.274992 0.343681 0.408841 0.464178 0.504829 0.52887 0.53811 0.537681 0.534496 0.53525 0.544629 0.564252 0.592981 0.629017 0.67327 0.732289 0.817931 0.940194 1.09565 1.26181 1.40336 1.48544 1.48632 1.40419 1.25545 1.06642 0.863603 0.667516 0.491507 0.343269 0.226211 0.140007 0.0811059 0.0438883 0.0221673 0.0104536 0.00460599 0.00190124 0.000736342 0.000136101 0 0 0 0 0 0 0 0 0 0 0 0 0 0 0 0 0 0 0 0 0 0 0 0 0 0 0 0 0 0 0 0 0 0 0 0 0 0 0 0 0 0 0 0 0 0 0 0 0 0 0
0 0 0 0 0 0 0 0 0 0 0 0 0 0 0 0 0 0 0 0 0 0 0 0 0 0 0 0 0 0 0 0 0 0 0 0 0 0 0 0 0 0 0 0 0 0 6.20237e-05 0.00017213 0.000446388 0.00109391 0.00249425 0.00533504 0.0107117 0.0202087 0.0358006 0.059617 0.0934052 0.137895 0.192133 0.253226 0.316473 0.376124 0.426589 0.463858 0.486736 0.497218 0.499842 0.500146 0.503162 0.512647 0.530852 0.558726 0.596627 0.646015 0.711912 0.803928 0.93127 1.09155 1.26343 1.41148 1.49972 1.50541 1.42636 1.27919 1.09073 0.887787 0.69078 0.512855 0.361712 0.241091 0.151163 0.0888713 0.0489068 0.0251805 0.0121363 0.0054809 0.00232469 0.000927286 0.000210397 0 0 0 0 0 0 0 0 0 0 0 0 0 0 0 0 0 0 0 0 0 0 0 0 0 0 0 0 0 0 0 0 0 0 0 0 0 0 0 0 0 0 0 0 0 0 0 0 0 0 0
0 0 0 0 0 0 0 0 0 0 0 0 0 0 0 0 0 0 0 0 0 0 0 0 0 0 0 0 0 0 0 0 0 0 0 0 0 0 0 0 0 0 0 0 0 0 4.94448e-05 0.000140314 0.000371235 0.000927432 0.00214592 0.00464459 0.00941121 0.0178686 0.0318338 0.0532271 0.083673 0.123783 0.172673 0.227609 0.284261 0.337478 0.382526 0.416426 0.438822 0.451995 0.459824 0.466261 0.474376 0.486562 0.505237 0.533059 0.572369 0.625052 0.694297 0.787064 0.911628 1.0674 1.23594 1.38382 1.47587 1.48917 1.42065 1.28544 1.10826 0.913793 0.721088 0.543136 0.388604 0.262736 0.167148 0.0997843 0.0558277 0.0292709 0.0143933 0.00664555 0.00288639 0.0011805 0.000314677 0 0 0 0 0 0 0 0 0 0 0 0 0 0 0 0 0 0 0 0 0 0 0 0 0 0 0 0 0 0 0 0 0 0 0 0 0 0 0 0 0 0 0 0 0 0 0 0 0 0 0
0 0 0 0 0 0 0 0 0 0 0 0 0 0 0 0 0 0 0 0 0 0 0 0 0 0 0 0 0 0 0 0 0 0 0 0 0 0 0 0 0 0 0 0 0 0 0 0.000118785 0.000316977 0.00079878 0.00185683 0.00403084 0.00818268 0.0155582 0.0277436 0.0464638 0.0731381 0.108374 0.151418 0.199894 0.250004 0.29735 0.338099 0.3702 0.394065 0.412126 0.427533 0.442581 0.458296 0.475497 0.496281 0.524449 0.563949 0.617048 0.685159 0.772477 0.886244 1.02827 1.18456 1.32568 1.41877 1.44143 1.38922 1.2741 1.11661 0.937442 0.753346 0.577281 0.419603 0.287881 0.185756 0.112492 0.0638962 0.0340529 0.0170435 0.00802424 0.00355736 0.00148591 0.000454372 0.000169677 0 0 0 0 0 0 0 0 0 0 0 0 0 0 0 0 0 0 0 0 0 0 0 0 0 0 0 0 0 0 0 0 0 0 0 0 0 0 0 0 0 0 0 0 0 0 0 0 0 0
0 0 0 0 0 0 0 0 0 0 0 0 0 0 0 0 0 0 0 0 0 0 0 0 0 0 0 0 0 0 0 0 0 0 0 0 0 0 0 0 0 0 0 0 0 0 0 9.99959e-05 0.000266724 0.00066193 0.00156435 0.00339281 0.00689398 0.0131072 0.0234116 0.0392576 0.0619651 0.0922019 0.129482 0.171984 0.216676 0.260029 0.299097 0.332602 0.361397 0.387889 0.414365 0.44151 0.468289 0.493607 0.518454 0.546782 0.583732 0.632394 0.693262 0.768205 0.863282 0.982847 1.11842 1.24605 1.33626 1.3675 1.33355 1.24224 1.10872 0.948839 0.776689 0.605204 0.44652 0.310563 0.203038 0.124604 0.0717761 0.0388356 0.0197589 0.00946625 0.00427328 0.00181774 0.000607484 0.000229186 0 0 0 0 0 0 0 0 0 0 0 0 0 0 0 0 0 0 0 0 0 0 0 0 0 0 0 0 0 0 0 0 0 0 0 0 0 0 0 0 0 0 0 0 0 0 0 0 0 0
0 0 0 0 0 0 0 0 0 0 0 0 0 0 0 0 0 0 0 0 0 0 0 0 0 0 0 0 0 0 0 0 0 0 0 0 0 0 0 0 0 0 0 0 0 0 0 8.10636e-05 0.000214999 0.000531108 0.00125627 0.00274533 0.00556282 0.0106378 0.019041 0.0320959 0.0510529 0.0766904 0.109029 0.146977 0.188498 0.231039 0.272498 0.312134 0.35096 0.391094 0.43391 0.478452 0.521404 0.559089 0.590274 0.617893 0.647782 0.684787 0.730203 0.784796 0.853449 0.942535 1.04939 1.15632 1.23784 1.27336 1.25475 1.18562 1.07578 0.936404 0.778924 0.615866 0.46045 0.324277 0.214645 0.133426 0.0779136 0.0427786 0.0221079 0.0107644 0.00493899 0.00204207 0.000760342 0.000289155 0 0 0 0 0 0 0 0 0 0 0 0 0 0 0 0 0 0 0 0 0 0 0 0 0 0 0 0 0 0 0 0 0 0 0 0 0 0 0 0 0 0 0 0 0 0 0 0 0 0
0 0 0 0 0 0 0 0 0 0 0 0 0 0 0 0 0 0 0 0 0 0 0 0 0 0 0 0 0 0 0 0 0 0 0 0 0 0 0 0 0 0 0 0 0 0 0 0 0.000164416 0.000403037 0.000998085 0.00215424 0.00437358 0.00846561 0.0152771 0.0260505 0.0421004 0.0644933 0.0938754 0.130114 0.172257 0.218765 0.268187 0.320042 0.375211 0.43532 0.500756 0.568754 0.633313 0.687452 0.726789 0.752302 0.769997 0.787046 0.807486 0.832889 0.867427 0.918732 0.989294 1.06789 1.13316 1.16545 1.15496 1.10185 1.01169 0.891844 0.751215 0.601146 0.454717 0.324019 0.217095 0.136701 0.0809299 0.0450864 0.0236564 0.0116933 0.00544317 0.00232382 0.000889046 0.000340106 0 0 0 0 0 0 0 0 0 0 0 0 0 0 0 0 0 0 0 0 0 0 0 0 0 0 0 0 0 0 0 0 0 0 0 0 0 0 0 0 0 0 0 0 0 0 0 0 0 0
0 0 0 0 0 0 0 0 0 0 0 0 0 0 0 0 0 0 0 0 0 0 0 0 0 0 0 0 0 0 0 0 0 0 0 0 0 0 0 0 0 0 0 0 0 0 0 0 0.000119683 0.000356892 0.00083027 0.00177967 0.00372744 0.0071887 0.0131389 0.0228383 0.0377381 0.0594677 0.0893815 0.12836 0.176433 0.232823 0.296424 0.36668 0.444189 0.529956 0.623271 0.719366 0.809212 0.882116 0.930087 0.951683 0.952708 0.942747 0.92962 0.917503 0.910922 0.918152 0.945785 0.988726 1.02977 1.0501 1.03864 0.993232 0.916776 0.814055 0.691605 0.558767 0.427118 0.307831 0.208824 0.133264 0.0800238 0.0452397 0.0240763 0.012065 0.00568615 0.00248079 0.000970119 0.000372547 0 0 0 0 0 0 0 0 0 0 0 0 0 0 0 0 0 0 0 0 0 0 0 0 0 0 0 0 0 0 0 0 0 0 0 0 0 0 0 0 0 0 0 0 0 0 0 0 0 0
0 0 0 0 0 0 0 0 0 0 0 0 0 0 0 0 0 0 0 0 0 0 0 0 0 0 0 0 0 0 0 0 0 0 0 0 0 0 0 0 0 0 0 0 0 0 0 0 0 0.00037691 0.000840542 0.00180176 0.00382903 0.007408 0.013648 0.0240309 0.0403637 0.0648213 0.0995155 0.146145 0.205477 0.277174 0.360238 0.453882 0.558212 0.673446 0.797542 0.92361 1.03955 1.13094 1.18613 1.20127 1.18191 1.13997 1.0874 1.03194 0.979438 0.938562 0.918753 0.920553 0.931093 0.932437 0.91236 0.867244 0.798726 0.71016 0.606067 0.493244 0.380669 0.277512 0.190712 0.123418 0.0751919 0.0431198 0.0232648 0.011785 0.00556103 0.00248289 0.000987629 0.000379942 0 0 0 0 0 0 0 0 0 0 0 0 0 0 0 0 0 0 0 0 0 0 0 0 0 0 0 0 0 0 0 0 0 0 0 0 0 0 0 0 0 0 0 0 0 0 0 0 0 0
0 0 0 0 0 0 0 0 0 0 0 0 0 0 0 0 0 0 0 0 0 0 0 0 0 0 0 0 0 0 0 0 0 0 0 0 0 0 0 0 0 0 0 0 0 0 0 0 0.000207117 0.000475357 0.00107728 0.00234515 0.00473536 0.00911583 0.0167895 0.0295317 0.0496777 0.0799135 0.123 0.181244 0.255896 0.346895 0.45317 0.573471 0.707083 0.853019 1.00766 1.16205 1.30131 1.40775 1.46657 1.47178 1.42887 1.35209 1.25747 1.1567 1.05741 0.96841 0.900647 0.859391 0.83662 0.815789 0.783465 0.73466 0.670366 0.593336 0.506612 0.414419 0.322696 0.238008 0.165785 0.108838 0.0672633 0.0390953 0.0213465 0.0108771 0.00519456 0.00222869 0.000938696 0.000361019 0 0 0 0 0 0 0 0 0 0 0 0 0 0 0 0 0 0 0 0 0 0 0 0 0 0 0 0 0 0 0 0 0 0 0 0 0 0 0 0 0 0 0 0 0 0 0 0 0 0
0 0 0 0 0 0 0 0 0 0 0 0 0 0 0 0 0 0 0 0 0 0 0 0 0 0 0 0 0 0 0 0 0 0 0 0 0 0 0 0 0 0 0 0 0 0 0 0 0.000309132 0.000688686 0.00146455 0.0031147 0.00619498 0.0118121 0.0216213 0.0378587 0.0633708 0.101386 0.155149 0.227367 0.319585 0.431826 0.562775 0.710437 0.872778 1.04716 1.22815 1.40498 1.56082 1.67571 1.73261 1.72407 1.65565 1.54382 1.40841 1.26497 1.12311 0.991352 0.880652 0.799449 0.744789 0.702702 0.658859 0.606491 0.545589 0.478529 0.407401 0.334339 0.262505 0.195897 0.138334 0.0921211 0.0577149 0.0339604 0.0187369 0.00965098 0.00466276 0.00198369 0.000835137 0.000320414 0 0 0 0 0 0 0 0 0 0 0 0 0 0 0 0 0 0 0 0 0 0 0 0 0 0 0 0 0 0 0 0 0 0 0 0 0 0 0 0 0 0 0 0 0 0 0 0 0 0
0 0 0 0 0 0 0 0 0 0 0 0 0 0 0 0 0 0 0 0 0 0 0 0 0 0 0 0 0 0 0 0 0 0 0 0 0 0 0 0 0 0 0 0 0 0 0 0.00019591 0.000448541 0.000971891 0.00201016 0.00411213 0.00800789 0.0150639 0.027319 0.0475132 0.0790248 0.125547 0.190637 0.277176 0.386779 0.519365 0.673197 0.845266 1.03186 1.22831 1.4273 1.61677 1.77908 1.8935 1.94212 1.91683 1.82346 1.68016 1.50985 1.33145 1.15643 0.992734 0.849907 0.737339 0.656379 0.596946 0.545029 0.491921 0.435877 0.378381 0.320815 0.263949 0.208941 0.157809 0.113003 0.0763313 0.0484785 0.0288723 0.0160722 0.0083789 0.00407889 0.00180707 0.000683389 0 0 0 0 0 0 0 0 0 0 0 0 0 0 0 0 0 0 0 0 0 0 0 0 0 0 0 0 0 0 0 0 0 0 0 0 0 0 0 0 0 0 0 0 0 0 0 0 0 0 0
0 0 0 0 0 0 0 0 0 0 0 0 0 0 0 0 0 0 0 0 0 0 0 0 0 0 0 0 0 0 0 0 0 0 0 0 0 0 0 0 0 0 0 0 0 0 0 0.00027738 0.000624184 0.0013231 0.00266834 0.00528947 0.0100342 0.0185232 0.0331565 0.057131 0.0942935 0.148664 0.223935 0.322912 0.447017 0.5959 0.767248 0.956948 1.15948 1.368 1.57356 1.76349 1.92064 2.0252 2.06 2.0172 1.90292 1.73611 1.54156 1.34055 1.14596 0.965022 0.804978 0.674062 0.576006 0.505015 0.449139 0.398568 0.34942 0.301607 0.255662 0.211526 0.169265 0.1297 0.0944176 0.0648813 0.041892 0.0253341 0.014348 0.0075908 0.00368291 0.00170139 0.000722197 0 0 0 0 0 0 0 0 0 0 0 0 0 0 0 0 0 0 0 0 0 0 0 0 0 0 0 0 0 0 0 0 0 0 0 0 0 0 0 0 0 0 0 0 0 0 0 0 0 0 0
0 0 0 0 0 0 0 0 0 0 0 0 0 0 0 0 0 0 0 0 0 0 0 0 0 0 0 0 0 0 0 0 0 0 0 0 0 0 0 0 0 0 0 0 0 0 0.000154547 0.000369273 0.000822074 0.00171659 0.00343577 0.00654488 0.0121051 0.0218501 0.0384398 0.0654099 0.106923 0.16717 0.24979 0.35731 0.490757 0.649336 0.830117 1.02793 1.23562 1.44449 1.64435 1.82274 1.96419 2.05135 2.06921 2.01111 1.88329 1.70455 1.49984 1.29136 1.09271 0.910353 0.74904 0.614622 0.511106 0.435936 0.380287 0.334689 0.293617 0.255201 0.218862 0.183985 0.150101 0.117593 0.0876487 0.0616773 0.0408078 0.0252587 0.014631 0.00790699 0.00395281 0.00185741 0.000806486 0 0 0 0 0 0 0 0 0 0 0 0 0 0 0 0 0 0 0 0 0 0 0 0 0 0 0 0 0 0 0 0 0 0 0 0 0 0 0 0 0 0 0 0 0 0 0 0 0 0 0
0 0 0 0 0 0 0 0 0 0 0 0 0 0 0 0 0 0 0 0 0 0 0 0 0 0 0 0 0 0 0 0 0 0 0 0 0 0 0 0 0 0 0 0 0 0 0.000192731 0.000458855 0.00101578 0.00210288 0.00414501 0.00775282 0.0140233 0.0247506 0.0426696 0.0714512 0.115353 0.178574 0.264569 0.3755 0.511919 0.672507 0.853714 1.0495 1.25152 1.44984 1.63369 1.79149 1.91031 1.97625 1.97738 1.90879 1.77677 1.59886 1.39869 1.19772 1.00939 0.839392 0.690498 0.566142 0.469317 0.398986 0.348834 0.310561 0.277931 0.247749 0.218441 0.188906 0.158527 0.127667 0.0976931 0.0705072 0.0477289 0.0301924 0.0177746 0.00972803 0.00496706 0.00234773 0.000983558 0.000404746 0 0 0 0 0 0 0 0 0 0 0 0 0 0 0 0 0 0 0 0 0 0 0 0 0 0 0 0 0 0 0 0 0 0 0 0 0 0 0 0 0 0 0 0 0 0 0 0 0 0
0 0 0 0 0 0 0 0 0 0 0 0 0 0 0 0 0 0 0 0 0 0 0 0 0 0 0 0 0 0 0 0 0 0 0 0 0 0 0 0 0 0 0 0 0 0 0.000222988 0.000530662 0.00117352 0.00242371 0.00474498 0.00879117 0.0156725 0.027144 0.0458401 0.0752882 0.119563 0.182673 0.267833 0.376917 0.510098 0.665584 0.839304 1.0246 1.21248 1.39255 1.55421 1.68728 1.78164 1.82701 1.81483 1.74208 1.61485 1.44881 1.26509 1.08317 0.915526 0.767198 0.639841 0.535296 0.455388 0.399049 0.360769 0.332837 0.308853 0.285031 0.259309 0.230414 0.197867 0.16249 0.126425 0.0925189 0.0633555 0.0404529 0.0239991 0.0132186 0.00676884 0.00320986 0.00139173 0.000568493 0 0 0 0 0 0 0 0 0 0 0 0 0 0 0 0 0 0 0 0 0 0 0 0 0 0 0 0 0 0 0 0 0 0 0 0 0 0 0 0 0 0 0 0 0 0 0 0 0 0
0 0 0 0 0 0 0 0 0 0 0 0 0 0 0 0 0 0 0 0 0 0 0 0 0 0 0 0 0 0 0 0 0 0 0 0 0 0 0 0 0 0 0 0 0 0 0.000239519 0.000571819 0.0012699 0.00263576 0.00517674 0.00961078 0.0170837 0.0292916 0.0486335 0.0782091 0.121554 0.182197 0.263064 0.365907 0.490825 0.635819 0.796463 0.965785 1.13469 1.29306 1.43121 1.54061 1.61363 1.64313 1.62338 1.55284 1.43724 1.29014 1.12969 0.972822 0.830617 0.707771 0.605804 0.526038 0.469326 0.433406 0.411861 0.39663 0.381261 0.361902 0.336505 0.303961 0.264214 0.218934 0.171484 0.12613 0.086697 0.0554865 0.0330103 0.0182241 0.00930407 0.00439102 0.00192925 0.000784521 0.000295222 0 0 0 0 0 0 0 0 0 0 0 0 0 0 0 0 0 0 0 0 0 0 0 0 0 0 0 0 0 0 0 0 0 0 0 0 0 0 0 0 0 0 0 0 0 0 0 0 0
0 0 0 0 0 0 0 0 0 0 0 0 0 0 0 0 0 0 0 0 0 0 0 0 0 0 0 0 0 0 0 0 0 0 0 0 0 0 0 0 0 0 0 0 0 0 0.000239775 0.000577279 0.00129673 0.00273048 0.00544419 0.0102619 0.0184314 0.0316474 0.0520558 0.0821124 0.124453 0.181691 0.256234 0.349847 0.462944 0.59379 0.737977 0.88857 1.03689 1.17376 1.29089 1.38141 1.43965 1.46048 1.43988 1.37709 1.27721 1.15179 1.01622 0.884976 0.767851 0.669667 0.592713 0.538629 0.507261 0.494278 0.491357 0.489552 0.482259 0.465767 0.438257 0.398998 0.348612 0.289844 0.227533 0.167609 0.115316 0.0738748 0.0439621 0.0242686 0.01236 0.00585933 0.00257039 0.00104317 0.000391595 0 0 0 0 0 0 0 0 0 0 0 0 0 0 0 0 0 0 0 0 0 0 0 0 0 0 0 0 0 0 0 0 0 0 0 0 0 0 0 0 0 0 0 0 0 0 0 0 0
0 0 0 0 0 0 0 0 0 0 0 0 0 0 0 0 0 0 0 0 0 0 0 0 0 0 0 0 0 0 0 0 0 0 0 0 0 0 0 0 0 0 0 0 0 0 0.000225489 0.000551768 0.00126581 0.00273351 0.00557609 0.0108212 0.0198212 0.0343732 0.0564302 0.0877969 0.129965 0.184203 0.251921 0.334715 0.43361 0.547717 0.673269 0.803893 0.931795 1.04925 1.1496 1.22756 1.2786 1.29841 1.28339 1.23269 1.15055 1.04677 0.934504 0.826241 0.730994 0.654289 0.599902 0.570133 0.563502 0.572966 0.587943 0.598367 0.597403 0.581579 0.54961 0.501433 0.438495 0.364679 0.286305 0.210907 0.145129 0.0929795 0.0553355 0.0305306 0.0156178 0.00737683 0.00323533 0.00131247 0.000492354 0 0 0 0 0 0 0 0 0 0 0 0 0 0 0 0 0 0 0 0 0 0 0 0 0 0 0 0 0 0 0 0 0 0 0 0 0 0 0 0 0 0 0 0 0 0 0 0 0
0 0 0 0 0 0 0 0 0 0 0 0 0 0 0 0 0 0 0 0 0 0 0 0 0 0 0 0 0 0 0 0 0 0 0 0 0 0 0 0 0 0 0 0 0 0 0.000201779 0.000506856 0.00119935 0.00267838 0.00564547 0.0112583 0.0210517 0.036931 0.0607309 0.0937295 0.136318 0.18825 0.249491 0.320978 0.404256 0.499728 0.605038 0.715048 0.823327 0.923857 1.01175 1.08294 1.13333 1.15839 1.15396 1.11843 1.05496 0.97191 0.880632 0.792193 0.715359 0.656983 0.6227 0.615285 0.631322 0.660733 0.690612 0.709849 0.711527 0.692837 0.653529 0.594638 0.518627 0.430361 0.337325 0.248231 0.170698 0.109324 0.0650556 0.03591 0.0183712 0.00867011 0.003804 0.00154365 0.000579195 0.000200909 0 0 0 0 0 0 0 0 0 0 0 0 0 0 0 0 0 0 0 0 0 0 0 0 0 0 0 0 0 0 0 0 0 0 0 0 0 0 0 0 0 0 0 0 0 0 0 0
0 0 0 0 0 0 0 0 0 0 0 0 0 0 0 0 0 0 0 0 0 0 0 0 0 0 0 0 0 0 0 0 0 0 0 0 0 0 0 0 0 0 0 0 0 0 0.000174533 0.000453881 0.00111355 0.00257365 0.00558758 0.011393 0.0216397 0.0382941 0.0631024 0.096939 0.139351 0.188785 0.243698 0.303967 0.371219 0.447213 0.531536 0.620946 0.710835 0.796955 0.875961 0.944631 0.99877 1.03301 1.04207 1.02327 0.978663 0.915295 0.843071 0.772058 0.711335 0.669445 0.653783 0.66686 0.702648 0.747944 0.787803 0.810403 0.809306 0.783036 0.733113 0.662219 0.574002 0.474028 0.370266 0.271829 0.186644 0.119422 0.0710339 0.03921 0.0200604 0.00950453 0.00415169 0.00168572 0.000632864 0.000219638 0 0 0 0 0 0 0 0 0 0 0 0 0 0 0 0 0 0 0 0 0 0 0 0 0 0 0 0 0 0 0 0 0 0 0 0 0 0 0 0 0 0 0 0 0 0 0 0
0 0 0 0 0 0 0 0 0 0 0 0 0 0 0 0 0 0 0 0 0 0 0 0 0 0 0 0 0 0 0 0 0 0 0 0 0 0 0 0 0 0 0 0 0 0 0.000147617 0.000398183 0.00100976 0.00239902 0.00532047 0.0110075 0.0211115 0.0375534 0.0619527 0.0948945 0.135388 0.181016 0.22909 0.278422 0.33032 0.387528 0.451665 0.521748 0.595177 0.669387 0.742226 0.810901 0.870782 0.91547 0.938515 0.936173 0.90946 0.864237 0.809224 0.75393 0.708154 0.682191 0.684463 0.716131 0.768006 0.824004 0.86769 0.887184 0.877258 0.838623 0.775298 0.692113 0.593969 0.486746 0.378072 0.27648 0.189336 0.120951 0.0718718 0.0396512 0.0202825 0.00961024 0.00419299 0.00170361 0.00064 0.000222252 0 0 0 0 0 0 0 0 0 0 0 0 0 0 0 0 0 0 0 0 0 0 0 0 0 0 0 0 0 0 0 0 0 0 0 0 0 0 0 0 0 0 0 0 0 0 0 0
0 0 0 0 0 0 0 0 0 0 0 0 0 0 0 0 0 0 0 0 0 0 0 0 0 0 0 0 0 0 0 0 0 0 0 0 0 0 0 0 0 0 0 0 0 0 0.000122092 0.000339417 0.000881948 0.002134 0.00479488 0.00998265 0.0192863 0.0343974 0.0567671 0.0867648 0.123168 0.163203 0.203621 0.242515 0.280742 0.321514 0.368049 0.421498 0.481157 0.545879 0.614335 0.683837 0.749211 0.803178 0.838434 0.850414 0.839256 0.809755 0.769711 0.728514 0.696974 0.686729 0.706135 0.753897 0.817498 0.87854 0.919819 0.930209 0.90647 0.852137 0.77423 0.679999 0.575516 0.466483 0.359399 0.261314 0.178247 0.113562 0.0673626 0.037123 0.0189772 0.00898922 0.00391459 0.00159139 0.00059819 0.000207856 0 0 0 0 0 0 0 0 0 0 0 0 0 0 0 0 0 0 0 0 0 0 0 0 0 0 0 0 0 0 0 0 0 0 0 0 0 0 0 0 0 0 0 0 0 0 0 0
0 0 0 0 0 0 0 0 0 0 0 0 0 0 0 0 0 0 0 0 0 0 0 0 0 0 0 0 0 0 0 0 0 0 0 0 0 0 0 0 0 0 0 0 0 0 0 0.000276844 0.000730282 0.00178599 0.00404191 0.00845483 0.0163713 0.0292331 0.0482398 0.0736147 0.10413 0.137128 0.16937 0.198738 0.225728 0.253583 0.286413 0.326903 0.37587 0.433219 0.498133 0.567851 0.636801 0.697226 0.741397 0.764315 0.765364 0.748371 0.720482 0.691346 0.67285 0.67736 0.711957 0.772243 0.842693 0.90339 0.937184 0.934445 0.894465 0.823896 0.732796 0.630598 0.524246 0.418843 0.319195 0.230243 0.156163 0.0990928 0.0586155 0.0322391 0.0164585 0.00778912 0.00338159 0.00137504 0.000517033 0.000179711 0 0 0 0 0 0 0 0 0 0 0 0 0 0 0 0 0 0 0 0 0 0 0 0 0 0 0 0 0 0 0 0 0 0 0 0 0 0 0 0 0 0 0 0 0 0 0 0
0 0 0 0 0 0 0 0 0 0 0 0 0 0 0 0 0 0 0 0 0 0 0 0 0 0 0 0 0 0 0 0 0 0 0 0 0 0 0 0 0 0 0 0 0 0 0 0.000212895 0.00056639 0.00139307 0.00316472 0.00663582 0.0128384 0.0229753 0.0379027 0.0577714 0.0815212 0.106895 0.131133 0.15232 0.170808 0.189594 0.212976 0.244393 0.285586 0.337187 0.398687 0.467334 0.537397 0.601068 0.650636 0.680844 0.690392 0.682232 0.663113 0.643215 0.635407 0.652053 0.698184 0.766265 0.838556 0.894501 0.917813 0.900817 0.845574 0.761611 0.661429 0.556002 0.452581 0.355305 0.26709 0.190677 0.128334 0.0809643 0.0476824 0.026137 0.0133081 0.00628509 0.00271489 0.00110336 0.000414695 0.000144091 0 0 0 0 0 0 0 0 0 0 0 0 0 0 0 0 0 0 0 0 0 0 0 0 0 0 0 0 0 0 0 0 0 0 0 0 0 0 0 0 0 0 0 0 0 0 0 0
0 0 0 0 0 0 0 0 0 0 0 0 0 0 0 0 0 0 0 0 0 0 0 0 0 0 0 0 0 0 0 0 0 0 0 0 0 0 0 0 0 0 0 0 0 0 0 0.000152798 0.000408323 0.00100731 0.00229267 0.00481304 0.00931823 0.0166372 0.0274947 0.0418707 0.0589897 0.0771382 0.0942465 0.108878 0.121412 0.134496 0.15209 0.177681 0.21341 0.260396 0.318446 0.38496 0.454351 0.519032 0.571396 0.60588 0.620439 0.617301 0.60311 0.588756 0.587841 0.612197 0.66458 0.734968 0.804431 0.852706 0.864927 0.835628 0.769363 0.677798 0.574834 0.471924 0.375882 0.289651 0.214455 0.15125 0.100803 0.0630848 0.0369003 0.020109 0.0101866 0.00478941 0.00208766 0.000831586 0.000311824 0 0 0 0 0 0 0 0 0 0 0 0 0 0 0 0 0 0 0 0 0 0 0 0 0 0 0 0 0 0 0 0 0 0 0 0 0 0 0 0 0 0 0 0 0 0 0 0 0
0 0 0 0 0 0 0 0 0 0 0 0 0 0 0 0 0 0 0 0 0 0 0 0 0 0 0 0 0 0 0 0 0 0 0 0 0 0 0 0 0 0 0 0 0 0 0 0 0.000272506 0.000673255 0.00153381 0.00322183 0.00623938 0.0111412 0.0183891 0.028006 0.0394206 0.0514841 0.062811 0.0725385 0.0811438 0.0909084 0.105183 0.127067 0.158805 0.201951 0.256742 0.320916 0.389215 0.454273 0.508329 0.545192 0.561992 0.560402 0.547253 0.534145 0.53517 0.561398 0.613794 0.680901 0.74368 0.782946 0.785626 0.748373 0.677559 0.585947 0.487514 0.392926 0.307786 0.233738 0.17085 0.119103 0.0785208 0.0486336 0.0281653 0.0152025 0.00763066 0.00355632 0.00153728 0.000604639 0.000225295 0 0 0 0 0 0 0 0 0 0 0 0 0 0 0 0 0 0 0 0 0 0 0 0 0 0 0 0 0 0 0 0 0 0 0 0 0 0 0 0 0 0 0 0 0 0 0 0 0
0 0 0 0 0 0 0 0 0 0 0 0 0 0 0 0 0 0 0 0 0 0 0 0 0 0 0 0 0 0 0 0 0 0 0 0 0 0 0 0 0 0 0 0 0 0 0 0 0.000167979 0.000415317 0.000946617 0.00198897 0.00385239 0.00687901 0.0113272 0.0172815 0.0243204 0.031769 0.0388274 0.0450899 0.0511793 0.0589695 0.0711438 0.0903085 0.118814 0.158701 0.210751 0.273168 0.341083 0.407117 0.462973 0.501505 0.518898 0.516403 0.501084 0.485052 0.482597 0.504283 0.550284 0.608983 0.662229 0.692468 0.688564 0.648855 0.580684 0.496656 0.409479 0.327893 0.255672 0.193335 0.140534 0.0972312 0.0634964 0.038896 0.0222546 0.0118586 0.00587364 0.0027006 0.00111541 0.000443982 0.000163445 0 0 0 0 0 0 0 0 0 0 0 0 0 0 0 0 0 0 0 0 0 0 0 0 0 0 0 0 0 0 0 0 0 0 0 0 0 0 0 0 0 0 0 0 0 0 0 0 0
0 0 0 0 0 0 0 0 0 0 0 0 0 0 0 0 0 0 0 0 0 0 0 0 0 0 0 0 0 0 0 0 0 0 0 0 0 0 0 0 0 0 0 0 0 0 0 0 0 0.000236287 0.000538696 0.00113203 0.00219275 0.00391559 0.00644756 0.00981679 0.0138521 0.0181306 0.0222934 0.0262522 0.0306618 0.0370606 0.0475053 0.0642956 0.0900149 0.127218 0.177213 0.238714 0.307147 0.374986 0.433145 0.47338 0.490919 0.486539 0.467257 0.445204 0.434509 0.445696 0.479489 0.52549 0.567241 0.589175 0.581952 0.545022 0.485688 0.415194 0.343796 0.277571 0.21836 0.16612 0.120914 0.0833792 0.0540668 0.0327997 0.0185521 0.00976061 0.00476895 0.00216141 0.000869852 0.000341688 0.000124008 0 0 0 0 0 0 0 0 0 0 0 0 0 0 0 0 0 0 0 0 0 0 0 0 0 0 0 0 0 0 0 0 0 0 0 0 0 0 0 0 0 0 0 0 0 0 0 0 0
0 0 0 0 0 0 0 0 0 0 0 0 0 0 0 0 0 0 0 0 0 0 0 0 0 0 0 0 0 0 0 0 0 0 0 0 0 0 0 0 0 0 0 0 0 0 0 0 0 0 0.000282594 0.0005939 0.00115045 0.00205448 0.00338358 0.00514374 0.00726951 0.00954711 0.0119243 0.0144068 0.0176455 0.0228329 0.0316609 0.0463885 0.0698497 0.105013 0.153582 0.214702 0.284046 0.353873 0.414428 0.456485 0.474382 0.468281 0.444753 0.415373 0.393623 0.390155 0.407383 0.43747 0.466447 0.480888 0.472953 0.442516 0.395873 0.341884 0.287658 0.236491 0.188885 0.144993 0.10579 0.0727428 0.0468685 0.02819 0.0157889 0.00822012 0.00397259 0.00178025 0.000697982 0.000271684 0 0 0 0 0 0 0 0 0 0 0 0 0 0 0 0 0 0 0 0 0 0 0 0 0 0 0 0 0 0 0 0 0 0 0 0 0 0 0 0 0 0 0 0 0 0 0 0 0 0
0 0 0 0 0 0 0 0 0 0 0 0 0 0 0 0 0 0 0 0 0 0 0 0 0 0 0 0 0 0 0 0 0 0 0 0 0 0 0 0 0 0 0 0 0 0 0 0 0 0 0 0.000287187 0.000556352 0.00099368 0.00163716 0.00249136 0.00353593 0.00468194 0.005958 0.00754207 0.009923 0.0140935 0.021589 0.0347538 0.0566369 0.0903616 0.137883 0.198671 0.268617 0.339896 0.402313 0.445945 0.464352 0.456989 0.429743 0.393328 0.360224 0.340899 0.339671 0.352196 0.36779 0.375296 0.36803 0.34562 0.312617 0.274928 0.236474 0.198373 0.160647 0.124087 0.090521 0.0619575 0.0396309 0.0236322 0.0131152 0.00676542 0.00324028 0.00143946 0.000549131 0.000212807 0 0 0 0 0 0 0 0 0 0 0 0 0 0 0 0 0 0 0 0 0 0 0 0 0 0 0 0 0 0 0 0 0 0 0 0 0 0 0 0 0 0 0 0 0 0 0 0 0 0
0 0 0 0 0 0 0 0 0 0 0 0 0 0 0 0 0 0 0 0 0 0 0 0 0 0 0 0 0 0 0 0 0 0 0 0 0 0 0 0 0 0 0 0 0 0 0 0 0 0 0 0 0.00024799 0.00044305 0.0007305 0.00111377 0.00157802 0.00215026 0.00284217 0.00384509 0.0056232 0.0090924 0.0157265 0.0279228 0.0487295 0.0813141 0.127801 0.187926 0.257793 0.329651 0.393102 0.437747 0.456488 0.44806 0.417641 0.375196 0.332305 0.298899 0.280453 0.275967 0.278532 0.279495 0.273062 0.258169 0.237251 0.213305 0.187665 0.160202 0.131009 0.101448 0.073806 0.0502073 0.0318542 0.0188223 0.0103483 0.00528941 0.00251152 0.00110683 0.000408979 0 0 0 0 0 0 0 0 0 0 0 0 0 0 0 0 0 0 0 0 0 0 0 0 0 0 0 0 0 0 0 0 0 0 0 0 0 0 0 0 0 0 0 0 0 0 0 0 0 0 0
0 0 0 0 0 0 0 0 0 0 0 0 0 0 0 0 0 0 0 0 0 0 0 0 0 0 0 0 0 0 0 0 0 0 0 0 0 0 0 0 0 0 0 0 0 0 0 0 0 0 0 0 0 0.000182126 0.000300694 0.000459992 0.000657113 0.000916399 0.00133126 0.00202992 0.00346463 0.00648785 0.0125975 0.0240812 0.04393 0.0752965 0.120383 0.179176 0.248065 0.319514 0.383101 0.428124 0.446919 0.437518 0.404454 0.357182 0.306817 0.262863 0.231088 0.212603 0.203875 0.198896 0.19274 0.183526 0.17168 0.157841 0.141676 0.122581 0.100851 0.078099 0.0565897 0.0382365 0.0240551 0.0140811 0.00766682 0.00388147 0.00182631 0.00067614 0 0 0 0 0 0 0 0 0 0 0 0 0 0 0 0 0 0 0 0 0 0 0 0 0 0 0 0 0 0 0 0 0 0 0 0 0 0 0 0 0 0 0 0 0 0 0 0 0 0 0 0
0 0 0 0 0 0 0 0 0 0 0 0 0 0 0 0 0 0 0 0 0 0 0 0 0 0 0 0 0 0 0 0 0 0 0 0 0 0 0 0 0 0 0 0 0 0 0 0 0 0 0 0 0 0 0 0.000175783 0.000254555 0.000393881 0.000622038 0.00120382 0.00244487 0.00518273 0.0108197 0.0215108 0.0401019 0.0696914 0.112566 0.168927 0.235554 0.305268 0.367878 0.41257 0.431227 0.421233 0.386507 0.336078 0.280914 0.230411 0.190362 0.162646 0.145793 0.136082 0.12958 0.123834 0.117746 0.110415 0.100734 0.0880038 0.072656 0.0561943 0.0405411 0.0272122 0.0169804 0.00984894 0.00531059 0.00266218 0.00124058 0.000433819 0 0 0 0 0 0 0 0 0 0 0 0 0 0 0 0 0 0 0 0 0 0 0 0 0 0 0 0 0 0 0 0 0 0 0 0 0 0 0 0 0 0 0 0 0 0 0 0 0 0 0 0
0 0 0 0 0 0 0 0 0 0 0 0 0 0 0 0 0 0 0 0 0 0 0 0 0 0 0 0 0 0 0 0 0 0 0 0 0 0 0 0 0 0 0 0 0 0 0 0 0 0 0 0 0 0 0 0 0 0.000185905 0.000361653 0.000816273 0.00191139 0.0043352 0.00936865 0.0189797 0.0358111 0.0627939 0.102246 0.154593 0.217076 0.28313 0.34307 0.386336 0.404626 0.394821 0.360163 0.309136 0.252413 0.199396 0.155934 0.124062 0.103042 0.0904953 0.0834579 0.0793565 0.0762828 0.0726052 0.0670357 0.0589446 0.0487513 0.0376359 0.0270413 0.0180422 0.011175 0.00642662 0.00343298 0.00170412 0.00056445 0 0 0 0 0 0 0 0 0 0 0 0 0 0 0 0 0 0 0 0 0 0 0 0 0 0 0 0 0 0 0 0 0 0 0 0 0 0 0 0 0 0 0 0 0 0 0 0 0 0 0 0 0
0 0 0 0 0 0 0 0 0 0 0 0 0 0 0 0 0 0 0 0 0 0 0 0 0 0 0 0 0 0 0 0 0 0 0 0 0 0 0 0 0 0 0 0 0 0 0 0 0 0 0 0 0 0 0 0 0 9.31053e-05 0.000233158 0.000605686 0.00151533 0.00356817 0.00784502 0.0160727 0.0306007 0.054095 0.08879 0.135303 0.191412 0.251375 0.306409 0.346654 0.364085 0.355319 0.32291 0.274481 0.219989 0.168483 0.125777 0.0939619 0.0724205 0.0592236 0.0520263 0.0485259 0.0466719 0.0447619 0.0416088 0.0367166 0.0303812 0.0234013 0.0167545 0.0111215 0.006844 0.00390601 0.00206867 0.00101734 0 0 0 0 0 0 0 0 0 0 0 0 0 0 0 0 0 0 0 0 0 0 0 0 0 0 0 0 0 0 0 0 0 0 0 0 0 0 0 0 0 0 0 0 0 0 0 0 0 0 0 0 0 0
0 0 0 0 0 0 0 0 0 0 0 0 0 0 0 0 0 0 0 0 0 0 0 0 0 0 0 0 0 0 0 0 0 0 0 0 0 0 0 0 0 0 0 0 0 0 0 0 0 0 0 0 0 0 0 0 0 6.46991e-05 0.000172214 0.000455117 0.00117026 0.0027933 0.00622451 0.0128744 0.0247267 0.044087 0.0729735 0.112105 0.159813 0.211335 0.259149 0.294583 0.310383 0.303246 0.275061 0.232297 0.183683 0.137359 0.0987618 0.0699734 0.0504667 0.038428 0.0317763 0.0285628 0.0270702 0.0258763 0.0240613 0.0212364 0.017556 0.0134845 0.00962614 0.00636281 0.00389442 0.00220814 0.00116062 0 0 0 0 0 0 0 0 0 0 0 0 0 0 0 0 0 0 0 0 0 0 0 0 0 0 0 0 0 0 0 0 0 0 0 0 0 0 0 0 0 0 0 0 0 0 0 0 0 0 0 0 0 0 0
0 0 0 0 0 0 0 0 0 0 0 0 0 0 0 0 0 0 0 0 0 0 0 0 0 0 0 0 0 0 0 0 0 0 0 0 0 0 0 0 0 0 0 0 0 0 0 0 0 0 0 0 0 0 0 0 0 4.31488e-05 0.000120854 0.000329166 0.000855868 0.00206623 0.00464262 0.00968986 0.0187813 0.0337808 0.056387 0.0873281 0.125412 0.166934 0.205846 0.235039 0.248436 0.243105 0.220378 0.185393 0.145271 0.106791 0.0746105 0.0506428 0.0345319 0.0246672 0.0191643 0.0163707 0.0149859 0.0140793 0.0129778 0.0114037 0.00934406 0.00719129 0.00512166 0.00337388 0.00205591 0.00106089 0 0 0 0 0 0 0 0 0 0 0 0 0 0 0 0 0 0 0 0 0 0 0 0 0 0 0 0 0 0 0 0 0 0 0 0 0 0 0 0 0 0 0 0 0 0 0 0 0 0 0 0 0 0 0 0
0 0 0 0 0 0 0 0 0 0 0 0 0 0 0 0 0 0 0 0 0 0 0 0 0 0 0 0 0 0 0 0 0 0 0 0 0 0 0 0 0 0 0 0 0 0 0 0 0 0 0 0 0 0 0 0 0 2.74994e-05 8.01032e-05 0.000223105 0.000583696 0.00143036 0.00324413 0.00683337 0.0133607 0.0242406 0.0407948 0.063657 0.0920333 0.12322 0.15269 0.17503 0.185545 0.181871 0.164892 0.138421 0.107845 0.0783677 0.0536318 0.035216 0.0229252 0.0155142 0.0113975 0.00921023 0.00801976 0.00726661 0.00655556 0.00569471 0.00461122 0.0035458 0.00252073 0.00158998 0.00095439 0 0 0 0 0 0 0 0 0 0 0 0 0 0 0 0 0 0 0 0 0 0 0 0 0 0 0 0 0 0 0 0 0 0 0 0 0 0 0 0 0 0 0 0 0 0 0 0 0 0 0 0 0 0 0 0 0
0 0 0 0 0 0 0 0 0 0 0 0 0 0 0 0 0 0 0 0 0 0 0 0 0 0 0 0 0 0 0 0 0 0 0 0 0 0 0 0 0 0 0 0 0 0 0 0 0 0 0 0 0 0 0 0 0 1.66391e-05 4.99189e-05 0.000141449 0.00037459 0.000923067 0.002119 0.004504 0.00888299 0.0162486 0.0275498 0.0432718 0.0629293 0.0846721 0.105356 0.12117 0.128766 0.126415 0.114674 0.0961644 0.0746671 0.0538523 0.0363352 0.0232805 0.0146032 0.0094378 0.00661349 0.00507359 0.00418538 0.00359803 0.00312548 0.0026552 0.0020725 0.00158604 0.00111996 0.000729303 0 0 0 0 0 0 0 0 0 0 0 0 0 0 0 0 0 0 0 0 0 0 0 0 0 0 0 0 0 0 0 0 0 0 0 0 0 0 0 0 0 0 0 0 0 0 0 0 0 0 0 0 0 0 0 0 0 0
0 0 0 0 0 0 0 0 0 0 0 0 0 0 0 0 0 0 0 0 0 0 0 0 0 0 0 0 0 0 0 0 0 0 0 0 0 0 0 0 0 0 0 0 0 0 0 0 0 0 0 0 0 0 0 0 0 0 2.91554e-05 8.37837e-05 0.000224402 0.000558458 0.00129033 0.00277062 0.00550866 0.0101503 0.0173225 0.0273631 0.0399836 0.0540209 0.0674412 0.0777722 0.0828146 0.0814146 0.0738944 0.0619447 0.0480022 0.0344603 0.0230338 0.0145032 0.00883749 0.00548994 0.00369304 0.00272073 0.00213179 0.00172396 0.00141637 0.00115672 0.000875272 0.000670209 0.0004734 0 0 0 0 0 0 0 0 0 0 0 0 0 0 0 0 0 0 0 0 0 0 0 0 0 0 0 0 0 0 0 0 0 0 0 0 0 0 0 0 0 0 0 0 0 0 0 0 0 0 0 0 0 0 0 0 0 0 0
0 0 0 0 0 0 0 0 0 0 0 0 0 0 0 0 0 0 0 0 0 0 0 0 0 0 0 0 0 0 0 0 0 0 0 0 0 0 0 0 0 0 0 0 0 0 0 0 0 0 0 0 0 0 0 0 0 0 1.58582e-05 4.62833e-05 0.000125357 0.00031503 0.000734387 0.00158699 0.00318075 0.00589789 0.0101206 0.0160619 0.0235626 0.0319355 0.0399768 0.0461966 0.0492709 0.0484942 0.0440414 0.0369169 0.0285754 0.0204555 0.01359 0.00845482 0.00503981 0.00302711 0.0019584 0.00139926 0.00105445 0.000807777 0.000623994 0.000410607 0.000340775 0 0 0 0 0 0 0 0 0 0 0 0 0 0 0 0 0 0 0 0 0 0 0 0 0 0 0 0 0 0 0 0 0 0 0 0 0 0 0 0 0 0 0 0 0 0 0 0 0 0 0 0 0 0 0 0 0 0 0 0 0
0 0 0 0 0 0 0 0 0 0 0 0 0 0 0 0 0 0 0 0 0 0 0 0 0 0 0 0 0 0 0 0 0 0 0 0 0 0 0 0 0 0 0 0 0 0 0 0 0 0 0 0 0 0 0 0 0 0 8.12588e-06 2.39315e-05 6.5389e-05 0.000165698 0.000389205 0.000846901 0.00170613 0.00318201 0.00548484 0.00873738 0.0128576 0.0174709 0.021913 0.025365 0.0270873 0.0266835 0.0242465 0.0203248 0.0157243 0.0112367 0.00743603 0.00458852 0.00269067 0.00156786 0.000981664 0.000681016 0.000498778 0.000366564 0.000267241 0 0 0 0 0 0 0 0 0 0 0 0 0 0 0 0 0 0 0 0 0 0 0 0 0 0 0 0 0 0 0 0 0 0 0 0 0 0 0 0 0 0 0 0 0 0 0 0 0 0 0 0 0 0 0 0 0 0 0 0 0 0 0
0 0 0 0 0 0 0 0 0 0 0 0 0 0 0 0 0 0 0 0 0 0 0 0 0 0 0 0 0 0 0 0 0 0 0 0 0 0 0 0 0 0 0 0 0 0 0 0 0 0 0 0 0 0 0 0 0 0 0 1.1535e-05 3.17749e-05 8.11189e-05 0.000191811 0.000419827 0.000850033 0.0015912 0.00275239 0.00439905 0.00648912 0.00883462 0.0110984 0.0128615 0.0137491 0.0135538 0.0123216 0.0103298 0.00798734 0.00570262 0.00376386 0.00230893 0.00133615 0.000762057 0.000461406 0.000306648 0.000216054 0.000149028 0 0 0 0 0 0 0 0 0 0 0 0 0 0 0 0 0 0 0 0 0 0 0 0 0 0 0 0 0 0 0 0 0 0 0 0 0 0 0 0 0 0 0 0 0 0 0 0 0 0 0 0 0 0 0 0 0 0 0 0 0 0 0 0
0 0 0 0 0 0 0 0 0 0 0 0 0 0 0 0 0 0 0 0 0 0 0 0 0 0 0 0 0 0 0 0 0 0 0 0 0 0 0 0 0 0 0 0 0 0 0 0 0 0 0 0 0 0 0 0 0 0 0 5.17822e-06 1.43673e-05 3.69145e-05 8.77757e-05 0.000193041 0.000392437 0.000737091 0.00127857 0.0020474 0.00302568 0.00412638 0.00518987 0.00602008 0.0064393 0.006352 0.00577659 0.00484366 0.00374494 0.00267204 0.00176092 0.00107459 0.000617034 0.000344835 0.000201867 0.000131567 9.16632e-05 0 0 0 0 0 0 0 0 0 0 0 0 0 0 0 0 0 0 0 0 0 0 0 0 0 0 0 0 0 0 0 0 0 0 0 0 0 0 0 0 0 0 0 0 0 0 0 0 0 0 0 0 0 0 0 0 0 0 0 0 0 0 0 0 0
0 0 0 0 0 0 0 0 0 0 0 0 0 0 0 0 0 0 0 0 0 0 0 0 0 0 0 0 0 0 0 0 0 0 0 0 0 0 0 0 0 0 0 0 0 0 0 0 0 0 0 0 0 0 0 0 0 0 0 0 6.03654e-06 1.55928e-05 3.72461e-05 8.2227e-05 0.000167693 0.000315801 0.000548964 0.000880589 0.00130318 0.00177885 0.0022393 0.00259934 0.00278191 0.0027453 0.00249708 0.00209457 0.00161943 0.00115226 0.000759105 0.000462956 0.000264111 0.000145329 8.27216e-05 5.23658e-05 3.59429e-05 0 0 0 0 0 0 0 0 0 0 0 0 0 0 0 0 0 0 0 0 0 0 0 0 0 0 0 0 0 0 0 0 0 0 0 0 0 0 0 0 0 0 0 0 0 0 0 0 0 0 0 0 0 0 0 0 0 0 0 0 0 0 0 0 0
0 0 0 0 0 0 0 0 0 0 0 0 0 0 0 0 0 0 0 0 0 0 0 0 0 0 0 0 0 0 0 0 0 0 0 0 0 0 0 0 0 0 0 0 0 0 0 0 0 0 0 0 0 0 0 0 0 0 0 0 0 5.76651e-06 1.46368e-05 3.24107e-05 6.62623e-05 0.000125035 0.000217704 0.000349679 0.000518027 0.000707707 0.000891483 0.00103538 0.00110857 0.00109417 0.00099549 0.000832993 0.000644188 0.000459126 0.000302105 0.000183164 0.000104558 5.68068e-05 3.14977e-05 1.9328e-05 0 0 0 0 0 0 0 0 0 0 0 0 0 0 0 0 0 0 0 0 0 0 0 0 0 0 0 0 0 0 0 0 0 0 0 0 0 0 0 0 0 0 0 0 0 0 0 0 0 0 0 0 0 0 0 0 0 0 0 0 0 0 0 0 0 0
0 0 0 0 0 0 0 0 0 0 0 0 0 0 0 0 0 0 0 0 0 0 0 0 0 0 0 0 0 0 0 0 0 0 0 0 0 0 0 0 0 0 0 0 0 0 0 0 0 0 0 0 0 0 0 0 0 0 0 0 0 0 5.14396e-06 1.14961e-05 2.36784e-05 4.57186e-05 7.97006e-05 0.00012814 0.000189981 0.00025971 0.000327316 0.000380296 0.000405961 0.000401064 0.000365166 0.000306417 0.000236967 0.00016889 0.000110936 6.71555e-05 3.74667e-05 2.04261e-05 1.10296e-05 0 0 0 0 0 0 0 0 0 0 0 0 0 0 0 0 0 0 0 0 0 0 0 0 0 0 0 0 0 0 0 0 0 0 0 0 0 0 0 0 0 0 0 0 0 0 0 0 0 0 0 0 0 0 0 0 0 0 0 0 0 0 0 0 0 0 0
0 0 0 0 0 0 0 0 0 0 0 0 0 0 0 0 0 0 0 0 0 0 0 0 0 0 0 0 0 0 0 0 0 0 0 0 0 0 0 0 0 0 0 0 0 0 0 0 0 0 0 0 0 0 0 0 0 0 0 0 0 0 0 3.89739e-06 8.02747e-06 1.52381e-05 2.66579e-05 4.29804e-05 6.38648e-05 8.74584e-05 0.00011038 0.000128388 0.000137628 0.000135968 0.000123798 0.000103881 8.03356e-05 5.7257e-05 3.76094e-05 2.27671e-05 1.2702e-05 0 0 0 0 0 0 0 0 0 0 0 0 0 0 0 0 0 0 0 0 0 0 0 0 0 0 0 0 0 0 0 0 0 0 0 0 0 0 0 0 0 0 0 0 0 0 0 0 0 0 0 0 0 0 0 0 0 0 0 0 0 0 0 0 0 0 0 0 0
0 0 0 0 0 0 0 0 0 0 0 0 0 0 0 0 0 0 0 0 0 0 0 0 0 0 0 0 0 0 0 0 0 0 0 0 0 0 0 0 0 0 0 0 0 0 0 0 0 0 0 0 0 0 0 0 0 0 0 0 0 0 0 0 2.50811e-06 4.76101e-06 8.32909e-06 1.34289e-05 1.9954e-05 2.73259e-05 3.44873e-05 4.01139e-05 4.30007e-05 4.2482e-05 3.86796e-05 3.24568e-05 2.51003e-05 1.78894e-05 1.17507e-05 7.11333e-06 0 0 0 0 0 0 0 0 0 0 0 0 0 0 0 0 0 0 0 0 0 0 0 0 0 0 0 0 0 0 0 0 0 0 0 0 0 0 0 0 0 0 0 0 0 0 0 0 0 0 0 0 0 0 0 0 0 0 0 0 0 0 0 0 0 0 0 0 0 0
0 0 0 0 0 0 0 0 0 0 0 0 0 0 0 0 0 0 0 0 0 0 0 0 0 0 0 0 0 0 0 0 0 0 0 0 0 0 0 0 0 0 0 0 0 0 0 0 0 0 0 0 0 0 0 0 0 0 0 0 0 0 0 0 0 0 2.39835e-06 3.86685e-06 5.74579e-06 7.86842e-06 9.93061e-06 1.15508e-05 1.23821e-05 1.22327e-05 1.11378e-05 9.34595e-06 7.2276e-06 0 0 0 0 0 0 0 0 0 0 0 0 0 0 0 0 0 0 0 0 0 0 0 0 0 0 0 0 0 0 0 0 0 0 0 0 0 0 0 0 0 0 0 0 0 0 0 0 0 0 0 0 0 0 0 0 0 0 0 0 0 0 0 0 0 0 0 0 0 0 0 0 0
0 0 0 0 0 0 0 0 0 0 0 0 0 0 0 0 0 0 0 0 0 0 0 0 0 0 0 0 0 0 0 0 0 0 0 0 0 0 0 0 0 0 0 0 0 0 0 0 0 0 0 0 0 0 0 0 0 0 0 0 0 0 0 0 0 0 0 0 0 2.08813e-06 2.63536e-06 3.06533e-06 3.28592e-06 0 0 0 0 0 0 0 0 0 0 0 0 0 0 0 0 0 0 0 0 0 0 0 0 0 0 0 0 0 0 0 0 0 0 0 0 0 0 0 0 0 0 0 0 0 0 0 0 0 0 0 0 0 0 0 0 0 0 0 0 0 0 0 0 0 0 0 0 0 0 0 0 0 0 0 0 0
0 0 0 0 0 0 0 0 0 0 0 0 0 0 0 0 0 0 0 0 0 0 0 0 0 0 0 0 0 0 0 0 0 0 0 0 0 0 0 0 0 0 0 0 0 0 0 0 0 0 0 0 0 0 0 0 0 0 0 0 0 0 0 0 0 0 0 0 0 0 0 0 0 0 0 0 0 0 0 0 0 0 0 0 0 0 0 0 0 0 0 0 0 0 0 0 0 0 0 0 0 0 0 0 0 0 0 0 0 0 0 0 0 0 0 0 0 0 0 0 0 0 0 0 0 0 0 0 0 0 0 0 0 0 0 0 0 0 0 0 0 0 0 0 0 0 0 0 0 0
0 0 0 0 0 0 0 0 0 0 0 0 0 0 0 0 0 0 0 0 0 0 0 0 0 0 0 0 0 0 0 0 0 0 0 0 0 0 0 0 0 0 0 0 0 0 0 0 0 0 0 0 0 0 0 0 0 0 0 0 0 0 0 0 0 0 0 0 0 0 0 0 0 0 0 0 0 0 0 0 0 0 0 0 0 0 0 0 0 0 0 0 0 0 0 0 0 0 0 0 0 0 0 0 0 0 0 0 0 0 0 0 0 0 0 0 0 0 0 0 0 0 0 0 0 0 0 0 0 0 0 0 0 0 0 0 0 0 0 0 0 0 0 0 0 0 0 0 0 0
0 0 0 0 0 0 0 0 0 0 0 0 0 0 0 0 0 0 0 0 0 0 0 0 0 0 0 0 0 0 0 0 0 0 0 0 0 0 0 0 0 0 0 0 0 0 0 0 0 0 0 0 0 0 0 0 0 0 0 0 0 0 0 0 0 0 0 0 0 0 0 0 0 0 0 0 0 0 0 0 0 0 0 0 0 0 0 0 0 0 0 0 0 0 0 0 0 0 0 0 0 0 0 0 0 0 0 0 0 0 0 0 0 0 0 0 0 0 0 0 0 0 0 0 0 0 0 0 0 0 0 0 0 0 0 0 0 0 0 0 0 0 0 0 0 0 0 0 0 0
0 0 0 0 0 0 0 0 0 0 0 0 0 0 0 0 0 0 0 0 0 0 0 0 0 0 0 0 0 0 0 0 0 0 0 0 0 0 0 0 0 0 0 0 0 0 0 0 0 0 0 0 0 0 0 0 0 0 0 0 0 0 0 0 0 0 0 0 0 0 0 0 0 0 0 0 0 0 0 0 0 0 0 0 0 0 0 0 0 0 0 0 0 0 0 0 0 0 0 0 0 0 0 0 0 0 0 0 0 0 0 0 0 0 0 0 0 0 0 0 0 0 0 0 0 0 0 0 0 0 0 0 0 0 0 0 0 0 0 0 0 0 0 0 0 0 0 0 0 0
0 0 0 0 0 0 0 0 0 0 0 0 0 0 0 0 0 0 0 0 0 0 0 0 0 0 0 0 0 0 0 0 0 0 0 0 0 0 0 0 0 0 0 0 0 0 0 0 0 0 0 0 0 0 0 0 0 0 0 0 0 0 0 0 0 0 0 0 0 0 0 0 0 0 0 0 0 0 0 0 0 0 0 0 0 0 0 0 0 0 0 0 0 0 0 0 0 0 0 0 0 0 0 0 0 0 0 0 0 0 0 0 0 0 0 0 0 0 0 0 0 0 0 0 0 0 0 0 0 0 0 0 0 0 0 0 0 0 0 0 0 0 0 0 0 0 0 0 0 0
0 0 0 0 0 0 0 0 0 0 0 0 0 0 0 0 0 0 0 0 0 0 0 0 0 0 0 0 0 0 0 0 0 0 0 0 0 0 0 0 0 0 0 0 0 0 0 0 0 0 0 0 0 0 0 0 0 0 0 0 0 0 0 0 0 0 0 0 0 0 0 0 0 0 0 0 0 0 0 0 0 0 0 0 0 0 0 0 0 0 0 0 0 0 0 0 0 0 0 0 0 0 0 0 0 0 0 0 0 0 0 0 0 0 0 0 0 0 0 0 0 0 0 0 0 0 0 0 0 0 0 0 0 0 0 0 0 0 0 0 0 0 0 0 0 0 0 0 0 0
0 0 0 0 0 0 0 0 0 0 0 0 0 0 0 0 0 0 0 0 0 0 0 0 0 0 0 0 0 0 0 0 0 0 0 0 0 0 0 0 0 0 0 0 0 0 0 0 0 0 0 0 0 0 0 0 0 0 0 0 0 0 0 0 0 0 0 0 0 0 0 0 0 0 0 0 0 0 0 0 0 0 0 0 0 0 0 0 0 0 0 0 0 0 0 0 0 0 0 0 0 0 0 0 0 0 0 0 0 0 0 0 0 0 0 0 0 0 0 0 0 0 0 0 0 0 0 0 0 0 0 0 0 0 0 0 0 0 0 0 0 0 0 0 0 0 0 0 0 0
0 0 0 0 0 0 0 0 0 0 0 0 0 0 0 0 0 0 0 0 0 0 0 0 0 0 0 0 0 0 0 0 0 0 0 0 0 0 0 0 0 0 0 0 0 0 0 0 0 0 0 0 0 0 0 0 0 0 0 0 0 0 0 0 0 0 0 0 0 0 0 0 0 0 0 0 0 0 0 0 0 0 0 0 0 0 0 0 0 0 0 0 0 0 0 0 0 0 0 0 0 0 0 0 0 0 0 0 0 0 0 0 0 0 0 0 0 0 0 0 0 0 0 0 0 0 0 0 0 0 0 0 0 0 0 0 0 0 0 0 0 0 0 0 0 0 0 0 0 0
0 0 0 0 0 0 0 0 0 0 0 0 0 0 0 0 0 0 0 0 0 0 0 0 0 0 0 0 0 0 0 0 0 0 0 0 0 0 0 0 0 0 0 0 0 0 0 0 0 0 0 0 0 0 0 0 0 0 0 0 0 0 0 0 0 0 0 0 0 0 0 0 0 0 0 0 0 0 0 0 0 0 0 0 0 0 0 0 0 0 0 0 0 0 0 0 0 0 0 0 0 0 0 0 0 0 0 0 0 0 0 0 0 0 0 0 0 0 0 0 0 0 0 0 0 0 0 0 0 0 0 0 0 0 0 0 0 0 0 0 0 0 0 0 0 0 0 0 0 0
0 0 0 0 0 0 0 0 0 0 0 0 0 0 0 0 0 0 0 0 0 0 0 0 0 0 0 0 0 0 0 0 0 0 0 0 0 0 0 0 0 0 0 0 0 0 0 0 0 0 0 0 0 0 0 0 0 0 0 0 0 0 0 0 0 0 0 0 0 0 0 0 0 0 0 0 0 0 0 0 0 0 0 0 0 0 0 0 0 0 0 0 0 0 0 0 0 0 0 0 0 0 0 0 0 0 0 0 0 0 0 0 0 0 0 0 0 0 0 0 0 0 0 0 0 0 0 0 0 0 0 0 0 0 0 0 0 0 0 0 0 0 0 0 0 0 0 0 0 0
0 0 0 0 0 0 0 0 0 0 0 0 0 0 0 0 0 0 0 0 0 0 0 0 0 0 0 0 0 0 0 0 0 0 0 0 0 0 0 0 0 0 0 0 0 0 0 0 0 0 0 0 0 0 0 0 0 0 0 0 0 0 0 0 0 0 0 0 0 0 0 0 0 0 0 0 0 0 0 0 0 0 0 0 0 0 0 0 0 0 0 0 0 0 0 0 0 0 0 0 0 0 0 0 0 0 0 0 0 0 0 0 0 0 0 0 0 0 0 0 0 0 0 0 0 0 0 0 0 0 0 0 0 0 0 0 0 0 0 0 0 0 0 0 0 0 0 0 0 0
0 0 0 0 0 0 0 0 0 0 0 0 0 0 0 0 0 0 0 0 0 0 0 0 0 0 0 0 0 0 0 0 0 0 0 0 0 0 0 0 0 0 0 0 0 0 0 0 0 0 0 0 0 0 0 0 0 0 0 0 0 0 0 0 0 0 0 0 0 0 0 0 0 0 0 0 0 0 0 0 0 0 0 0 0 0 0 0 0 0 0 0 0 0 0 0 0 0 0 0 0 0 0 0 0 0 0 0 0 0 0 0 0 0 0 0 0 0 0 0 0 0 0 0 0 0 0 0 0 0 0 0 0 0 0 0 0 0 0 0 0 0 0 0 0 0 0 0 0 0
0 0 0 0 0 0 0 0 0 0 0 0 0 0 0 0 0 0 0 0 0 0 0 0 0 0 0 0 0 0 0 0 0 0 0 0 0 0 0 0 0 0 0 0 0 0 0 0 0 0 0 0 0 0 0 0 0 0 0 0 0 0 0 0 0 0 0 0 0 0 0 0 0 0 0 0 0 0 0 0 0 0 0 0 0 0 0 0 0 0 0 0 0 0 0 0 0 0 0 0 0 0 0 0 0 0 0 0 0 0 0 0 0 0 0 0 0 0 0 0 0 0 0 0 0 0 0 0 0 0 0 0 0 0 0 0 0 0 0 0 0 0 0 0 0 0 0 0 0 0
0 0 0 0 0 0 0 0 0 0 0 0 0 0 0 0 0 0 0 0 0 0 0 0 0 0 0 0 0 0 0 0 0 0 0 0 0 0 0 0 0 0 0 0 0 0 0 0 0 0 0 0 0 0 0 0 0 0 0 0 0 0 0 0 0 0 0 0 0 0 0 0 0 0 0 0 0 0 0 0 0 0 0 0 0 0 0 0 0 0 0 0 0 0 0 0 0 0 0 0 0 0 0 0 0 0 0 0 0 0 0 0 0 0 0 0 0 0 0 0 0 0 0 0 0 0 0 0 0 0 0 0 0 0 0 0 0 0 0 0 0 0 0 0 0 0 0 0 0 0
0 0 0 0 0 0 0 0 0 0 0 0 0 0 0 0 0 0 0 0 0 0 0 0 0 0 0 0 0 0 0 0 0 0 0 0 0 0 0 0 0 0 0 0 0 0 0 0 0 0 0 0 0 0 0 0 0 0 0 0 0 0 0 0 0 0 0 0 0 0 0 0 0 0 0 0 0 0 0 0 0 0 0 0 0 0 0 0 0 0 0 0 0 0 0 0 0 0 0 0 0 0 0 0 0 0 0 0 0 0 0 0 0 0 0 0 0 0 0 0 0 0 0 0 0 0 0 0 0 0 0 0 0 0 0 0 0 0 0 0 0 0 0 0 0 0 0 0 0 0
0 0 0 0 0 0 0 0 0 0 0 0 0 0 0 0 0 0 0 0 0 0 0 0 0 0 0 0 0 0 0 0 0 0 0 0 0 0 0 0 0 0 0 0 0 0 0 0 0 0 0 0 0 0 0 0 0 0 0 0 0 0 0 0 0 0 0 0 0 0 0 0 0 0 0 0 0 0 0 0 0 0 0 0 0 0 0 0 0 0 0 0 0 0 0 0 0 0 0 0 0 0 0 0 0 0 0 0 0 0 0 0 0 0 0 0 0 0 0 0 0 0 0 0 0 0 0 0 0 0 0 0 0 0 0 0 0 0 0 0 0 0 0 0 0 0 0 0 0 0
0 0 0 0 0 0 0 0 0 0 0 0 0 0 0 0 0 0 0 0 0 0 0 0 0 0 0 0 0 0 0 0 0 0 0 0 0 0 0 0 0 0 0 0 0 0 0 0 0 0 0 0 0 0 0 0 0 0 0 0 0 0 0 0 0 0 0 0 0 0 0 0 0 0 0 0 0 0 0 0 0 0 0 0 0 0 0 0 0 0 0 0 0 0 0 0 0 0 0 0 0 0 0 0 0 0 0 0 0 0 0 0 0 0 0 0 0 0 0 0 0 0 0 0 0 0 0 0 0 0 0 0 0 0 0 0 0 0 0 0 0 0 0 0 0 0 0 0 0 0
0 0 0 0 0 0 0 0 0 0 0 0 0 0 0 0 0 0 0 0 0 0 0 0 0 0 0 0 0 0 0 0 0 0 0 0 0 0 0 0 0 0 0 0 0 0 0 0 0 0 0 0 0 0 0 0 0 0 0 0 0 0 0 0 0 0 0 0 0 0 0 0 0 0 0 0 0 0 0 0 0 0 0 0 0 0 0 0 0 0 0 0 0 0 0 0 0 0 0 0 0 0 0 0 0 0 0 0 0 0 0 0 0 0 0 0 0 0 0 0 0 0 0 0 0 0 0 0 0 0 0 0 0 0 0 0 0 0 0 0 0 0 0 0 0 0 0 0 0 0
0 0 0 0 0 0 0 0 0 0 0 0 0 0 0 0 0 0 0 0 0 0 0 0 0 0 0 0 0 0 0 0 0 0 0 0 0 0 0 0 0 0 0 0 0 0 0 0 0 0 0 0 0 0 0 0 0 0 0 0 0 0 0 0 0 0 0 0 0 0 0 0 0 0 0 0 0 0 0 0 0 0 0 0 0 0 0 0 0 0 0 0 0 0 0 0 0 0 0 0 0 0 0 0 0 0 0 0 0 0 0 0 0 0 0 0 0 0 0 0 0 0 0 0 0 0 0 0 0 0 0 0 0 0 0 0 0 0 0 0 0 0 0 0 0 0 0 0 0 0
0 0 0 0 0 0 0 0 0 0 0 0 0 0 0 0 0 0 0 0 0 0 0 0 0 0 0 0 0 0 0 0 0 0 0 0 0 0 0 0 0 0 0 0 0 0 0 0 0 0 0 0 0 0 0 0 0 0 0 0 0 0 0 0 0 0 0 0 0 0 0 0 0 0 0 0 0 0 0 0 0 0 0 0 0 0 0 0 0 0 0 0 0 0 0 0 0 0 0 0 0 0 0 0 0 0 0 0 0 0 0 0 0 0 0 0 0 0 0 0 0 0 0 0 0 0 0 0 0 0 0 0 0 0 0 0 0 0 0 0 0 0 0 0 0 0 0 0 0 0
0 0 0 0 0 0 0 0 0 0 0 0 0 0 0 0 0 0 0 0 0 0 0 0 0 0 0 0 0 0 0 0 0 0 0 0 0 0 0 0 0 0 0 0 0 0 0 0 0 0 0 0 0 0 0 0 0 0 0 0 0 0 0 0 0 0 0 0 0 0 0 0 0 0 0 0 0 0 0 0 0 0 0 0 0 0 0 0 0 0 0 0 0 0 0 0 0 0 0 0 0 0 0 0 0 0 0 0 0 0 0 0 0 0 0 0 0 0 0 0 0 0 0 0 0 0 0 0 0 0 0 0 0 0 0 0 0 0 0 0 0 0 0 0 0 0 0 0 0 0
0 0 0 0 0 0 0 0 0 0 0 0 0 0 0 0 0 0 0 0 0 0 0 0 0 0 0 0 0 0 0 0 0 0 0 0 0 0 0 0 0 0 0 0 0 0 0 0 0 0 0 0 0 0 0 0 0 0 0 0 0 0 0 0 0 0 0 0 0 0 0 0 0 0 0 0 0 0 0 0 0 0 0 0 0 0 0 0 0 0 0 0 0 0 0 0 0 0 0 0 0 0 0 0 0 0 0 0 0 0 0 0 0 0 0 0 0 0 0 0 0 0 0 0 0 0 0 0 0 0 0 0 0 0 0 0 0 0 0 0 0 0 0 0 0 0 0 0 0 0
0 0 0 0 0 0 0 0 0 0 0 0 0 0 0 0 0 0 0 0 0 0 0 0 0 0 0 0 0 0 0 0 0 0 0 0 0 0 0 0 0 0 0 0 0 0 0 0 0 0 0 0 0 0 0 0 0 0 0 0 0 0 0 0 0 0 0 0 0 0 0 0 0 0 0 0 0 0 0 0 0 0 0 0 0 0 0 0 0 0 0 0 0 0 0 0 0 0 0 0 0 0 0 0 0 0 0 0 0 0 0 0 0 0 0 0 0 0 0 0 0 0 0 0 0 0 0 0 0 0 0 0 0 0 0 0 0 0 0 0 0 0 0 0 0 0 0 0 0 0
0 0 0 0 0 0 0 0 0 0 0 0 0 0 0 0 0 0 0 0 0 0 0 0 0 0 0 0 0 0 0 0 0 0 0 0 0 0 0 0 0 0 0 0 0 0 0 0 0 0 0 0 0 0 0 0 0 0 0 0 0 0 0 0 0 0 0 0 0 0 0 0 0 0 0 0 0 0 0 0 0 0 0 0 0 0 0 0 0 0 0 0 0 0 0 0 0 0 0 0 0 0 0 0 0 0 0 0 0 0 0 0 0 0 0 0 0 0 0 0 0 0 0 0 0 0 0 0 0 0 0 0 0 0 0 0 0 0 0 0 0 0 0 0 0 0 0 0 0 0
0 0 0 0 0 0 0 0 0 0 0 0 0 0 0 0 0 0 0 0 0 0 0 0 0 0 0 0 0 0 0 0 0 0 0 0 0 0 0 0 0 0 0 0 0 0 0 0 0 0 0 0 0 0 0 0 0 0 0 0 0 0 0 0 0 0 0 0 0 0 0 0 0 0 0 0 0 0 0 0 0 0 0 0 0 0 0 0 0 0 0 0 0 0 0 0 0 0 0 0 0 0 0 0 0 0 0 0 0 0 0 0 0 0 0 0 0 0 0 0 0 0 0 0 0 0 0 0 0 0 0 0 0 0 0 0 0 0 0 0 0 0 0 0 0 0 0 0 0 0
0 0 0 0 0 0 0 0 0 0 0 0 0 0 0 0 0 0 0 0 0 0 0 0 0 0 0 0 0 0 0 0 0 0 0 0 0 0 0 0 0 0 0 0 0 0 0 0 0 0 0 0 0 0 0 0 0 0 0 0 0 0 0 0 0 0 0 0 0 0 0 0 0 0 0 0 0 0 0 0 0 0 0 0 0 0 0 0 0 0 0 0 0 0 0 0 0 0 0 0 0 0 0 0 0 0 0 0 0 0 0 0 0 0 0 0 0 0 0 0 0 0 0 0 0 0 0 0 0 0 0 0 0 0 0 0 0 0 0 0 0 0 0 0 0 0 0 0 0 0
