0 0 0 0 0 0 0 0 0 0 0 0 0 0 0 0 0 0 0 0 0 0 0 0 0 0 0 0 0 0 0 0 0 0 0 0 0 0 0 0 0 0 0 0 0 0 0 0 0 0 0 0 0 0 0 0 0 0 0 0 0 0 0 0 0 0 0 0 0 0 0 0 0 0 0 0 0 0 0 0 0 0 0 0 0 0 0 0 0 0 0 0 0 0 0 0 0 0 0 0 0 0 0 0 0 0 0 0 0 0 0 0 0 0 0 0 0 0 0 0 0 0 0 0 0 0 0 0 0 0 0 0 0 0 0 0 0 0 0 0 0 0 0 0 0 0 0 0 0 0
0 0 0 0 0 0 0 0 0 0 0 0 0 0 0 0 0 0 0 0 0 0 0 0 0 0 0 0 0 0 0 0 0 0 0 0 0 0 0 0 0 0 0 0 0 0 0 0 0 0 0 0 0 0 0 0 0 0 0 0 0 0 0 0 0 0 0 0 0 0 0 0 0 0 0 0 0 0 0 0 0 0 0 0 0 0 0 0 0 0 0 0 0 0 0 0 0 0 0 0 0 0 0 0 0 0 0 0 0 0 0 0 0 0 0 0 0 0 0 0 0 0 0 0 0 0 0 0 0 0 0 0 0 0 0 0 0 0 0 0 0 0 0 0 0 0 0 0 0 0
0 0 0 0 0 0 0 0 0 0 0 0 0 0 0 0 0 0 0 0 0 0 0 0 0 0 0 0 0 0 0 0 0 0 0 0 0 0 0 0 0 0 0 0 0 0 0 0 0 0 0 0 0 0 0 0 0 0 0 0 0 0 0 0 0 0 0 0 0 0 0 0 0 0 0 0 0 0 0 0 0 0 0 0 0 0 0 0 0 0 0 0 0 0 0 0 0 0 0 0 0 0 0 0 0 0 0 0 0 0 0 0 0 0 0 0 0 0 0 0 0 0 0 0 0 0 0 0 0 0 0 0 0 0 0 0 0 0 0 0 0 0 0 0 0 0 0 0 0 0
0 0 0 0 0 0 0 0 0 0 0 0 0 0 0 0 0 0 0 0 0 0 0 0 0 0 0 0 0 0 0 0 0 0 0 0 0 0 0 0 0 0 0 0 0 0 0 0 0 0 0 0 0 0 0 0 0 0 0 0 0 0 0 0 0 0 0 0 0 0 0 0 0 0 0 0 0 0 0 0 0 0 0 0 0 0 0 0 0 0 0 0 0 0 0 0 0 0 0 0 0 0 0 0 0 0 0 0 0 0 0 0 0 0 0 0 0 0 0 0 0 0 0 0 0 0 0 0 0 0 0 0 0 0 0 0 0 0 0 0 0 0 0 0 0 0 0 0 0 0
0 0 0 0 0 0 0 0 0 0 0 0 0 0 0 0 0 0 0 0 0 0 0 0 0 0 0 0 0 0 0 0 0 0 0 0 0 0 0 0 0 0 0 0 0 0 0 0 0 0 0 0 0 0 0 0 0 0 0 0 0 0 0 0 0 0 0 0 0 0 0 0 0 0 0 0 0 0 0 0 0 0 0 0 0 0 0 0 0 0 0 0 0 0 0 0 0 0 0 0 0 0 0 0 0 0 0 0 0 0 0 0 0 0 0 0 0 0 0 0 0 0 0 0 0 0 0 0 0 0 0 0 0 0 0 0 0 0 0 0 0 0 0 0 0 0 0 0 0 0
0 0 0 0 0 0 0 0 0 0 0 0 0 0 0 0 0 0 0 0 0 0 0 0 0 0 0 0 0 0 0 0 0 0 0 0 0 0 0 0 0 0 0 0 0 0 0 0 0 0 0 0 0 0 0 0 0 0 0 0 0 0 0 0 0 0 0 0 0 0 0 0 0 0 0 0 0 0 0 0 0 0 0 0 0 0 0 0 0 0 0 0 0 0 0 0 0 0 0 0 0 0 0 0 0 0 0 0 0 0 0 0 0 0 0 0 0 0 0 0 0 0 0 0 0 0 0 0 0 0 0 0 0 0 0 0 0 0 0 0 0 0 0 0 0 0 0 0 0 0
0 0 0 0 0 0 0 0 0 0 0 0 0 0 0 0 0 0 0 0 0 0 0 0 0 0 0 0 0 0 0 0 0 0 0 0 0 0 0 0 0 0 0 0 0 0 0 0 0 0 0 0 0 0 0 0 0 0 0 0 0 0 0 0 0 0 0 0 0 0 0 0 0 0 0 0 0 0 0 0 0 0 0 0 0 0 0 0 0 0 0 0 0 0 0 0 0 0 0 0 0 0 0 0 0 0 0 0 0 0 0 0 0 0 0 0 0 0 0 0 0 0 0 0 0 0 0 0 0 0 0 0 0 0 0 0 0 0 0 0 0 0 0 0 0 0 0 0 0 0
0 0 0 0 0 0 0 0 0 0 0 0 0 0 0 0 0 0 0 0 0 0 0 0 0 0 0 0 0 0 0 0 0 0 0 0 0 0 0 0 0 0 0 0 0 0 0 0 0 0 0 0 0 0 0 0 0 0 0 0 0 0 0 0 0 0 0 0 0 0 0 0 0 0 0 0 0 0 0 0 0 0 0 0 0 0 0 0 0 0 0 0 0 0 0 0 0 0 0 0 0 0 0 0 0 0 0 0 0 0 0 0 0 0 0 0 0 0 0 0 0 0 0 0 0 0 0 0 0 0 0 0 0 0 0 0 0 0 0 0 0 0 0 0 0 0 0 0 0 0
0 0 0 0 0 0 0 0 0 0 0 0 0 0 0 0 0 0 0 0 0 0 0 0 0 0 0 0 0 0 0 0 0 0 0 0 0 0 0 0 0 0 0 0 0 0 0 0 0 0 0 0 0 0 0 0 0 0 0 0 0 0 0 0 0 0 0 0 0 0 0 0 0 0 0 0 0 0 0 0 0 0 0 0 0 0 0 0 0 0 0 0 0 0 0 0 0 0 0 0 0 0 0 0 0 0 0 0 0 0 0 0 0 0 0 0 0 0 0 0 0 0 0 0 0 0 0 0 0 0 0 0 0 0 0 0 0 0 0 0 0 0 0 0 0 0 0 0 0 0
0 0 0 0 0 0 0 0 0 0 0 0 0 0 0 0 0 0 0 0 0 0 0 0 0 0 0 0 0 0 0 0 0 0 0 0 0 0 0 0 0 0 0 0 0 0 0 0 0 0 0 0 0 0 0 0 0 0 0 0 0 0 0 0 0 0 0 0 0 0 0 0 0 0 0 0 0 0 0 0 0 0 0 0 0 0 0 0 0 0 0 0 0 0 0 0 0 0 0 0 0 0 0 0 0 0 0 0 0 0 0 0 0 0 0 0 0 0 0 0 0 0 0 0 0 0 0 0 0 0 0 0 0 0 0 0 0 0 0 0 0 0 0 0 0 0 0 0 0 0
0 0 0 0 0 0 0 0 0 0 0 0 0 0 0 0 0 0 0 0 0 0 0 0 0 0 0 0 0 0 0 0 0 0 0 0 0 0 0 0 0 0 0 0 0 0 0 0 0 0 0 0 0 0 0 0 0 0 0 0 0 0 0 0 0 0 0 0 0 0 0 0 0 0 0 0 0 0 0 0 0 0 0 0 0 0 0 0 0 0 0 0 0 0 0 0 0 0 0 0 0 0 0 0 0 0 0 0 0 0 0 0 0 0 0 0 0 0 0 0 0 0 0 0 0 0 0 0 0 0 0 0 0 0 0 0 0 0 0 0 0 0 0 0 0 0 0 0 0 0
0 0 0 0 0 0 0 0 0 0 0 0 0 0 0 0 0 0 0 0 0 0 0 0 0 0 0 0 0 0 0 0 0 0 0 0 0 0 0 0 0 0 0 0 0 0 0 0 0 0 0 0 0 0 0 0 0 0 0 0 0 0 0 0 0 0 0 0 0 0 0 0 0 0 0 0 0 0 0 0 0 0 0 0 0 0 0 0 0 0 0 0 0 0 0 0 0 0 0 0 0 0 0 0 0 0 0 0 0 0 0 0 0 0 0 0 0 0 0 0 0 0 0 0 0 0 0 0 0 0 0 0 0 0 0 0 0 0 0 0 0 0 0 0 0 0 0 0 0 0
0 0 0 0 0 0 0 0 0 0 0 0 0 0 0 0 0 0 0 0 0 0 0 0 0 0 0 0 0 0 0 0 0 0 0 0 0 0 0 0 0 0 0 0 0 0 0 0 0 0 0 0 0 0 0 0 0 0 0 0 0 0 0 0 0 0 0 0 0 0 0 0 0 0 0 0 0 0 0 0 0 0 0 0 0 0 0 0 0 0 0 0 0 0 0 0 0 0 0 0 0 0 0 0 0 0 0 0 0 0 0 0 0 0 0 0 0 0 0 0 0 0 0 0 0 0 0 0 0 0 0 0 0 0 0 0 0 0 0 0 0 0 0 0 0 0 0 0 0 0
0 0 0 0 0 0 0 0 0 0 0 0 0 0 0 0 0 0 0 0 0 0 0 0 0 0 0 0 0 0 0 0 0 0 0 0 0 0 0 0 0 0 0 0 0 0 0 0 0 0 0 0 0 0 0 0 0 0 0 0 0 0 0 0 0 0 0 0 0 0 0 0 0 0 0 0 0 0 0 0 0 0 0 0 0 0 0 0 0 0 0 0 0 0 0 0 0 0 0 0 0 0 0 0 0 0 0 0 0 0 0 0 0 0 0 0 0 0 0 0 0 0 0 0 0 0 0 0 0 0 0 0 0 0 0 0 0 0 0 0 0 0 0 0 0 0 0 0 0 0
0 0 0 0 0 0 0 0 0 0 0 0 0 0 0 0 0 0 0 0 0 0 0 0 0 0 0 0 0 0 0 0 0 0 0 0 0 0 0 0 0 0 0 0 0 0 0 0 0 0 0 0 0 0 0 0 0 0 0 0 0 0 0 0 0 0 0 0 0 0 0 0 0 0 0 0 0 0 0 0 0 0 0 0 0 0 0 0 0 0 0 0 0 0 0 0 0 0 0 0 0 0 0 0 0 0 0 0 0 0 0 0 0 0 0 0 0 0 0 0 0 0 0 0 0 0 0 0 0 0 0 0 0 0 0 0 0 0 0 0 0 0 0 0 0 0 0 0 0 0
0 0 0 0 0 0 0 0 0 0 0 0 0 0 0 0 0 0 0 0 0 0 0 0 0 0 0 0 0 0 0 0 0 0 0 0 0 0 0 0 0 0 0 0 0 0 0 0 0 0 0 0 0 0 0 0 0 0 0 0 0 0 0 0 0 0 0 0 0 0 0 0 0 0 0 0 0 0 0 0 0 0 0 0 0 0 0 0 0 0 0 0 0 0 0 0 0 0 0 0 0 0 0 0 0 0 0 0 0 0 0 0 0 0 0 0 0 0 0 0 0 0 0 0 0 0 0 0 0 0 0 0 0 0 0 0 0 0 0 0 0 0 0 0 0 0 0 0 0 0
0 0 0 0 0 0 0 0 0 0 0 0 0 0 0 0 0 0 0 0 0 0 0 0 0 0 0 0 0 0 0 0 0 0 0 0 0 0 0 0 0 0 0 0 0 0 0 0 0 0 0 0 0 0 0 0 0 0 0 0 0 0 0 0 0 0 0 0 0 0 0 0 0 0 0 0 0 0 0 0 0 0 0 0 0 0 0 0 0 0 0 0 0 0 0 0 0 0 0 0 0 0 0 0 0 0 0 0 0 0 0 0 0 0 0 0 0 0 0 0 0 0 0 0 0 0 0 0 0 0 0 0 0 0 0 0 0 0 0 0 0 0 0 0 0 0 0 0 0 0
0 0 0 0 0 0 0 0 0 0 0 0 0 0 0 0 0 0 0 0 0 0 0 0 0 0 0 0 0 0 0 0 0 0 0 0 0 0 0 0 0 0 0 0 0 0 0 0 0 0 0 0 0 0 0 0 0 0 0 0 0 0 0 0 0 0 0 0 0 0 0 0 0 0 0 0 0 0 0 0 0 0 0 0 0 0 0 0 0 0 0 0 0 0 0 0 0 0 0 0 0 0 0 0 0 0 0 0 0 0 0 0 0 0 0 0 0 0 0 0 0 0 0 0 0 0 0 0 0 0 0 0 0 0 0 0 0 0 0 0 0 0 0 0 0 0 0 0 0 0
0 0 0 0 0 0 0 0 0 0 0 0 0 0 0 0 0 0 0 0 0 0 0 0 0 0 0 0 0 0 0 0 0 0 0 0 0 0 0 0 0 0 0 0 0 0 0 0 0 0 0 0 0 0 0 0 0 0 0 0 0 0 0 0 0 0 0 0 0 0 0 0 0 0 0 0 0 0 0 0 0 0 0 0 0 0 0 0 0 0 0 0 0 0 0 0 0 0 0 0 0 0 0 0 0 0 0 0 0 0 0 0 0 0 0 0 0 0 0 0 0 0 0 0 0 0 0 0 0 0 0 0 0 0 0 0 0 0 0 0 0 0 0 0 0 0 0 0 0 0
0 0 0 0 0 0 0 0 0 0 0 0 0 0 0 0 0 0 0 0 0 0 0 0 0 0 0 0 0 0 0 0 0 0 0 0 0 0 0 0 0 0 0 0 0 0 0 0 0 0 0 0 0 0 0 0 0 0 0 0 0 0 0 0 0 0 0 0 0 0 0 0 0 0 0 0 0 0 0 0 0 0 0 0 0 0 0 0 0 0 0 0 0 0 0 0 0 0 0 0 0 0 0 0 0 0 0 0 0 0 0 0 0 0 0 0 0 0 0 0 0 0 0 0 0 0 0 0 0 0 0 0 0 0 0 0 0 0 0 0 0 0 0 0 0 0 0 0 0 0
0 0 0 0 0 0 0 0 0 0 0 0 0 0 0 0 0 0 0 0 0 0 0 0 0 0 0 0 0 0 0 0 0 0 0 0 0 0 0 0 0 0 0 0 0 0 0 0 0 0 0 0 0 0 0 0 0 0 0 0 0 0 0 0 0 0 0 0 0 0 0 0 0 0 0 0 0 0 0 0 0 0 0 0 0 0 0 0 0 0 0 0 0 0 0 0 0 0 0 0 0 0 0 0 0 0 0 0 0 0 0 0 0 0 0 0 0 0 0 0 0 0 0 0 0 0 0 0 0 0 0 0 0 0 0 0 0 0 0 0 0 0 0 0 0 0 0 0 0 0
0 0 0 0 0 0 0 0 0 0 0 0 0 0 0 0 0 0 0 0 0 0 0 0 0 0 0 0 0 0 0 0 0 0 0 0 0 0 0 0 0 0 0 0 0 0 0 0 0 0 0 0 0 0 0 0 0 0 0 0 0 0 0 0 0 0 0 0 0 0 0 0 0 0 0 0 0 0 0 0 0 0 0 0 0 0 0 0 0 0 0 0 0 0 0 0 0 0 0 0 0 0 0 0 0 0 0 0 0 0 0 0 0 0 0 0 0 0 0 0 0 0 0 0 0 0 0 0 0 0 0 0 0 0 0 0 0 0 0 0 0 0 0 0 0 0 0 0 0 0
0 0 0 0 0 0 0 0 0 0 0 0 0 0 0 0 0 0 0 0 0 0 0 0 0 0 0 0 0 0 0 0 0 0 0 0 0 0 0 0 0 0 0 0 0 0 0 0 0 0 0 0 0 0 0 0 0 0 0 0 0 0 0 0 0 0 0 0 0 0 0 0 0 0 0 0 0 0 0 0 0 0 0 0 0 0 0 0 0 0 0 0 0 0 0 0 0 0 0 0 0 0 0 0 0 0 0 0 0 0 0 0 0 0 0 0 0 0 0 0 0 0 0 0 0 0 0 0 0 0 0 0 0 0 0 0 0 0 0 0 0 0 0 0 0 0 0 0 0 0
0 0 0 0 0 0 0 0 0 0 0 0 0 0 0 0 0 0 0 0 0 0 0 0 0 0 0 0 0 0 0 0 0 0 0 0 0 0 0 0 0 0 0 0 0 0 0 0 0 0 0 0 0 0 0 0 0 0 0 0 0 0 0 0 0 0 0 0 0 0 0 0 0 0 0 0 0 0 0 0 0 0 0 0 0 0 0 0 0 0 0 0 0 0 0 0 0 0 0 0 0 0 0 0 0 0 0 0 0 0 0 0 0 0 0 0 0 0 0 0 0 0 0 0 0 0 0 0 0 0 0 0 0 0 0 0 0 0 0 0 0 0 0 0 0 0 0 0 0 0
0 0 0 0 0 0 0 0 0 0 0 0 0 0 0 0 0 0 0 0 0 0 0 0 0 0 0 0 0 0 0 0 0 0 0 0 0 0 0 0 0 0 0 0 0 0 0 0 0 0 0 0 0 0 0 0 0 0 0 0 0 0 0 0 0 0 0 0 0 0 0 0 0 0 0 0 0 0 0 0 0 0 0 0 0 0 0 0 0 0 0 0 0 0 0 0 0 0 0 0 0 0 0 0 0 0 0 0 0 0 0 0 0 0 0 0 0 0 0 0 0 0 0 0 0 0 0 0 0 0 0 0 0 0 0 0 0 0 0 0 0 0 0 0 0 0 0 0 0 0
0 0 0 0 0 0 0 0 0 0 0 0 0 0 0 0 0 0 0 0 0 0 0 0 0 0 0 0 0 0 0 0 0 0 0 0 0 0 0 0 0 0 0 0 0 0 0 0 0 0 0 0 0 0 0 0 0 0 0 0 0 0 0 0 0 0 0 0 0 0 0 0 0 0 0 0 0 0 0 0 0 0 0 0 0 0 0 0 0 0 0 0 0 0 0 0 0 0 0 0 0 0 0 0 0 0 0 0 0 0 0 0 0 0 0 0 0 0 0 0 0 0 0 0 0 0 0 0 0 0 0 0 0 0 0 0 0 0 0 0 0 0 0 0 0 0 0 0 0 0
0 0 0 0 0 0 0 0 0 0 0 0 0 0 0 0 0 0 0 0 0 0 0 0 0 0 0 0 0 0 0 0 0 0 0 0 0 0 0 0 0 0 0 0 0 0 0 0 0 0 0 0 0 0 0 0 0 0 0 0 0 0 0 0 0 0 0 0 0 0 0 2.44693e-06 3.386e-06 4.31815e-06 5.07526e-06 5.49749e-06 5.48802e-06 0 0 0 0 0 0 0 0 0 0 0 0 0 0 0 0 0 0 0 0 0 0 0 0 0 0 0 0 0 0 0 0 0 0 0 0 0 0 0 0 0 0 0 0 0 0 0 0 0 0 0 0 0 0 0 0 0 0 0 0 0 0 0 0 0 0 0 0 0 0 0 0 0
0 0 0 0 0 0 0 0 0 0 0 0 0 0 0 0 0 0 0 0 0 0 0 0 0 0 0 0 0 0 0 0 0 0 0 0 0 0 0 0 0 0 0 0 0 0 0 0 0 0 0 0 0 0 0 0 0 0 0 0 0 0 0 0 0 0 0 0 0 3.74111e-06 6.09491e-06 9.15131e-06 1.26634e-05 1.61496e-05 1.8981e-05 2.05601e-05 2.05248e-05 1.88834e-05 1.60112e-05 1.25118e-05 9.01086e-06 0 0 0 0 0 0 0 0 0 0 0 0 0 0 0 0 0 0 0 0 0 0 0 0 0 0 0 0 0 0 0 0 0 0 0 0 0 0 0 0 0 0 0 0 0 0 0 0 0 0 0 0 0 0 0 0 0 0 0 0 0 0 0 0 0 0 0 0 0
0 0 0 0 0 0 0 0 0 0 0 0 0 0 0 0 0 0 0 0 0 0 0 0 0 0 0 0 0 0 0 0 0 0 0 0 0 0 0 0 0 0 0 0 0 0 0 0 0 0 0 0 0 0 0 0 0 0 0 0 0 0 0 0 0 0 0 3.80287e-06 7.29443e-06 1.28947e-05 2.10077e-05 3.15426e-05 4.36471e-05 5.56631e-05 6.54229e-05 7.08652e-05 7.07435e-05 6.50857e-05 5.51869e-05 4.31251e-05 3.1058e-05 2.06142e-05 1.26096e-05 0 0 0 0 0 0 0 0 0 0 0 0 0 0 0 0 0 0 0 0 0 0 0 0 0 0 0 0 0 0 0 0 0 0 0 0 0 0 0 0 0 0 0 0 0 0 0 0 0 0 0 0 0 0 0 0 0 0 0 0 0 0 0 0 0 0 0
0 0 0 0 0 0 0 0 0 0 0 0 0 0 0 0 0 0 0 0 0 0 0 0 0 0 0 0 0 0 0 0 0 0 0 0 0 0 0 0 0 0 0 0 0 0 0 0 0 0 0 0 0 0 0 0 0 0 0 0 0 0 0 0 0 0 5.80423e-06 1.20801e-05 2.31711e-05 4.09609e-05 6.67319e-05 0.000100196 0.000138649 0.000176818 0.000207819 0.000225107 0.000224722 0.000206749 0.000175303 0.000136989 9.86574e-05 6.54819e-05 4.00553e-05 2.25811e-05 1.17322e-05 0 0 0 0 0 0 0 0 0 0 0 0 0 0 0 0 0 0 0 0 0 0 0 0 0 0 0 0 0 0 0 0 0 0 0 0 0 0 0 0 0 0 0 0 0 0 0 0 0 0 0 0 0 0 0 0 0 0 0 0 0 0 0 0 0
0 0 0 0 0 0 0 0 0 0 0 0 0 0 0 0 0 0 0 0 0 0 0 0 0 0 0 0 0 0 0 0 0 0 0 0 0 0 0 0 0 0 0 0 0 0 0 0 0 0 0 0 0 0 0 0 0 0 0 0 0 0 0 0 0 7.52431e-06 1.69923e-05 3.53653e-05 6.78343e-05 0.000119915 0.000195363 0.000293331 0.000405902 0.000517645 0.000608404 0.00065902 0.000657884 0.000605273 0.000513214 0.000401045 0.000288828 0.000191702 0.000117264 6.61072e-05 3.43463e-05 1.64461e-05 0 0 0 0 0 0 0 0 0 0 0 0 0 0 0 0 0 0 0 0 0 0 0 0 0 0 0 0 0 0 0 0 0 0 0 0 0 0 0 0 0 0 0 0 0 0 0 0 0 0 0 0 0 0 0 0 0 0 0 0 0 0 0 0
0 0 0 0 0 0 0 0 0 0 0 0 0 0 0 0 0 0 0 0 0 0 0 0 0 0 0 0 0 0 0 0 0 0 0 0 0 0 0 0 0 0 0 0 0 0 0 0 0 0 0 0 0 0 0 0 0 0 0 0 0 0 0 0 8.28494e-06 2.03012e-05 4.58462e-05 9.54182e-05 0.000183021 0.000323537 0.000527099 0.000791418 0.00109515 0.00139665 0.0016415 0.00177806 0.00177502 0.00163307 0.00138468 0.00108205 0.000779271 0.000517219 0.000316386 0.000178361 9.26686e-05 4.43724e-05 1.95813e-05 0 0 0 0 0 0 0 0 0 0 0 0 0 0 0 0 0 0 0 0 0 0 0 0 0 0 0 0 0 0 0 0 0 0 0 0 0 0 0 0 0 0 0 0 0 0 0 0 0 0 0 0 0 0 0 0 0 0 0 0 0 0 0
0 0 0 0 0 0 0 0 0 0 0 0 0 0 0 0 0 0 0 0 0 0 0 0 0 0 0 0 0 0 0 0 0 0 0 0 0 0 0 0 0 0 0 0 0 0 0 0 0 0 0 0 0 0 0 0 0 0 0 0 0 0 0 8.17069e-06 2.09743e-05 5.07805e-05 0.00011422 0.000237262 0.000455097 0.000804499 0.00131066 0.00196793 0.00272315 0.00347283 0.00408169 0.00442127 0.00441368 0.00406071 0.00344307 0.00269056 0.0019377 0.00128611 0.000786715 0.000443508 0.000230428 0.000110335 4.86899e-05 1.98023e-05 0 0 0 0 0 0 0 0 0 0 0 0 0 0 0 0 0 0 0 0 0 0 0 0 0 0 0 0 0 0 0 0 0 0 0 0 0 0 0 0 0 0 0 0 0 0 0 0 0 0 0 0 0 0 0 0 0 0 0 0 0 0
0 0 0 0 0 0 0 0 0 0 0 0 0 0 0 0 0 0 0 0 0 0 0 0 0 0 0 0 0 0 0 0 0 0 0 0 0 0 0 0 0 0 0 0 0 0 0 0 0 0 0 0 0 0 0 0 0 0 0 0 0 0 0 1.91986e-05 4.84948e-05 0.00011672 0.00026201 0.00054424 0.00104324 0.00184361 0.00300359 0.0045098 0.0062405 0.00795851 0.00935373 0.010132 0.0101145 0.00930569 0.00789031 0.00616586 0.0044405 0.00294731 0.00180286 0.00101635 0.000528055 0.000252847 0.00011158 4.53796e-05 1.70091e-05 0 0 0 0 0 0 0 0 0 0 0 0 0 0 0 0 0 0 0 0 0 0 0 0 0 0 0 0 0 0 0 0 0 0 0 0 0 0 0 0 0 0 0 0 0 0 0 0 0 0 0 0 0 0 0 0 0 0 0 0 0
0 0 0 0 0 0 0 0 0 0 0 0 0 0 0 0 0 0 0 0 0 0 0 0 0 0 0 0 0 0 0 0 0 0 0 0 0 0 0 0 0 0 0 0 0 0 0 0 0 0 0 0 0 0 0 0 0 0 0 0 0 0 1.73519e-05 4.20136e-05 0.000103775 0.000247619 0.000554189 0.00115003 0.00220372 0.00389439 0.00634392 0.0095247 0.0131801 0.0168084 0.0197553 0.0213986 0.0213621 0.0196536 0.0166645 0.0130222 0.00937835 0.00622467 0.00380762 0.00214654 0.00111526 0.000534011 0.000235657 9.58414e-05 3.59233e-05 0 0 0 0 0 0 0 0 0 0 0 0 0 0 0 0 0 0 0 0 0 0 0 0 0 0 0 0 0 0 0 0 0 0 0 0 0 0 0 0 0 0 0 0 0 0 0 0 0 0 0 0 0 0 0 0 0 0 0 0 0
0 0 0 0 0 0 0 0 0 0 0 0 0 0 0 0 0 0 0 0 0 0 0 0 0 0 0 0 0 0 0 0 0 0 0 0 0 0 0 0 0 0 0 0 0 0 0 0 0 0 0 0 0 0 0 0 0 0 0 0 0 0 3.73578e-05 8.59043e-05 0.00020593 0.000485252 0.00108118 0.00224014 0.00429056 0.00758091 0.0123486 0.0185401 0.0256541 0.0327165 0.0384529 0.0416516 0.0415799 0.0382543 0.0324364 0.025347 0.0182545 0.0121161 0.00741138 0.00417816 0.00217078 0.00103943 0.00045869 0.000186552 6.9937e-05 2.41679e-05 0 0 0 0 0 0 0 0 0 0 0 0 0 0 0 0 0 0 0 0 0 0 0 0 0 0 0 0 0 0 0 0 0 0 0 0 0 0 0 0 0 0 0 0 0 0 0 0 0 0 0 0 0 0 0 0 0 0 0 0
0 0 0 0 0 0 0 0 0 0 0 0 0 0 0 0 0 0 0 0 0 0 0 0 0 0 0 0 0 0 0 0 0 0 0 0 0 0 0 0 0 0 0 0 0 0 0 0 0 0 0 0 0 0 0 0 0 0 0 0 0 3.69232e-05 7.57633e-05 0.000164681 0.000379793 0.000879224 0.00194612 0.00402317 0.00770246 0.0136038 0.0221556 0.0332613 0.0460231 0.0586898 0.0689797 0.0747181 0.0745892 0.0686238 0.0581871 0.0454695 0.0327464 0.0217346 0.0132951 0.00749514 0.00389417 0.0018647 0.00082292 0.000334725 0.000125489 4.33865e-05 0 0 0 0 0 0 0 0 0 0 0 0 0 0 0 0 0 0 0 0 0 0 0 0 0 0 0 0 0 0 0 0 0 0 0 0 0 0 0 0 0 0 0 0 0 0 0 0 0 0 0 0 0 0 0 0 0 0 0 0
0 0 0 0 0 0 0 0 0 0 0 0 0 0 0 0 0 0 0 0 0 0 0 0 0 0 0 0 0 0 0 0 0 0 0 0 0 0 0 0 0 0 0 0 0 0 0 0 0 0 0 0 0 0 0 0 0 0 0 0 0 7.30476e-05 0.000144288 0.000296788 0.000658736 0.0014825 0.00324305 0.00667359 0.0127488 0.0225053 0.0366411 0.0549999 0.0760972 0.0970385 0.114047 0.123532 0.123318 0.113454 0.096197 0.075172 0.0541381 0.0359328 0.0219803 0.0123916 0.00643835 0.00308302 0.00136069 0.000553554 0.000207644 7.18784e-05 2.30046e-05 0 0 0 0 0 0 0 0 0 0 0 0 0 0 0 0 0 0 0 0 0 0 0 0 0 0 0 0 0 0 0 0 0 0 0 0 0 0 0 0 0 0 0 0 0 0 0 0 0 0 0 0 0 0 0 0 0 0 0
0 0 0 0 0 0 0 0 0 0 0 0 0 0 0 0 0 0 0 0 0 0 0 0 0 0 0 0 0 0 0 0 0 0 0 0 0 0 0 0 0 0 0 0 0 0 0 0 0 0 0 0 0 0 0 0 0 0 0 0 0 0.000134371 0.000274552 0.000522408 0.00107295 0.00232504 0.00500455 0.0102259 0.0194778 0.0343353 0.0558713 0.0838385 0.115978 0.147879 0.173788 0.188234 0.187903 0.172871 0.146576 0.114539 0.0824899 0.0547507 0.0334919 0.0188815 0.00981065 0.00469825 0.00207389 0.000844015 0.000316913 0.000109999 3.54855e-05 0 0 0 0 0 0 0 0 0 0 0 0 0 0 0 0 0 0 0 0 0 0 0 0 0 0 0 0 0 0 0 0 0 0 0 0 0 0 0 0 0 0 0 0 0 0 0 0 0 0 0 0 0 0 0 0 0 0 0
0 0 0 0 0 0 0 0 0 0 0 0 0 0 0 0 0 0 0 0 0 0 0 0 0 0 0 0 0 0 0 0 0 0 0 0 0 0 0 0 0 0 0 0 0 0 0 0 0 0 0 0 0 0 0 0 0 0 0 0 0.000116475 0.000290226 0.000498 0.0008782 0.00167691 0.00343909 0.00719236 0.0145218 0.0275093 0.0483667 0.078596 0.117854 0.162964 0.207739 0.244101 0.264366 0.263887 0.242768 0.20584 0.160848 0.11584 0.0768876 0.0470339 0.0265176 0.0137793 0.00659992 0.00291437 0.00118713 0.000446747 0.000156001 5.11333e-05 0 0 0 0 0 0 0 0 0 0 0 0 0 0 0 0 0 0 0 0 0 0 0 0 0 0 0 0 0 0 0 0 0 0 0 0 0 0 0 0 0 0 0 0 0 0 0 0 0 0 0 0 0 0 0 0 0 0 0
0 0 0 0 0 0 0 0 0 0 0 0 0 0 0 0 0 0 0 0 0 0 0 0 0 0 0 0 0 0 0 0 0 0 0 0 0 0 0 0 0 0 0 0 0 0 0 0 0 0 0 0 0 0 0 0 0 0 0 0.000191496 0.000354571 0.000573617 0.00091038 0.00148563 0.00256596 0.00487885 0.00975098 0.0192445 0.0360613 0.0630516 0.102153 0.152918 0.21124 0.269121 0.316111 0.342281 0.34161 0.314244 0.26643 0.208192 0.149937 0.0995258 0.0608872 0.0343292 0.0178416 0.00854905 0.00377823 0.00154216 0.000583354 0.000206442 6.98835e-05 2.36528e-05 0 0 0 0 0 0 0 0 0 0 0 0 0 0 0 0 0 0 0 0 0 0 0 0 0 0 0 0 0 0 0 0 0 0 0 0 0 0 0 0 0 0 0 0 0 0 0 0 0 0 0 0 0 0 0 0 0 0
0 0 0 0 0 0 0 0 0 0 0 0 0 0 0 0 0 0 0 0 0 0 0 0 0 0 0 0 0 0 0 0 0 0 0 0 0 0 0 0 0 0 0 0 0 0 0 0 0 0 0 0 0 0 0 0 0 0 0.000263168 0.000445915 0.000753077 0.00117719 0.00174429 0.00258048 0.00399986 0.00684937 0.0127466 0.0241615 0.0442955 0.0765186 0.123118 0.18356 0.252961 0.321801 0.377649 0.408682 0.407749 0.375008 0.31791 0.248408 0.178908 0.118765 0.0726727 0.0409953 0.0213244 0.0102336 0.00453762 0.00186514 0.000710118 0.00025854 9.31138e-05 3.48033e-05 0 0 0 0 0 0 0 0 0 0 0 0 0 0 0 0 0 0 0 0 0 0 0 0 0 0 0 0 0 0 0 0 0 0 0 0 0 0 0 0 0 0 0 0 0 0 0 0 0 0 0 0 0 0 0 0 0 0
0 0 0 0 0 0 0 0 0 0 0 0 0 0 0 0 0 0 0 0 0 0 0 0 0 0 0 0 0 0 0 0 0 0 0 0 0 0 0 0 0 0 0 0 0 0 0 0 0 0 0 0 0 0 0 0 0 0.000314077 0.000567896 0.000959445 0.00157902 0.00236218 0.00336315 0.00462822 0.00649315 0.00989352 0.0166733 0.029566 0.0520128 0.0876098 0.138801 0.204992 0.280857 0.356007 0.416858 0.450489 0.449072 0.4128 0.349849 0.273341 0.196876 0.13073 0.0800341 0.045194 0.0235513 0.0113435 0.00506614 0.00211491 0.000840719 0.00033074 0.000123578 5.11685e-05 0 0 0 0 0 0 0 0 0 0 0 0 0 0 0 0 0 0 0 0 0 0 0 0 0 0 0 0 0 0 0 0 0 0 0 0 0 0 0 0 0 0 0 0 0 0 0 0 0 0 0 0 0 0 0 0 0 0
0 0 0 0 0 0 0 0 0 0 0 0 0 0 0 0 0 0 0 0 0 0 0 0 0 0 0 0 0 0 0 0 0 0 0 0 0 0 0 0 0 0 0 0 0 0 0 0 0 0 0 0 0 0 0 0 0 0.000630511 0.00113453 0.00191034 0.00308612 0.00457404 0.00633287 0.00835693 0.0109108 0.014978 0.0226058 0.0366542 0.0604089 0.0971675 0.149166 0.215744 0.291615 0.366469 0.426775 0.459612 0.457174 0.419697 0.355445 0.277643 0.200019 0.132916 0.0814999 0.0461515 0.024166 0.0117514 0.00534552 0.00231658 0.000990912 0.000441708 0.000213849 0.000111206 0 0 0 0 0 0 0 0 0 0 0 0 0 0 0 0 0 0 0 0 0 0 0 0 0 0 0 0 0 0 0 0 0 0 0 0 0 0 0 0 0 0 0 0 0 0 0 0 0 0 0 0 0 0 0 0 0 0
0 0 0 0 0 0 0 0 0 0 0 0 0 0 0 0 0 0 0 0 0 0 0 0 0 0 0 0 0 0 0 0 0 0 0 0 0 0 0 0 0 0 0 0 0 0 0 0 0 0 0 0 0 0 0 0 0.000621147 0.00117569 0.00210385 0.00358474 0.00567593 0.00831875 0.0113886 0.0146991 0.0183655 0.0233686 0.0319914 0.0472656 0.0719997 0.108478 0.158019 0.219666 0.288641 0.35579 0.409057 0.436872 0.432248 0.395522 0.334376 0.261036 0.188168 0.125293 0.0771441 0.0440159 0.0233757 0.011656 0.00554578 0.00260851 0.00127703 0.00067872 0.00038964 0.000230693 0.000126254 0 0 0 0 0 0 0 0 0 0 0 0 0 0 0 0 0 0 0 0 0 0 0 0 0 0 0 0 0 0 0 0 0 0 0 0 0 0 0 0 0 0 0 0 0 0 0 0 0 0 0 0 0 0 0 0 0
0 0 0 0 0 0 0 0 0 0 0 0 0 0 0 0 0 0 0 0 0 0 0 0 0 0 0 0 0 0 0 0 0 0 0 0 0 0 0 0 0 0 0 0 0 0 0 0 0 0 0 0 0 0 0 0.000553681 0.00108839 0.00204476 0.00368478 0.00619775 0.00972571 0.0141965 0.019322 0.0246794 0.0301226 0.0365187 0.0463709 0.0631178 0.0892468 0.12557 0.171551 0.225131 0.281973 0.334936 0.374844 0.392922 0.383959 0.348611 0.293469 0.22882 0.165242 0.110648 0.0689002 0.0401223 0.0220757 0.011692 0.00614524 0.00333336 0.00194931 0.00122388 0.000792643 0.000504736 0.000300162 0.000172458 0 0 0 0 0 0 0 0 0 0 0 0 0 0 0 0 0 0 0 0 0 0 0 0 0 0 0 0 0 0 0 0 0 0 0 0 0 0 0 0 0 0 0 0 0 0 0 0 0 0 0 0 0 0 0 0
0 0 0 0 0 0 0 0 0 0 0 0 0 0 0 0 0 0 0 0 0 0 0 0 0 0 0 0 0 0 0 0 0 0 0 0 0 0 0 0 0 0 0 0 0 0 0 0 0 0 0 0 0 0 0 0.000915857 0.00178861 0.00333636 0.00598632 0.0100226 0.0156289 0.0227641 0.0309172 0.0393601 0.0475911 0.0562072 0.0677525 0.0861023 0.11391 0.150877 0.194297 0.240119 0.283522 0.319123 0.341336 0.345396 0.329012 0.293724 0.244975 0.19059 0.138396 0.0941055 0.0603374 0.0369169 0.0219591 0.0130303 0.00795352 0.00512476 0.00347438 0.00242438 0.00166797 0.00109105 0.000668376 0.000384734 0.000204943 0 0 0 0 0 0 0 0 0 0 0 0 0 0 0 0 0 0 0 0 0 0 0 0 0 0 0 0 0 0 0 0 0 0 0 0 0 0 0 0 0 0 0 0 0 0 0 0 0 0 0 0 0 0 0
0 0 0 0 0 0 0 0 0 0 0 0 0 0 0 0 0 0 0 0 0 0 0 0 0 0 0 0 0 0 0 0 0 0 0 0 0 0 0 0 0 0 0 0 0 0 0 0 0 0 0 0 0 0 0.000780712 0.00149644 0.0028336 0.005251 0.0092528 0.0153174 0.0237881 0.0345667 0.0469738 0.0599279 0.0725207 0.084974 0.0995431 0.120074 0.149432 0.186968 0.228579 0.268379 0.300434 0.320013 0.324262 0.312437 0.285876 0.247915 0.203444 0.158003 0.116504 0.0821622 0.0560909 0.0376557 0.0252916 0.0173005 0.0122246 0.00893885 0.00664336 0.00485451 0.00341904 0.00226463 0.00140785 0.000805738 0.000429742 0.000211877 0 0 0 0 0 0 0 0 0 0 0 0 0 0 0 0 0 0 0 0 0 0 0 0 0 0 0 0 0 0 0 0 0 0 0 0 0 0 0 0 0 0 0 0 0 0 0 0 0 0 0 0 0 0
0 0 0 0 0 0 0 0 0 0 0 0 0 0 0 0 0 0 0 0 0 0 0 0 0 0 0 0 0 0 0 0 0 0 0 0 0 0 0 0 0 0 0 0 0 0 0 0 0 0 0 0 0.000367469 0.00053836 0.00127743 0.00232996 0.00428315 0.00781624 0.0136117 0.0223721 0.0346198 0.0502545 0.068478 0.0879424 0.107375 0.126572 0.147183 0.172262 0.204102 0.241821 0.280952 0.314978 0.337496 0.344073 0.333351 0.307176 0.2698 0.226619 0.182862 0.142666 0.108566 0.0814385 0.0608421 0.0456375 0.0345724 0.0265709 0.0207403 0.0162885 0.0126283 0.00945766 0.00670893 0.00447238 0.00278448 0.00160845 0.000850129 0.000420059 0.000191827 0 0 0 0 0 0 0 0 0 0 0 0 0 0 0 0 0 0 0 0 0 0 0 0 0 0 0 0 0 0 0 0 0 0 0 0 0 0 0 0 0 0 0 0 0 0 0 0 0 0 0 0 0
0 0 0 0 0 0 0 0 0 0 0 0 0 0 0 0 0 0 0 0 0 0 0 0 0 0 0 0 0 0 0 0 0 0 0 0 0 0 0 0 0 0 0 0 0 0 0 0 0 0 0.000289197 0.000480275 0.000751543 0.00111426 0.00213094 0.00362848 0.00635392 0.0113254 0.0193667 0.0315561 0.0486208 0.0706077 0.0967212 0.125456 0.155299 0.185594 0.217133 0.251597 0.289763 0.329773 0.366924 0.395055 0.408499 0.403773 0.380641 0.342241 0.294283 0.243445 0.195631 0.154687 0.122023 0.0970772 0.0782647 0.063889 0.0526299 0.0435703 0.0359981 0.0293439 0.0232196 0.0175623 0.012542 0.00836712 0.00521713 0.00301941 0.00161914 0.000789076 0.000361596 0 0 0 0 0 0 0 0 0 0 0 0 0 0 0 0 0 0 0 0 0 0 0 0 0 0 0 0 0 0 0 0 0 0 0 0 0 0 0 0 0 0 0 0 0 0 0 0 0 0 0 0 0
0 0 0 0 0 0 0 0 0 0 0 0 0 0 0 0 0 0 0 0 0 0 0 0 0 0 0 0 0 0 0 0 0 0 0 0 0 0 0 0 0 0 0 0 0 0 0 0 0 0.000302798 0.00054255 0.000913254 0.00145122 0.0023535 0.00366051 0.00579429 0.00956644 0.0161401 0.0268497 0.0431976 0.0662624 0.0963667 0.132866 0.174281 0.218887 0.265513 0.313913 0.364136 0.415063 0.463259 0.503266 0.529162 0.536264 0.52229 0.487919 0.436885 0.375492 0.311322 0.251441 0.200762 0.161257 0.132209 0.111218 0.0954995 0.0828062 0.0716841 0.061242 0.0509744 0.0408051 0.031038 0.0222232 0.0148679 0.0092873 0.0053954 0.00291356 0.00146689 0.000677702 0.000309923 9.27786e-05 0 0 0 0 0 0 0 0 0 0 0 0 0 0 0 0 0 0 0 0 0 0 0 0 0 0 0 0 0 0 0 0 0 0 0 0 0 0 0 0 0 0 0 0 0 0 0 0 0 0 0
0 0 0 0 0 0 0 0 0 0 0 0 0 0 0 0 0 0 0 0 0 0 0 0 0 0 0 0 0 0 0 0 0 0 0 0 0 0 0 0 0 0 0 0 0 0 0 0 0.000273123 0.000528937 0.000960908 0.00164441 0.00266028 0.00421842 0.00638635 0.009575 0.0146626 0.0230393 0.0366554 0.0576435 0.0876734 0.127534 0.176892 0.234346 0.297935 0.365783 0.436497 0.508583 0.579224 0.643449 0.694737 0.726695 0.734624 0.716226 0.671989 0.605566 0.524004 0.436769 0.353689 0.282535 0.227392 0.188265 0.161842 0.143358 0.128563 0.114654 0.100139 0.0845363 0.0681863 0.0520736 0.0373797 0.0251008 0.0156962 0.00916026 0.00498591 0.00254942 0.00124767 0.00058948 0.000233602 0.000142426 8.04342e-05 4.21034e-05 0 0 0 0 0 0 0 0 0 0 0 0 0 0 0 0 0 0 0 0 0 0 0 0 0 0 0 0 0 0 0 0 0 0 0 0 0 0 0 0 0 0 0 0 0 0 0 0
0 0 0 0 0 0 0 0 0 0 0 0 0 0 0 0 0 0 0 0 0 0 0 0 0 0 0 0 0 0 0 0 0 0 0 0 0 0 0 0 0 0 0 0 0 0 0 0.00021494 0.00044877 0.000879304 0.00162181 0.00282403 0.00465078 0.00735765 0.0110428 0.0160755 0.0231051 0.0335569 0.0500021 0.0754667 0.11262 0.163009 0.226701 0.302371 0.38762 0.479738 0.576175 0.674242 0.770042 0.857613 0.929404 0.977757 0.996241 0.980403 0.928712 0.844093 0.735034 0.614632 0.497548 0.396225 0.31812 0.264519 0.230913 0.209514 0.192847 0.175856 0.156082 0.133093 0.107977 0.0827182 0.0595239 0.0400788 0.0251686 0.0147842 0.00815111 0.00427842 0.00220545 0.00116563 0.000634461 0.000342208 0.000194926 0.000103056 5.06537e-05 2.31851e-05 0 0 0 0 0 0 0 0 0 0 0 0 0 0 0 0 0 0 0 0 0 0 0 0 0 0 0 0 0 0 0 0 0 0 0 0 0 0 0 0 0 0 0 0 0 0
0 0 0 0 0 0 0 0 0 0 0 0 0 0 0 0 0 0 0 0 0 0 0 0 0 0 0 0 0 0 0 0 0 0 0 0 0 0 0 0 0 0 0 0 0 0 0.000153085 0.000340197 0.000712993 0.00141008 0.00263468 0.00465512 0.00777724 0.0123557 0.0185726 0.0265814 0.0367713 0.0501092 0.0692332 0.0981998 0.141206 0.201088 0.278526 0.372109 0.478866 0.595117 0.717335 0.842243 0.965755 1.08176 1.18192 1.25648 1.29539 1.28973 1.23419 1.13048 0.989272 0.828869 0.67053 0.532869 0.427739 0.358095 0.317766 0.294757 0.277191 0.257094 0.230836 0.198236 0.161495 0.124067 0.0895203 0.0604954 0.038256 0.0226855 0.012778 0.00700306 0.00389214 0.0022615 0.00133775 0.000776293 0.000446273 0.000238492 0.00011869 5.51371e-05 2.39953e-05 0 0 0 0 0 0 0 0 0 0 0 0 0 0 0 0 0 0 0 0 0 0 0 0 0 0 0 0 0 0 0 0 0 0 0 0 0 0 0 0 0 0 0 0 0
0 0 0 0 0 0 0 0 0 0 0 0 0 0 0 0 0 0 0 0 0 0 0 0 0 0 0 0 0 0 0 0 0 0 0 0 0 0 0 0 0 0 0 0 0 0.000106393 0.000244153 0.000534622 0.00111472 0.00220866 0.00415206 0.00739494 0.0124554 0.0198563 0.0299257 0.0425582 0.0576597 0.0754464 0.0978196 0.129127 0.175326 0.241318 0.328948 0.436867 0.561334 0.697691 0.841779 0.990493 1.14062 1.28687 1.42037 1.52846 1.5958 1.60717 1.55232 1.43144 1.25794 1.05628 0.855294 0.680685 0.549247 0.465554 0.420958 0.398276 0.380673 0.357131 0.322989 0.278586 0.227604 0.175313 0.126896 0.0861875 0.0549976 0.0331836 0.0193653 0.0113283 0.0068959 0.00436332 0.00276082 0.00165742 0.000962186 0.000520034 0.000262285 0.000123737 5.48301e-05 2.29211e-05 0 0 0 0 0 0 0 0 0 0 0 0 0 0 0 0 0 0 0 0 0 0 0 0 0 0 0 0 0 0 0 0 0 0 0 0 0 0 0 0 0 0 0 0
0 0 0 0 0 0 0 0 0 0 0 0 0 0 0 0 0 0 0 0 0 0 0 0 0 0 0 0 0 0 0 0 0 0 0 0 0 0 0 0 0 0 0 0 0 0.00017811 0.000395271 0.00084375 0.00173043 0.00339844 0.00636572 0.0113303 0.0191188 0.0305078 0.0458796 0.0650656 0.0873417 0.111876 0.139187 0.172744 0.219311 0.286273 0.377807 0.49319 0.628058 0.776864 0.93528 1.10115 1.27321 1.44781 1.61569 1.76066 1.861 1.89436 1.84517 1.71216 1.51159 1.27412 1.03623 0.830565 0.678519 0.585384 0.539129 0.517395 0.499063 0.47069 0.426952 0.368931 0.301924 0.233128 0.169442 0.115942 0.0750416 0.0466031 0.028726 0.0182807 0.0121623 0.00820114 0.00537993 0.00332183 0.00194862 0.00106609 0.000545176 0.000261448 0.000118034 5.04702e-05 2.06436e-05 0 0 0 0 0 0 0 0 0 0 0 0 0 0 0 0 0 0 0 0 0 0 0 0 0 0 0 0 0 0 0 0 0 0 0 0 0 0 0 0 0 0 0
0 0 0 0 0 0 0 0 0 0 0 0 0 0 0 0 0 0 0 0 0 0 0 0 0 0 0 0 0 0 0 0 0 0 0 0 0 0 0 0 0 0 0 0 0.000132386 0.000297329 0.000639422 0.00132525 0.00265284 0.00511727 0.00946687 0.0167304 0.0280527 0.0445768 0.0668574 0.0945895 0.126423 0.160346 0.195129 0.23244 0.278223 0.341544 0.429595 0.543589 0.67928 0.830637 0.993595 1.16773 1.35452 1.55244 1.75188 1.93278 2.06697 2.12517 2.08699 1.94983 1.73247 1.4709 1.20809 0.982336 0.817994 0.719459 0.671251 0.647575 0.625006 0.588797 0.53338 0.460599 0.377181 0.291974 0.213413 0.147671 0.097785 0.0635365 0.0422126 0.0293603 0.0209752 0.0147562 0.00991184 0.00624843 0.00370057 0.00205049 0.00106419 0.000518959 0.000238956 0.000104725 4.43146e-05 1.85963e-05 0 0 0 0 0 0 0 0 0 0 0 0 0 0 0 0 0 0 0 0 0 0 0 0 0 0 0 0 0 0 0 0 0 0 0 0 0 0 0 0 0 0
0 0 0 0 0 0 0 0 0 0 0 0 0 0 0 0 0 0 0 0 0 0 0 0 0 0 0 0 0 0 0 0 0 0 0 0 0 0 0 0 0 0 0 0 0.000217706 0.000479234 0.00100543 0.00202833 0.00395612 0.00746294 0.0135858 0.0236687 0.0393203 0.0619964 0.0925812 0.130611 0.17413 0.219891 0.264785 0.308246 0.354319 0.412047 0.491042 0.595477 0.722524 0.866524 1.02432 1.19784 1.3917 1.60668 1.83267 2.0459 2.21249 2.29742 2.27625 2.14507 1.92426 1.6535 1.38015 1.14581 0.975294 0.870996 0.815525 0.782758 0.749432 0.700757 0.631292 0.543418 0.444777 0.345282 0.254395 0.17912 0.122918 0.0851816 0.0616103 0.0462997 0.0347498 0.0251288 0.0171659 0.0109796 0.0065817 0.00369572 0.0019475 0.000966724 0.000454551 0.000204845 9.02288e-05 4.00134e-05 1.8234e-05 0 0 0 0 0 0 0 0 0 0 0 0 0 0 0 0 0 0 0 0 0 0 0 0 0 0 0 0 0 0 0 0 0 0 0 0 0 0 0 0 0
0 0 0 0 0 0 0 0 0 0 0 0 0 0 0 0 0 0 0 0 0 0 0 0 0 0 0 0 0 0 0 0 0 0 0 0 0 0 0 0 0 0 0 0 0.000336066 0.000729843 0.0015035 0.00296653 0.00565005 0.0104418 0.0186251 0.0319582 0.0524844 0.0820766 0.121875 0.171381 0.228058 0.287415 0.344499 0.396286 0.44467 0.4975 0.565447 0.655462 0.767207 0.896534 1.04207 1.2086 1.40412 1.63137 1.87958 2.12181 2.31961 2.4335 2.4356 2.32031 2.1083 1.841 1.56787 1.33125 1.15467 1.03892 0.967187 0.91577 0.863571 0.79698 0.711052 0.608491 0.49719 0.387328 0.288727 0.208783 0.150861 0.112985 0.0885656 0.0704558 0.054625 0.0402422 0.0278588 0.0180474 0.0109533 0.00623584 0.00333842 0.00168825 0.000812878 0.000378364 0.000174737 8.22795e-05 3.96979e-05 1.91218e-05 0 0 0 0 0 0 0 0 0 0 0 0 0 0 0 0 0 0 0 0 0 0 0 0 0 0 0 0 0 0 0 0 0 0 0 0 0 0 0 0
0 0 0 0 0 0 0 0 0 0 0 0 0 0 0 0 0 0 0 0 0 0 0 0 0 0 0 0 0 0 0 0 0 0 0 0 0 0 0 0 0 0 0 0.000210262 0.000482772 0.00103868 0.00211114 0.00409312 0.00763952 0.0138471 0.0242536 0.0410028 0.0665808 0.103286 0.152546 0.213869 0.284172 0.357826 0.42802 0.489461 0.541799 0.591367 0.648911 0.723369 0.817135 0.928559 1.05893 1.21642 1.41218 1.65041 1.91936 2.18937 2.41846 2.56337 2.59291 2.49929 2.30243 2.04415 1.77441 1.53483 1.34754 1.21298 1.11658 1.03831 0.960319 0.87113 0.766917 0.650687 0.530107 0.414937 0.31471 0.236536 0.182553 0.147943 0.123573 0.102118 0.0808713 0.0604055 0.0423036 0.027734 0.0170463 0.00984389 0.00535776 0.00276447 0.0013674 0.000661944 0.000322593 0.000161237 8.16108e-05 4.04801e-05 0 0 0 0 0 0 0 0 0 0 0 0 0 0 0 0 0 0 0 0 0 0 0 0 0 0 0 0 0 0 0 0 0 0 0 0 0 0 0 0
0 0 0 0 0 0 0 0 0 0 0 0 0 0 0 0 0 0 0 0 0 0 0 0 0 0 0 0 0 0 0 0 0 0 0 0 0 0 0 0 0 0 0 0.000281318 0.000643212 0.00137468 0.00276623 0.00529036 0.00974852 0.0173216 0.0298545 0.0498107 0.0800933 0.12342 0.181533 0.253991 0.337282 0.424724 0.507775 0.579062 0.636125 0.683706 0.732204 0.791903 0.867879 0.961618 1.0778 1.22809 1.42623 1.67694 1.967 2.26421 2.52352 2.69828 2.7541 2.6811 2.4984 2.24797 1.97954 1.73373 1.53164 1.3743 1.24966 1.1412 1.03444 0.920632 0.797791 0.669597 0.54345 0.428371 0.333086 0.263378 0.218356 0.189234 0.165185 0.139872 0.112387 0.0848774 0.0600698 0.0398384 0.0248051 0.0145349 0.00805088 0.00424854 0.00216942 0.00109981 0.000567887 0.000299668 0.000157418 7.96871e-05 3.8009e-05 0 0 0 0 0 0 0 0 0 0 0 0 0 0 0 0 0 0 0 0 0 0 0 0 0 0 0 0 0 0 0 0 0 0 0 0 0 0 0
0 0 0 0 0 0 0 0 0 0 0 0 0 0 0 0 0 0 0 0 0 0 0 0 0 0 0 0 0 0 0 0 0 0 0 0 0 0 0 0 0 0 0 0.000348495 0.000794511 0.00168984 0.00337501 0.00641686 0.011634 0.0203749 0.0346435 0.0571848 0.0912407 0.139973 0.205452 0.287378 0.381936 0.481584 0.57632 0.656877 0.718785 0.765159 0.805753 0.851886 0.911415 0.989528 1.09467 1.24156 1.44519 1.70938 2.01884 2.33896 2.62218 2.81922 2.89367 2.83471 2.66148 2.41618 2.14784 1.89563 1.67963 1.50156 1.3515 1.21564 1.08236 0.945776 0.80624 0.668763 0.540868 0.430932 0.346427 0.290331 0.256976 0.23385 0.209893 0.18046 0.146485 0.111639 0.0797808 0.0535057 0.0337478 0.0200795 0.0113354 0.00613933 0.00325682 0.00173982 0.000951232 0.000525024 0.000283383 0.000145437 6.98148e-05 0 0 0 0 0 0 0 0 0 0 0 0 0 0 0 0 0 0 0 0 0 0 0 0 0 0 0 0 0 0 0 0 0 0 0 0 0 0 0
0 0 0 0 0 0 0 0 0 0 0 0 0 0 0 0 0 0 0 0 0 0 0 0 0 0 0 0 0 0 0 0 0 0 0 0 0 0 0 0 0 0 0 0.000400739 0.000911891 0.00193281 0.00383854 0.00725652 0.0130197 0.022534 0.0378922 0.0620244 0.0984832 0.150837 0.221559 0.310581 0.413998 0.523662 0.628441 0.717391 0.784141 0.829987 0.863755 0.897678 0.942684 1.00826 1.10664 1.25428 1.46514 1.74037 2.06206 2.39388 2.68717 2.89217 2.9728 2.91924 2.7516 2.51178 2.24691 1.99354 1.77021 1.57899 1.4115 1.25582 1.1026 0.94858 0.796707 0.6538 0.528068 0.427521 0.357755 0.317383 0.29549 0.277342 0.252921 0.219381 0.1793 0.137642 0.0992244 0.067256 0.042969 0.0259778 0.0149788 0.00836555 0.00464067 0.00262041 0.00150829 0.000862126 0.000474171 0.000245595 0.000118386 0 0 0 0 0 0 0 0 0 0 0 0 0 0 0 0 0 0 0 0 0 0 0 0 0 0 0 0 0 0 0 0 0 0 0 0 0 0 0
0 0 0 0 0 0 0 0 0 0 0 0 0 0 0 0 0 0 0 0 0 0 0 0 0 0 0 0 0 0 0 0 0 0 0 0 0 0 0 0 0 0 0 0.000430425 0.000978518 0.00206933 0.00409215 0.00771557 0.0137275 0.0235273 0.0392079 0.0637945 0.101098 0.155106 0.228753 0.322356 0.432128 0.549615 0.662841 0.759467 0.831209 0.877424 0.905762 0.929358 0.962618 1.01982 1.11655 1.2689 1.48695 1.76719 2.08885 2.4151 2.69873 2.89291 2.96519 2.90888 2.74546 2.51518 2.26121 2.0159 1.79539 1.60155 1.42701 1.26119 1.09656 0.93232 0.773979 0.630384 0.510744 0.422703 0.369127 0.343441 0.330581 0.315452 0.289672 0.252153 0.206799 0.159533 0.115822 0.0792653 0.0512848 0.0315328 0.0186269 0.0107867 0.00629025 0.00374892 0.00225152 0.00132013 0.000735535 0.000383226 0.000185223 0 0 0 0 0 0 0 0 0 0 0 0 0 0 0 0 0 0 0 0 0 0 0 0 0 0 0 0 0 0 0 0 0 0 0 0 0 0 0
0 0 0 0 0 0 0 0 0 0 0 0 0 0 0 0 0 0 0 0 0 0 0 0 0 0 0 0 0 0 0 0 0 0 0 0 0 0 0 0 0 0 0 0.000437234 0.000994146 0.00209982 0.00419967 0.00780865 0.0137934 0.0234342 0.038744 0.0627698 0.0995472 0.153506 0.228144 0.324291 0.43846 0.562109 0.682638 0.786474 0.86349 0.911033 0.935648 0.951461 0.976636 1.03025 1.1303 1.2903 1.51409 1.79197 2.10006 2.40223 2.65556 2.81992 2.87002 2.80434 2.64534 2.42994 2.19528 1.96796 1.76086 1.57501 1.40342 1.23652 1.06857 0.901177 0.742361 0.602859 0.492788 0.418994 0.380853 0.366914 0.359817 0.345394 0.31716 0.275675 0.225978 0.174623 0.127358 0.0878604 0.057535 0.0360214 0.0218792 0.0132083 0.00811165 0.00507189 0.00314691 0.00187825 0.00105542 0.000552033 0.000267281 0.000119508 0 0 0 0 0 0 0 0 0 0 0 0 0 0 0 0 0 0 0 0 0 0 0 0 0 0 0 0 0 0 0 0 0 0 0 0 0 0
0 0 0 0 0 0 0 0 0 0 0 0 0 0 0 0 0 0 0 0 0 0 0 0 0 0 0 0 0 0 0 0 0 0 0 0 0 0 0 0 0 0 0 0.000428639 0.000975954 0.00206112 0.0041454 0.00768024 0.0134757 0.0226892 0.0371962 0.0600085 0.095373 0.148203 0.222646 0.320157 0.437655 0.566593 0.693841 0.804572 0.886925 0.936475 0.95897 0.969806 0.990676 1.04461 1.15056 1.31811 1.54421 1.81275 2.09654 2.36073 2.56846 2.68913 2.70726 2.62769 2.47363 2.27717 2.06801 1.8662 1.6808 1.51127 1.35034 1.18926 1.02424 0.859409 0.705111 0.573616 0.475488 0.416209 0.391434 0.386014 0.381815 0.36616 0.334458 0.288922 0.23566 0.181673 0.132662 0.092037 0.0609543 0.0389136 0.0243949 0.0153998 0.00993167 0.0064556 0.0041002 0.00247639 0.00139926 0.000733674 0.000355636 0.000159095 0 0 0 0 0 0 0 0 0 0 0 0 0 0 0 0 0 0 0 0 0 0 0 0 0 0 0 0 0 0 0 0 0 0 0 0 0 0
0 0 0 0 0 0 0 0 0 0 0 0 0 0 0 0 0 0 0 0 0 0 0 0 0 0 0 0 0 0 0 0 0 0 0 0 0 0 0 0 0 0 0 0.000414938 0.000946992 0.00200136 0.00406784 0.0075187 0.0131115 0.0218678 0.0354861 0.0568828 0.0905213 0.141804 0.215594 0.314042 0.434527 0.568488 0.702135 0.819389 0.906739 0.958423 0.979924 0.988122 1.00745 1.06314 1.17337 1.3437 1.56548 1.81762 2.07022 2.28985 2.44611 2.51857 2.50214 2.40811 2.25982 2.08404 1.90285 1.73 1.57064 1.42217 1.27657 1.12584 0.968194 0.810236 0.664185 0.543267 0.457952 0.41206 0.398087 0.398576 0.39548 0.377546 0.341972 0.292562 0.236485 0.181119 0.131935 0.0918181 0.0614528 0.0400568 0.0259747 0.0171261 0.0115077 0.0076952 0.0049642 0.0030208 0.00171272 0.000899395 0.000436256 0.000195216 0 0 0 0 0 0 0 0 0 0 0 0 0 0 0 0 0 0 0 0 0 0 0 0 0 0 0 0 0 0 0 0 0 0 0 0 0 0
0 0 0 0 0 0 0 0 0 0 0 0 0 0 0 0 0 0 0 0 0 0 0 0 0 0 0 0 0 0 0 0 0 0 0 0 0 0 0 0 0 0 0 0.000400899 0.000917294 0.00194059 0.00401367 0.00741652 0.0128825 0.0213123 0.0342193 0.0543781 0.0863583 0.136053 0.209046 0.308213 0.431406 0.570014 0.709544 0.832638 0.924356 0.978001 0.999215 1.00624 1.02513 1.08125 1.1906 1.35515 1.56286 1.79016 2.0064 2.18043 2.28795 2.31738 2.27213 2.16823 2.02818 1.87345 1.7196 1.57521 1.44222 1.31603 1.18777 1.05018 0.903343 0.755792 0.620841 0.51187 0.438794 0.403999 0.397997 0.40236 0.399463 0.379257 0.340391 0.288017 0.230244 0.174741 0.126675 0.0883059 0.0597205 0.0397618 0.0266175 0.0181886 0.0125818 0.00856375 0.00557428 0.00340603 0.00193464 0.00101673 0.000493342 0.000220793 0 0 0 0 0 0 0 0 0 0 0 0 0 0 0 0 0 0 0 0 0 0 0 0 0 0 0 0 0 0 0 0 0 0 0 0 0 0
0 0 0 0 0 0 0 0 0 0 0 0 0 0 0 0 0 0 0 0 0 0 0 0 0 0 0 0 0 0 0 0 0 0 0 0 0 0 0 0 0 0 0 0.000382346 0.000876519 0.00185586 0.00394383 0.00730771 0.0126946 0.0209246 0.033342 0.0525312 0.0830343 0.131089 0.202908 0.302068 0.426895 0.568857 0.712885 0.840644 0.936105 0.99189 1.01375 1.02056 1.03874 1.09241 1.19462 1.34429 1.52758 1.72091 1.89565 2.02488 2.09042 2.08746 2.02464 1.91967 1.7925 1.65948 1.53116 1.41267 1.3039 1.19888 1.08833 0.965824 0.832892 0.69904 0.577589 0.481108 0.418573 0.391594 0.390264 0.396367 0.393042 0.371183 0.33044 0.276865 0.219129 0.164978 0.119181 0.0833648 0.0570317 0.0387001 0.0265087 0.0184921 0.0129663 0.0088863 0.00580114 0.00354866 0.00201643 0.00105989 0.000514292 0.000230173 0 0 0 0 0 0 0 0 0 0 0 0 0 0 0 0 0 0 0 0 0 0 0 0 0 0 0 0 0 0 0 0 0 0 0 0 0 0
0 0 0 0 0 0 0 0 0 0 0 0 0 0 0 0 0 0 0 0 0 0 0 0 0 0 0 0 0 0 0 0 0 0 0 0 0 0 0 0 0 0 0 0 0.00080728 0.00171004 0.00378337 0.0070533 0.0123099 0.02033 0.0323262 0.0506611 0.0796925 0.12572 0.19538 0.292822 0.416907 0.559421 0.705294 0.835914 0.93473 0.993798 1.01826 1.02632 1.04329 1.09152 1.18154 1.30973 1.46113 1.61359 1.74284 1.82826 1.85843 1.8337 1.76486 1.66815 1.55925 1.44946 1.34554 1.25065 1.16367 1.07821 0.985325 0.879627 0.763548 0.646523 0.540613 0.456574 0.402053 0.378608 0.377609 0.382479 0.377515 0.354424 0.313396 0.260768 0.205206 0.154112 0.111661 0.0788229 0.0546524 0.0375713 0.0259276 0.0180831 0.0126215 0.00860727 0.00559898 0.00341766 0.00193971 0.00101893 0.00049427 0.000221176 0 0 0 0 0 0 0 0 0 0 0 0 0 0 0 0 0 0 0 0 0 0 0 0 0 0 0 0 0 0 0 0 0 0 0 0 0 0
0 0 0 0 0 0 0 0 0 0 0 0 0 0 0 0 0 0 0 0 0 0 0 0 0 0 0 0 0 0 0 0 0 0 0 0 0 0 0 0 0 0 0 0 0.000702374 0.0014881 0.00348741 0.00656119 0.0115527 0.0192029 0.0306315 0.047945 0.0751619 0.118367 0.184234 0.277287 0.396989 0.535903 0.679854 0.810962 0.912997 0.977478 1.00793 1.02002 1.03635 1.07722 1.1518 1.25524 1.37201 1.48181 1.56546 1.60964 1.6099 1.57091 1.50377 1.42141 1.33436 1.24919 1.16965 1.09753 1.03121 0.964593 0.889823 0.802833 0.706537 0.609278 0.5207 0.448795 0.399321 0.374165 0.367587 0.366351 0.356927 0.331845 0.291352 0.241393 0.189903 0.143391 0.105129 0.0753993 0.0530246 0.0366415 0.0250626 0.017119 0.0116699 0.00781197 0.00502264 0.00304611 0.00172313 0.000903649 0.000437985 0.000195912 0 0 0 0 0 0 0 0 0 0 0 0 0 0 0 0 0 0 0 0 0 0 0 0 0 0 0 0 0 0 0 0 0 0 0 0 0 0
0 0 0 0 0 0 0 0 0 0 0 0 0 0 0 0 0 0 0 0 0 0 0 0 0 0 0 0 0 0 0 0 0 0 0 0 0 0 0 0 0 0 0 0 0 0.00120818 0.00306357 0.00582983 0.0103826 0.0174221 0.0279718 0.0439116 0.0687169 0.107986 0.168083 0.253643 0.364802 0.495442 0.633228 0.762184 0.867299 0.939654 0.980282 1.00057 1.01863 1.05193 1.10933 1.18684 1.27001 1.34077 1.38432 1.39357 1.37004 1.32175 1.25949 1.1928 1.12764 1.06671 1.01129 0.961771 0.916037 0.8686 0.81327 0.747502 0.674271 0.599953 0.530788 0.471212 0.424482 0.392439 0.372829 0.357973 0.338398 0.308132 0.267163 0.220227 0.173723 0.132613 0.0989191 0.0722611 0.0514453 0.0355281 0.0238715 0.0157696 0.0103315 0.00668948 0.00420639 0.00251886 0.00141535 0.000739764 0.000357966 0 0 0 0 0 0 0 0 0 0 0 0 0 0 0 0 0 0 0 0 0 0 0 0 0 0 0 0 0 0 0 0 0 0 0 0 0 0 0
0 0 0 0 0 0 0 0 0 0 0 0 0 0 0 0 0 0 0 0 0 0 0 0 0 0 0 0 0 0 0 0 0 0 0 0 0 0 0 0 0 0 0 0 0 0.000909541 0.00255629 0.00492553 0.00888535 0.0152531 0.0245738 0.038575 0.0602921 0.094527 0.147061 0.222385 0.321367 0.439608 0.567449 0.691709 0.799317 0.881243 0.935604 0.968524 0.992101 1.0197 1.05981 1.11127 1.16346 1.20181 1.21511 1.20001 1.16127 1.10857 1.05203 0.998836 0.952061 0.912013 0.878163 0.849538 0.823538 0.79568 0.76177 0.720691 0.674751 0.627353 0.580511 0.534608 0.490042 0.447852 0.408704 0.371321 0.332729 0.290555 0.245039 0.199173 0.156895 0.120884 0.0915723 0.0678935 0.048731 0.0335459 0.02213 0.0141139 0.00882609 0.00545393 0.00331202 0.00194054 0.00107742 0.000559666 0.000269992 0 0 0 0 0 0 0 0 0 0 0 0 0 0 0 0 0 0 0 0 0 0 0 0 0 0 0 0 0 0 0 0 0 0 0 0 0 0 0
0 0 0 0 0 0 0 0 0 0 0 0 0 0 0 0 0 0 0 0 0 0 0 0 0 0 0 0 0 0 0 0 0 0 0 0 0 0 0 0 0 0 0 0 0 0 0.00202236 0.00455493 0.00791966 0.0131279 0.0209464 0.0326574 0.0507645 0.0792426 0.123073 0.186466 0.270974 0.374137 0.489278 0.606531 0.715212 0.806561 0.876051 0.924485 0.957395 0.982864 1.00807 1.0353 1.05998 1.07315 1.06706 1.03996 0.996723 0.946026 0.896466 0.853664 0.819642 0.794043 0.775681 0.763015 0.753761 0.745058 0.734777 0.722505 0.708684 0.692566 0.67127 0.641046 0.599369 0.546333 0.484629 0.418467 0.352121 0.289029 0.231693 0.181983 0.140934 0.108276 0.0824294 0.0614785 0.0442153 0.0302884 0.0196744 0.0121833 0.00728743 0.00427015 0.00247451 0.00140216 0.000763038 0.000392102 0.000188119 0 0 0 0 0 0 0 0 0 0 0 0 0 0 0 0 0 0 0 0 0 0 0 0 0 0 0 0 0 0 0 0 0 0 0 0 0 0 0
0 0 0 0 0 0 0 0 0 0 0 0 0 0 0 0 0 0 0 0 0 0 0 0 0 0 0 0 0 0 0 0 0 0 0 0 0 0 0 0 0 0 0 0 0 0 0.00291825 0.00492427 0.00791701 0.0122702 0.0185719 0.0278587 0.0421718 0.0647114 0.0996091 0.150693 0.22007 0.307103 0.407983 0.516162 0.623429 0.721708 0.804571 0.868342 0.912555 0.939897 0.955325 0.963683 0.966682 0.962051 0.946193 0.917995 0.880322 0.838661 0.798591 0.764037 0.736901 0.717697 0.706319 0.702427 0.705459 0.714774 0.729796 0.749548 0.771196 0.78905 0.795159 0.781691 0.743431 0.679807 0.595394 0.498901 0.400826 0.310541 0.234243 0.174234 0.129515 0.0969179 0.072644 0.0536377 0.038247 0.0259434 0.016609 0.0100499 0.00579607 0.0032232 0.00177087 0.000958855 0.000505847 0.000255277 0 0 0 0 0 0 0 0 0 0 0 0 0 0 0 0 0 0 0 0 0 0 0 0 0 0 0 0 0 0 0 0 0 0 0 0 0 0 0 0
0 0 0 0 0 0 0 0 0 0 0 0 0 0 0 0 0 0 0 0 0 0 0 0 0 0 0 0 0 0 0 0 0 0 0 0 0 0 0 0 0 0 0 0 0.0012902 0.00236125 0.00399137 0.00660438 0.00991262 0.0141603 0.0196299 0.027059 0.0380816 0.0552564 0.0819426 0.12147 0.176342 0.247392 0.333262 0.430247 0.532559 0.633094 0.724424 0.799782 0.854258 0.886248 0.898392 0.896609 0.887087 0.873357 0.856005 0.834619 0.8096 0.782254 0.754167 0.726924 0.702351 0.682774 0.670908 0.669495 0.680872 0.706569 0.746526 0.797951 0.854143 0.904568 0.936623 0.938573 0.902841 0.828552 0.722392 0.597204 0.468587 0.35074 0.253082 0.178946 0.126305 0.0900966 0.0647807 0.0462114 0.0320513 0.0212591 0.0133321 0.00789218 0.00441785 0.00236421 0.00122067 0.000626656 0.000316623 0.000155309 0 0 0 0 0 0 0 0 0 0 0 0 0 0 0 0 0 0 0 0 0 0 0 0 0 0 0 0 0 0 0 0 0 0 0 0 0 0 0 0
0 0 0 0 0 0 0 0 0 0 0 0 0 0 0 0 0 0 0 0 0 0 0 0 0 0 0 0 0 0 0 0 0 0 0 0 0 0 0 0 0 0 0 0 0.0019156 0.00350402 0.00592278 0.00937139 0.0137571 0.0189837 0.0250595 0.0323999 0.0421917 0.0563138 0.0771577 0.107274 0.149154 0.204745 0.27471 0.357809 0.450487 0.546899 0.639466 0.719838 0.780675 0.817861 0.832321 0.82991 0.81874 0.805705 0.794368 0.785087 0.776286 0.765491 0.750389 0.730126 0.706414 0.683752 0.668472 0.667086 0.684817 0.724515 0.785655 0.863298 0.947502 1.02389 1.07596 1.08869 1.05266 0.967148 0.841062 0.690906 0.536417 0.395308 0.279163 0.191834 0.130552 0.0890454 0.0608052 0.0410918 0.0270837 0.017191 0.0104038 0.00595936 0.00323404 0.00166697 0.000809409 0.000394158 0.000188992 0 0 0 0 0 0 0 0 0 0 0 0 0 0 0 0 0 0 0 0 0 0 0 0 0 0 0 0 0 0 0 0 0 0 0 0 0 0 0 0 0
0 0 0 0 0 0 0 0 0 0 0 0 0 0 0 0 0 0 0 0 0 0 0 0 0 0 0 0 0 0 0 0 0 0 0 0 0 0 0 0 0 0 0 0.00134155 0.0026551 0.00485438 0.00820781 0.0128657 0.0188445 0.025886 0.0339042 0.0432479 0.0549364 0.0703169 0.0905553 0.116533 0.149389 0.191 0.243641 0.308704 0.385361 0.469726 0.554907 0.632369 0.694028 0.7349 0.754948 0.759251 0.755736 0.752002 0.752686 0.758468 0.76648 0.771624 0.768771 0.755367 0.733426 0.709638 0.693498 0.69428 0.718673 0.769602 0.845647 0.940347 1.0417 1.13286 1.19477 1.21038 1.16945 1.07194 0.928815 0.759419 0.586239 0.429064 0.300455 0.204196 0.136765 0.0909964 0.0599155 0.038582 0.0240269 0.0143699 0.00821795 0.00446918 0.00232051 0.00114599 0.000512554 0.000238755 0.000108466 0 0 0 0 0 0 0 0 0 0 0 0 0 0 0 0 0 0 0 0 0 0 0 0 0 0 0 0 0 0 0 0 0 0 0 0 0 0 0 0 0
0 0 0 0 0 0 0 0 0 0 0 0 0 0 0 0 0 0 0 0 0 0 0 0 0 0 0 0 0 0 0 0 0 0 0 0 0 0 0 0 0 0 0.000822531 0.00175987 0.00348008 0.00636412 0.0107776 0.0169491 0.0248968 0.0344456 0.0455985 0.0589283 0.0756268 0.0968348 0.122679 0.152067 0.18351 0.216503 0.252597 0.295229 0.347705 0.410184 0.478388 0.544749 0.60147 0.643426 0.669984 0.684862 0.694422 0.704979 0.720535 0.741432 0.764129 0.782306 0.789597 0.783035 0.765553 0.745772 0.734985 0.743187 0.776574 0.837042 0.922088 1.02417 1.13021 1.22253 1.28149 1.29004 1.23858 1.12839 0.972074 0.790515 0.607265 0.442541 0.308714 0.208987 0.139177 0.0916639 0.0592732 0.0371199 0.0222323 0.0126514 0.00682752 0.00348295 0.00170194 0.000793063 0.000307086 0.000138483 0 0 0 0 0 0 0 0 0 0 0 0 0 0 0 0 0 0 0 0 0 0 0 0 0 0 0 0 0 0 0 0 0 0 0 0 0 0 0 0 0 0
0 0 0 0 0 0 0 0 0 0 0 0 0 0 0 0 0 0 0 0 0 0 0 0 0 0 0 0 0 0 0 0 0 0 0 0 0 0 0 0 0 0.000451302 0.00104308 0.0022305 0.00441452 0.00809354 0.0137688 0.0218063 0.032345 0.0454238 0.0613294 0.0810867 0.10626 0.137843 0.174898 0.214302 0.251698 0.28328 0.307751 0.327774 0.349644 0.379899 0.420561 0.467596 0.514048 0.554423 0.586866 0.613124 0.636982 0.662325 0.691512 0.724203 0.756804 0.783197 0.797425 0.797462 0.787701 0.778035 0.779893 0.801899 0.848212 0.918769 1.00933 1.11101 1.21035 1.29048 1.33372 1.3254 1.25821 1.13521 0.969971 0.783454 0.598538 0.434283 0.301893 0.203688 0.135071 0.0883825 0.056587 0.0349356 0.0205044 0.0113434 0.00589384 0.00285907 0.00131881 0.000576259 0.00017277 0 0 0 0 0 0 0 0 0 0 0 0 0 0 0 0 0 0 0 0 0 0 0 0 0 0 0 0 0 0 0 0 0 0 0 0 0 0 0 0 0 0 0
0 0 0 0 0 0 0 0 0 0 0 0 0 0 0 0 0 0 0 0 0 0 0 0 0 0 0 0 0 0 0 0 0 0 0 0 0 0 0 0 0 0.000566478 0.00131106 0.00281179 0.00559103 0.010318 0.017706 0.0283567 0.0426628 0.0609581 0.0839964 0.113354 0.151017 0.197716 0.251196 0.305873 0.354192 0.389015 0.406188 0.406686 0.397391 0.3895 0.393517 0.413152 0.444491 0.480972 0.518154 0.554616 0.590836 0.62778 0.665923 0.704366 0.740169 0.768625 0.785668 0.79132 0.7917 0.797252 0.818091 0.860137 0.924363 1.0075 1.10232 1.19804 1.28152 1.33863 1.35597 1.32343 1.23726 1.10239 0.932528 0.747307 0.567419 0.409622 0.283349 0.190028 0.124999 0.0809846 0.0513038 0.0313123 0.0181615 0.00990385 0.00504926 0.00238379 0.00106123 0.000442525 0 0 0 0 0 0 0 0 0 0 0 0 0 0 0 0 0 0 0 0 0 0 0 0 0 0 0 0 0 0 0 0 0 0 0 0 0 0 0 0 0 0 0 0
0 0 0 0 0 0 0 0 0 0 0 0 0 0 0 0 0 0 0 0 0 0 0 0 0 0 0 0 0 0 0 0 0 0 0 0 0 0 0 0 0.000284909 0.000715351 0.001666 0.00359979 0.00722029 0.0134562 0.0233451 0.0378385 0.0576672 0.0835051 0.116528 0.158882 0.212972 0.279227 0.35375 0.427917 0.49035 0.530381 0.541557 0.524101 0.485663 0.440175 0.404398 0.391357 0.403652 0.43454 0.475379 0.520048 0.565145 0.608757 0.649729 0.686998 0.718851 0.742944 0.758119 0.767199 0.778181 0.801577 0.845607 0.912825 0.999875 1.09847 1.19694 1.28243 1.34321 1.36972 1.35484 1.29439 1.18871 1.04434 0.87408 0.695019 0.524636 0.376789 0.258995 0.172026 0.111564 0.0710332 0.04422 0.0265837 0.0152352 0.00822522 0.00415244 0.0019367 0.000848627 0.000332315 0 0 0 0 0 0 0 0 0 0 0 0 0 0 0 0 0 0 0 0 0 0 0 0 0 0 0 0 0 0 0 0 0 0 0 0 0 0 0 0 0 0 0 0
0 0 0 0 0 0 0 0 0 0 0 0 0 0 0 0 0 0 0 0 0 0 0 0 0 0 0 0 0 0 0 0 0 0 0 0 0 0 0 0 0.00035811 0.000907359 0.0021332 0.00465419 0.00942671 0.017739 0.0310652 0.0507977 0.0780311 0.113709 0.159302 0.217394 0.290834 0.379749 0.478451 0.574811 0.653126 0.698938 0.703829 0.668297 0.602013 0.521953 0.449155 0.403667 0.395827 0.420557 0.464382 0.515446 0.56618 0.612091 0.650783 0.6813 0.703484 0.71781 0.726615 0.735919 0.755655 0.796484 0.864877 0.959746 1.07215 1.18719 1.28783 1.35949 1.39306 1.385 1.33549 1.24689 1.12357 0.972957 0.806134 0.636779 0.478585 0.342346 0.233838 0.153502 0.0976542 0.0606168 0.0367367 0.0215726 0.0121538 0.0064868 0.00325089 0.00149934 0.000651653 0.000262525 0 0 0 0 0 0 0 0 0 0 0 0 0 0 0 0 0 0 0 0 0 0 0 0 0 0 0 0 0 0 0 0 0 0 0 0 0 0 0 0 0 0 0 0
0 0 0 0 0 0 0 0 0 0 0 0 0 0 0 0 0 0 0 0 0 0 0 0 0 0 0 0 0 0 0 0 0 0 0 0 0 0 0 0 0.000442945 0.00113351 0.00268995 0.00592026 0.0120867 0.0229066 0.0403613 0.066328 0.102243 0.149209 0.208805 0.283878 0.377613 0.489896 0.613265 0.732095 0.826295 0.877685 0.876147 0.822981 0.730626 0.619662 0.51498 0.441504 0.415899 0.435526 0.48255 0.539245 0.594055 0.640267 0.674463 0.695784 0.705499 0.706936 0.70604 0.712151 0.737197 0.792162 0.882006 1.00187 1.13671 1.26487 1.36444 1.41979 1.42503 1.38284 1.30061 1.1867 1.04898 0.895362 0.734797 0.577284 0.432677 0.308799 0.209916 0.136308 0.085005 0.0512515 0.0300204 0.0170838 0.00937978 0.00492419 0.00244748 0.00113208 0.000494026 0.00020046 0 0 0 0 0 0 0 0 0 0 0 0 0 0 0 0 0 0 0 0 0 0 0 0 0 0 0 0 0 0 0 0 0 0 0 0 0 0 0 0 0 0 0 0
0 0 0 0 0 0 0 0 0 0 0 0 0 0 0 0 0 0 0 0 0 0 0 0 0 0 0 0 0 0 0 0 0 0 0 0 0 0 0 0 0.000528264 0.00136307 0.00325852 0.00721733 0.0148143 0.0282003 0.0498637 0.0821458 0.12678 0.184935 0.258139 0.349288 0.461699 0.594979 0.740141 0.878575 0.986478 1.04257 1.03544 0.967274 0.853096 0.716832 0.586739 0.491516 0.45256 0.469456 0.520797 0.583686 0.643163 0.690684 0.721863 0.735545 0.733795 0.722201 0.71012 0.710177 0.736228 0.799318 0.902635 1.03778 1.1848 1.31723 1.41023 1.4482 1.42824 1.35799 1.25011 1.11724 0.969723 0.815822 0.662807 0.517669 0.386886 0.275632 0.186735 0.120264 0.0737912 0.0433503 0.0245449 0.0134746 0.00717255 0.0036941 0.00180014 0.000842882 0.000370645 0.000152183 0 0 0 0 0 0 0 0 0 0 0 0 0 0 0 0 0 0 0 0 0 0 0 0 0 0 0 0 0 0 0 0 0 0 0 0 0 0 0 0 0 0 0 0
0 0 0 0 0 0 0 0 0 0 0 0 0 0 0 0 0 0 0 0 0 0 0 0 0 0 0 0 0 0 0 0 0 0 0 0 0 0 0 0.000213067 0.000597577 0.00155122 0.00372709 0.00828944 0.0170721 0.0325849 0.0577316 0.0952386 0.147077 0.214454 0.298788 0.402842 0.529807 0.678837 0.839783 0.991963 1.10921 1.16841 1.15751 1.07944 0.950874 0.797762 0.650569 0.540832 0.49368 0.510707 0.567928 0.63849 0.704928 0.757419 0.790564 0.802217 0.794002 0.772484 0.749573 0.741012 0.762602 0.825047 0.929233 1.06383 1.20655 1.32965 1.40839 1.42866 1.38998 1.30253 1.18103 1.03944 0.888773 0.737477 0.592277 0.458602 0.340775 0.241818 0.163173 0.104407 0.0633194 0.0364944 0.0201177 0.0107013 0.00552549 0.00278839 0.001347 0.000632032 0.000280504 0 0 0 0 0 0 0 0 0 0 0 0 0 0 0 0 0 0 0 0 0 0 0 0 0 0 0 0 0 0 0 0 0 0 0 0 0 0 0 0 0 0 0 0 0
0 0 0 0 0 0 0 0 0 0 0 0 0 0 0 0 0 0 0 0 0 0 0 0 0 0 0 0 0 0 0 0 0 0 0 0 0 0 0 0.000225089 0.00063439 0.00165342 0.00398561 0.00888788 0.0183431 0.03507 0.0622229 0.102774 0.158883 0.231846 0.323044 0.435053 0.570645 0.728327 0.897051 1.05524 1.17608 1.23627 1.22407 1.14278 1.00939 0.850014 0.695595 0.579294 0.529226 0.549045 0.613489 0.69334 0.769831 0.832546 0.875006 0.893189 0.886735 0.861321 0.82972 0.809923 0.819903 0.870581 0.960778 1.07698 1.19687 1.29515 1.35068 1.35264 1.30245 1.21037 1.08957 0.951818 0.806539 0.661842 0.524885 0.401353 0.294935 0.207394 0.138883 0.0881947 0.0529796 0.0301293 0.0163006 0.00847069 0.00426393 0.00211403 0.00101274 0.000475716 0.000212704 0 0 0 0 0 0 0 0 0 0 0 0 0 0 0 0 0 0 0 0 0 0 0 0 0 0 0 0 0 0 0 0 0 0 0 0 0 0 0 0 0 0 0 0 0
0 0 0 0 0 0 0 0 0 0 0 0 0 0 0 0 0 0 0 0 0 0 0 0 0 0 0 0 0 0 0 0 0 0 0 0 0 0 0 0.000222101 0.000627947 0.00164092 0.0039639 0.00885464 0.0183018 0.0350402 0.0622616 0.10302 0.159616 0.23354 0.326317 0.440384 0.577931 0.736567 0.904667 1.06085 1.17935 1.2384 1.2274 1.14983 1.02152 0.866789 0.71525 0.600345 0.552297 0.576862 0.649014 0.739001 0.828134 0.906046 0.965174 0.998871 1.0035 0.981987 0.945766 0.913207 0.904121 0.931238 0.993332 1.07589 1.15773 1.21815 1.24237 1.22474 1.16857 1.08232 0.974646 0.852211 0.720918 0.58777 0.460749 0.346907 0.250655 0.173454 0.114557 0.0718983 0.0427273 0.0240198 0.0128147 0.00654636 0.00322624 0.00155178 0.000748217 0.000350816 0.000157361 0 0 0 0 0 0 0 0 0 0 0 0 0 0 0 0 0 0 0 0 0 0 0 0 0 0 0 0 0 0 0 0 0 0 0 0 0 0 0 0 0 0 0 0 0
0 0 0 0 0 0 0 0 0 0 0 0 0 0 0 0 0 0 0 0 0 0 0 0 0 0 0 0 0 0 0 0 0 0 0 0 0 0 0 0.000203773 0.000577303 0.00151137 0.00365643 0.00817907 0.0169286 0.0324618 0.0577975 0.0959002 0.149166 0.21938 0.308384 0.418585 0.551508 0.703852 0.863725 1.01091 1.12211 1.17832 1.17081 1.10286 0.988071 0.847429 0.707756 0.601445 0.55959 0.589787 0.668714 0.768025 0.870322 0.96587 1.04616 1.10176 1.12522 1.11549 1.08054 1.03662 1.00385 0.997858 1.02072 1.05957 1.09499 1.1109 1.09952 1.0614 1.00215 0.92758 0.840271 0.740343 0.629239 0.512339 0.398144 0.29514 0.208935 0.141404 0.0914433 0.0563531 0.0329851 0.0182972 0.00963329 0.00484947 0.00234095 0.00111034 0.000529848 0.000247169 0 0 0 0 0 0 0 0 0 0 0 0 0 0 0 0 0 0 0 0 0 0 0 0 0 0 0 0 0 0 0 0 0 0 0 0 0 0 0 0 0 0 0 0 0 0
0 0 0 0 0 0 0 0 0 0 0 0 0 0 0 0 0 0 0 0 0 0 0 0 0 0 0 0 0 0 0 0 0 0 0 0 0 0 0 0.000173366 0.000491925 0.00128971 0.00312428 0.00699828 0.0145086 0.0278813 0.0497906 0.0829712 0.129838 0.192493 0.273162 0.374265 0.496721 0.636508 0.782014 0.914964 1.01539 1.0678 1.06548 1.01132 0.91604 0.79651 0.675908 0.584348 0.551991 0.587399 0.67032 0.775672 0.888338 0.999707 1.10078 1.18004 1.22657 1.23489 1.20796 1.15756 1.10185 1.05877 1.03617 1.02669 1.01441 0.986827 0.941385 0.883966 0.822601 0.760749 0.695047 0.619331 0.530878 0.433334 0.335057 0.245163 0.1701 0.112273 0.0706792 0.0424763 0.0243295 0.0132543 0.00686905 0.00340484 0.00157174 0.000750376 0.000353699 0.000163638 0 0 0 0 0 0 0 0 0 0 0 0 0 0 0 0 0 0 0 0 0 0 0 0 0 0 0 0 0 0 0 0 0 0 0 0 0 0 0 0 0 0 0 0 0 0
0 0 0 0 0 0 0 0 0 0 0 0 0 0 0 0 0 0 0 0 0 0 0 0 0 0 0 0 0 0 0 0 0 0 0 0 0 0 0 0.000136604 0.000388123 0.00101883 0.00247171 0.00554634 0.0115246 0.0222159 0.039847 0.0668135 0.105456 0.158087 0.22723 0.315246 0.422598 0.544986 0.671707 0.787086 0.874871 0.923126 0.927058 0.888937 0.816583 0.722897 0.627146 0.555816 0.535543 0.574321 0.6563 0.761504 0.87797 0.998649 1.11489 1.21431 1.28361 1.31305 1.29992 1.2501 1.17784 1.10146 1.03441 0.977537 0.921307 0.856715 0.783815 0.711182 0.648319 0.597077 0.549708 0.495489 0.428713 0.351433 0.271157 0.196581 0.13413 0.0864679 0.0529018 0.0308529 0.0171791 0.00913229 0.00463539 0.00225496 0.00100813 0.000474634 0.000220582 0 0 0 0 0 0 0 0 0 0 0 0 0 0 0 0 0 0 0 0 0 0 0 0 0 0 0 0 0 0 0 0 0 0 0 0 0 0 0 0 0 0 0 0 0 0 0
0 0 0 0 0 0 0 0 0 0 0 0 0 0 0 0 0 0 0 0 0 0 0 0 0 0 0 0 0 0 0 0 0 0 0 0 0 0 0 0 0.000283378 0.000744987 0.001811 0.00407358 0.00849203 0.0164419 0.029672 0.0501788 0.0801086 0.121812 0.177864 0.25049 0.339854 0.441913 0.547498 0.643909 0.718587 0.762802 0.773337 0.751919 0.704143 0.639724 0.574124 0.52841 0.522257 0.561211 0.635174 0.731226 0.841559 0.961185 1.08269 1.19411 1.281 1.33027 1.33382 1.29155 1.21283 1.11422 1.01228 0.915498 0.822594 0.729566 0.637845 0.555837 0.492624 0.448911 0.414696 0.377038 0.328736 0.270578 0.208649 0.150362 0.101355 0.0641044 0.0382298 0.0216144 0.0116522 0.00600652 0.00296679 0.0012585 0.00060231 0.000279633 0 0 0 0 0 0 0 0 0 0 0 0 0 0 0 0 0 0 0 0 0 0 0 0 0 0 0 0 0 0 0 0 0 0 0 0 0 0 0 0 0 0 0 0 0 0 0 0
0 0 0 0 0 0 0 0 0 0 0 0 0 0 0 0 0 0 0 0 0 0 0 0 0 0 0 0 0 0 0 0 0 0 0 0 0 0 0 0 0.000191497 0.00050452 0.00122971 0.00277564 0.00581253 0.0113231 0.0206058 0.0352407 0.0570832 0.088317 0.13135 0.188152 0.25882 0.33999 0.424419 0.502437 0.564822 0.60551 0.622612 0.617847 0.595767 0.564077 0.534088 0.518782 0.527738 0.563024 0.620904 0.697063 0.789173 0.895066 1.00925 1.12114 1.21627 1.27948 1.29861 1.26863 1.19413 1.0883 0.967589 0.844857 0.726214 0.613795 0.511094 0.425212 0.363137 0.324356 0.298348 0.27208 0.238164 0.196451 0.151402 0.108667 0.0726377 0.0453082 0.0264757 0.0145621 0.00760365 0.00378787 0.00176868 0.000704621 0.000334192 0 0 0 0 0 0 0 0 0 0 0 0 0 0 0 0 0 0 0 0 0 0 0 0 0 0 0 0 0 0 0 0 0 0 0 0 0 0 0 0 0 0 0 0 0 0 0 0 0
0 0 0 0 0 0 0 0 0 0 0 0 0 0 0 0 0 0 0 0 0 0 0 0 0 0 0 0 0 0 0 0 0 0 0 0 0 0 0 0 0.000119845 0.000316679 0.000774624 0.00175718 0.00370281 0.00727386 0.0133849 0.0232258 0.0383099 0.0605082 0.091914 0.134226 0.18762 0.249671 0.315117 0.377048 0.429064 0.467306 0.491343 0.503745 0.509297 0.514003 0.523267 0.539628 0.562592 0.59129 0.627116 0.673907 0.73595 0.815186 0.908814 1.00819 1.09977 1.16769 1.19768 1.18139 1.11934 1.0205 0.898607 0.767229 0.636832 0.514914 0.407893 0.32223 0.262575 0.22707 0.205658 0.186518 0.162929 0.13418 0.103169 0.0737609 0.0489966 0.0302608 0.0174221 0.00936983 0.00476083 0.00225385 0.00103837 0.000365356 0 0 0 0 0 0 0 0 0 0 0 0 0 0 0 0 0 0 0 0 0 0 0 0 0 0 0 0 0 0 0 0 0 0 0 0 0 0 0 0 0 0 0 0 0 0 0 0 0 0
0 0 0 0 0 0 0 0 0 0 0 0 0 0 0 0 0 0 0 0 0 0 0 0 0 0 0 0 0 0 0 0 0 0 0 0 0 0 0 0 6.95332e-05 0.000184483 0.000453569 0.00103561 0.00220143 0.00437342 0.00816676 0.0144399 0.0243624 0.0394498 0.0614345 0.0917724 0.130827 0.177116 0.227178 0.276449 0.320901 0.358781 0.391492 0.423125 0.458576 0.500428 0.546382 0.58974 0.623369 0.644519 0.65714 0.670447 0.694854 0.737503 0.799362 0.874434 0.950822 1.01334 1.04735 1.04287 0.997196 0.914918 0.805649 0.681136 0.553117 0.432223 0.32741 0.245372 0.189295 0.156398 0.137523 0.122575 0.10589 0.0865061 0.0660816 0.0469608 0.0309937 0.0189891 0.0108127 0.00570741 0.0028102 0.00131531 0.000353034 0 0 0 0 0 0 0 0 0 0 0 0 0 0 0 0 0 0 0 0 0 0 0 0 0 0 0 0 0 0 0 0 0 0 0 0 0 0 0 0 0 0 0 0 0 0 0 0 0 0 0
0 0 0 0 0 0 0 0 0 0 0 0 0 0 0 0 0 0 0 0 0 0 0 0 0 0 0 0 0 0 0 0 0 0 0 0 0 0 0 0 0 9.99275e-05 0.000247514 0.000570127 0.00122612 0.00247318 0.00471036 0.00853591 0.0148242 0.0247534 0.0397221 0.06099 0.0891189 0.123458 0.162084 0.202482 0.242918 0.283896 0.328672 0.381869 0.446201 0.519235 0.592536 0.654245 0.693964 0.707608 0.699681 0.68187 0.668501 0.671316 0.695624 0.738861 0.791623 0.840469 0.871704 0.874915 0.845053 0.782747 0.693322 0.585617 0.470668 0.360023 0.263777 0.188881 0.137916 0.107926 0.0909326 0.078593 0.0663492 0.0532418 0.0401012 0.0281744 0.0184172 0.0111818 0.00627779 0.0032459 0.00159091 0.000667265 0 0 0 0 0 0 0 0 0 0 0 0 0 0 0 0 0 0 0 0 0 0 0 0 0 0 0 0 0 0 0 0 0 0 0 0 0 0 0 0 0 0 0 0 0 0 0 0 0 0 0 0
0 0 0 0 0 0 0 0 0 0 0 0 0 0 0 0 0 0 0 0 0 0 0 0 0 0 0 0 0 0 0 0 0 0 0 0 0 0 0 0 0 5.04473e-05 0.000126222 0.000294374 0.000643277 0.00132552 0.00259341 0.00485603 0.00875213 0.015173 0.0252269 0.0400045 0.0602324 0.0859789 0.116727 0.152016 0.192527 0.24079 0.300493 0.374221 0.460885 0.554221 0.643042 0.713703 0.754481 0.760363 0.735633 0.692728 0.647821 0.615378 0.60404 0.614699 0.640975 0.671906 0.695492 0.701661 0.683892 0.639761 0.571086 0.483892 0.387595 0.293085 0.210192 0.145536 0.1014 0.0752111 0.060375 0.0501504 0.040932 0.0319032 0.0234305 0.016135 0.0103585 0.00619962 0.0034508 0.00170187 0.000816417 0 0 0 0 0 0 0 0 0 0 0 0 0 0 0 0 0 0 0 0 0 0 0 0 0 0 0 0 0 0 0 0 0 0 0 0 0 0 0 0 0 0 0 0 0 0 0 0 0 0 0 0 0
0 0 0 0 0 0 0 0 0 0 0 0 0 0 0 0 0 0 0 0 0 0 0 0 0 0 0 0 0 0 0 0 0 0 0 0 0 0 0 0 0 0 6.04457e-05 0.000143469 0.000320792 0.00068084 0.00138188 0.00270264 0.00509019 0.0092067 0.0159105 0.0261455 0.040792 0.0606207 0.0865531 0.120228 0.164376 0.222217 0.295857 0.384647 0.484317 0.586721 0.68018 0.751198 0.788138 0.785718 0.747835 0.686897 0.619579 0.561466 0.522872 0.506951 0.510008 0.523637 0.537804 0.543243 0.532811 0.50229 0.451248 0.383577 0.306877 0.230521 0.163083 0.110282 0.074051 0.0523897 0.0401709 0.0320785 0.0252473 0.018991 0.0134822 0.0089933 0.00562264 0.00328557 0.00179021 0.000851182 0 0 0 0 0 0 0 0 0 0 0 0 0 0 0 0 0 0 0 0 0 0 0 0 0 0 0 0 0 0 0 0 0 0 0 0 0 0 0 0 0 0 0 0 0 0 0 0 0 0 0 0 0 0
0 0 0 0 0 0 0 0 0 0 0 0 0 0 0 0 0 0 0 0 0 0 0 0 0 0 0 0 0 0 0 0 0 0 0 0 0 0 0 0 0 0 0 6.66473e-05 0.000153986 0.000340414 0.000723962 0.00148964 0.00294215 0.00555543 0.00998753 0.0170829 0.0279166 0.0439902 0.0675839 0.101932 0.150645 0.216303 0.298949 0.395358 0.499169 0.601366 0.690815 0.755391 0.784702 0.773949 0.726752 0.654929 0.574779 0.50189 0.447006 0.414241 0.401482 0.402308 0.408413 0.41155 0.404688 0.383022 0.345122 0.293557 0.234316 0.174992 0.122481 0.0813008 0.0529126 0.0358411 0.0263235 0.0203079 0.0155031 0.011299 0.00775249 0.00499535 0.00301789 0.00170868 0.000903257 0 0 0 0 0 0 0 0 0 0 0 0 0 0 0 0 0 0 0 0 0 0 0 0 0 0 0 0 0 0 0 0 0 0 0 0 0 0 0 0 0 0 0 0 0 0 0 0 0 0 0 0 0 0 0
0 0 0 0 0 0 0 0 0 0 0 0 0 0 0 0 0 0 0 0 0 0 0 0 0 0 0 0 0 0 0 0 0 0 0 0 0 0 0 0 0 0 0 2.99194e-05 7.22559e-05 0.000167952 0.000376065 0.000816725 0.00168755 0.00332385 0.00624537 0.0112577 0.0196601 0.033556 0.0560692 0.0910494 0.142037 0.21076 0.295858 0.392501 0.493041 0.588155 0.667737 0.721665 0.741584 0.723734 0.671579 0.595919 0.511844 0.434101 0.373077 0.333038 0.3126 0.306524 0.307785 0.3091 0.303992 0.287903 0.25925 0.219944 0.174727 0.129547 0.0896962 0.0584992 0.0369285 0.023881 0.0167172 0.0124647 0.00928946 0.00661311 0.00442562 0.00276739 0.00161701 0.000883809 0.000450673 0 0 0 0 0 0 0 0 0 0 0 0 0 0 0 0 0 0 0 0 0 0 0 0 0 0 0 0 0 0 0 0 0 0 0 0 0 0 0 0 0 0 0 0 0 0 0 0 0 0 0 0 0 0 0
0 0 0 0 0 0 0 0 0 0 0 0 0 0 0 0 0 0 0 0 0 0 0 0 0 0 0 0 0 0 0 0 0 0 0 0 0 0 0 0 0 0 0 0 3.35403e-05 8.21654e-05 0.000192797 0.000442889 0.000956783 0.00197828 0.0039437 0.0076528 0.0145347 0.0269212 0.0480884 0.081798 0.131224 0.197517 0.278596 0.368897 0.460317 0.543768 0.610434 0.652366 0.663403 0.641092 0.588705 0.515679 0.435273 0.360649 0.301243 0.261076 0.23912 0.23095 0.23049 0.231317 0.227686 0.215606 0.193741 0.163669 0.129209 0.0950041 0.0650321 0.0416725 0.0254926 0.015629 0.0102694 0.00731744 0.00532076 0.00372652 0.00245324 0.00150412 0.000857741 0.000397076 0.000185961 0 0 0 0 0 0 0 0 0 0 0 0 0 0 0 0 0 0 0 0 0 0 0 0 0 0 0 0 0 0 0 0 0 0 0 0 0 0 0 0 0 0 0 0 0 0 0 0 0 0 0 0 0 0 0
0 0 0 0 0 0 0 0 0 0 0 0 0 0 0 0 0 0 0 0 0 0 0 0 0 0 0 0 0 0 0 0 0 0 0 0 0 0 0 0 0 0 0 0 0 0 9.6062e-05 0.000237104 0.000540621 0.00119476 0.0025805 0.00545163 0.0111746 0.0219337 0.0407147 0.0708627 0.115099 0.1742 0.245901 0.324693 0.402857 0.472146 0.525183 0.555984 0.56035 0.536917 0.488713 0.423575 0.352545 0.286673 0.234011 0.198057 0.178067 0.170408 0.169958 0.171183 0.169133 0.160441 0.144049 0.121296 0.0952502 0.0695237 0.0471216 0.0297313 0.0176722 0.0102484 0.00620243 0.00411754 0.00288203 0.00198577 0.00129266 0.000783359 0.000420147 0.00021361 0.000100772 0 0 0 0 0 0 0 0 0 0 0 0 0 0 0 0 0 0 0 0 0 0 0 0 0 0 0 0 0 0 0 0 0 0 0 0 0 0 0 0 0 0 0 0 0 0 0 0 0 0 0 0 0 0 0
0 0 0 0 0 0 0 0 0 0 0 0 0 0 0 0 0 0 0 0 0 0 0 0 0 0 0 0 0 0 0 0 0 0 0 0 0 0 0 0 0 0 0 0 0 0 0 0.000127174 0.000312281 0.00075109 0.00176226 0.00398754 0.00858284 0.0173787 0.0328585 0.0577807 0.0943491 0.143093 0.201933 0.266048 0.328772 0.383197 0.423443 0.445168 0.445614 0.424171 0.383434 0.329596 0.271348 0.217436 0.174268 0.144649 0.128057 0.121731 0.12165 0.123297 0.122587 0.116765 0.10499 0.088333 0.069172 0.0502624 0.0338398 0.0211285 0.0123048 0.00682035 0.00378672 0.00226783 0.00148429 0.00099328 0.000632077 0.000378259 0.000209707 0.000106726 5.03509e-05 0 0 0 0 0 0 0 0 0 0 0 0 0 0 0 0 0 0 0 0 0 0 0 0 0 0 0 0 0 0 0 0 0 0 0 0 0 0 0 0 0 0 0 0 0 0 0 0 0 0 0 0 0 0 0
0 0 0 0 0 0 0 0 0 0 0 0 0 0 0 0 0 0 0 0 0 0 0 0 0 0 0 0 0 0 0 0 0 0 0 0 0 0 0 0 0 0 0 0 0 0 0 0 0.000155268 0.000489355 0.00121876 0.00287099 0.00633495 0.013015 0.0248151 0.0438423 0.0717639 0.108944 0.153708 0.20225 0.249359 0.289691 0.318845 0.333749 0.332603 0.315192 0.283542 0.24229 0.197902 0.156897 0.124025 0.101328 0.0884233 0.0834025 0.0834063 0.0850404 0.0851225 0.0815056 0.0735113 0.0619139 0.0484577 0.0351457 0.0235851 0.0146419 0.0084287 0.00454284 0.00236006 0.00126136 0.00073979 0.000466925 0.000292626 0.000174436 9.65556e-05 4.9133e-05 0 0 0 0 0 0 0 0 0 0 0 0 0 0 0 0 0 0 0 0 0 0 0 0 0 0 0 0 0 0 0 0 0 0 0 0 0 0 0 0 0 0 0 0 0 0 0 0 0 0 0 0 0 0 0 0
0 0 0 0 0 0 0 0 0 0 0 0 0 0 0 0 0 0 0 0 0 0 0 0 0 0 0 0 0 0 0 0 0 0 0 0 0 0 0 0 0 0 0 0 0 0 0 0 0.000107229 0.000304449 0.000800053 0.00196784 0.00439264 0.00908588 0.0173933 0.0308029 0.0504902 0.0767007 0.108232 0.142361 0.175373 0.203476 0.223579 0.233572 0.232274 0.219586 0.19697 0.167683 0.136267 0.107292 0.0840399 0.0678414 0.0583816 0.0544549 0.054263 0.0554915 0.0558428 0.0537315 0.048627 0.0410353 0.0321395 0.0233046 0.0156198 0.00967289 0.00553767 0.00294218 0.00147017 0.000719219 0.000371046 0.000210339 0.000126752 7.43885e-05 4.08485e-05 2.08712e-05 0 0 0 0 0 0 0 0 0 0 0 0 0 0 0 0 0 0 0 0 0 0 0 0 0 0 0 0 0 0 0 0 0 0 0 0 0 0 0 0 0 0 0 0 0 0 0 0 0 0 0 0 0 0 0 0
0 0 0 0 0 0 0 0 0 0 0 0 0 0 0 0 0 0 0 0 0 0 0 0 0 0 0 0 0 0 0 0 0 0 0 0 0 0 0 0 0 0 0 0 0 0 0 0 6.86382e-05 0.000195614 0.000515455 0.00125552 0.00282445 0.00586922 0.0112665 0.0199889 0.0328092 0.0498764 0.0704159 0.0926649 0.114196 0.132537 0.145668 0.152193 0.151321 0.142968 0.128091 0.108842 0.0882169 0.0692231 0.0539713 0.0432336 0.0367303 0.0337478 0.0333041 0.0339954 0.0343031 0.0331263 0.0300705 0.0254268 0.0199403 0.0144642 0.00969343 0.00599829 0.00342633 0.0018089 0.00088833 0.000413237 0.000189645 9.47837e-05 5.21002e-05 2.94299e-05 1.60453e-05 0 0 0 0 0 0 0 0 0 0 0 0 0 0 0 0 0 0 0 0 0 0 0 0 0 0 0 0 0 0 0 0 0 0 0 0 0 0 0 0 0 0 0 0 0 0 0 0 0 0 0 0 0 0 0 0 0
0 0 0 0 0 0 0 0 0 0 0 0 0 0 0 0 0 0 0 0 0 0 0 0 0 0 0 0 0 0 0 0 0 0 0 0 0 0 0 0 0 0 0 0 0 0 0 0 0 0.000116166 0.000306925 0.000748948 0.00168747 0.00351084 0.00674612 0.0119792 0.0196751 0.0299367 0.0423074 0.0557353 0.0687783 0.0799526 0.0880289 0.0921294 0.0917305 0.0867411 0.0777293 0.0660236 0.0534793 0.0419496 0.0326941 0.0261067 0.0219428 0.0197984 0.0192228 0.0194701 0.0196311 0.0189922 0.0172781 0.014635 0.0114911 0.00834142 0.00559203 0.00345901 0.00197307 0.00103999 0.000507109 0.000229461 9.95532e-05 4.36928e-05 2.10262e-05 1.10574e-05 5.86133e-06 0 0 0 0 0 0 0 0 0 0 0 0 0 0 0 0 0 0 0 0 0 0 0 0 0 0 0 0 0 0 0 0 0 0 0 0 0 0 0 0 0 0 0 0 0 0 0 0 0 0 0 0 0 0 0 0 0
0 0 0 0 0 0 0 0 0 0 0 0 0 0 0 0 0 0 0 0 0 0 0 0 0 0 0 0 0 0 0 0 0 0 0 0 0 0 0 0 0 0 0 0 0 0 0 0 0 6.37562e-05 0.00016873 0.000412282 0.000930238 0.00193745 0.00372643 0.00662217 0.0108862 0.0165813 0.0234625 0.0309589 0.0382864 0.0446243 0.0492781 0.0517265 0.0516333 0.0489192 0.0438909 0.0373115 0.0302553 0.0237837 0.0185964 0.0148666 0.012398 0.0109748 0.0104208 0.0104054 0.0104384 0.0100942 0.00919256 0.00779852 0.00612827 0.00445191 0.00298335 0.00184669 0.0010539 0.000553823 0.000268649 0.000120119 4.93217e-05 2.03806e-05 8.44072e-06 3.84934e-06 0 0 0 0 0 0 0 0 0 0 0 0 0 0 0 0 0 0 0 0 0 0 0 0 0 0 0 0 0 0 0 0 0 0 0 0 0 0 0 0 0 0 0 0 0 0 0 0 0 0 0 0 0 0 0 0 0 0
0 0 0 0 0 0 0 0 0 0 0 0 0 0 0 0 0 0 0 0 0 0 0 0 0 0 0 0 0 0 0 0 0 0 0 0 0 0 0 0 0 0 0 0 0 0 0 0 0 0 8.56197e-05 0.000209486 0.000473027 0.000986233 0.00189842 0.00337643 0.00555519 0.0084719 0.0120064 0.015877 0.0196895 0.0230284 0.0255291 0.0269018 0.0269446 0.0255952 0.0230085 0.0195945 0.0159276 0.0125742 0.00989488 0.00794708 0.00659895 0.00573337 0.00529842 0.00518465 0.0051504 0.00496497 0.00452279 0.00383926 0.0030169 0.00219247 0.00147117 0.000910535 0.000519817 0.000273572 0.000132713 5.92049e-05 2.43399e-05 9.24783e-06 3.23827e-06 0 0 0 0 0 0 0 0 0 0 0 0 0 0 0 0 0 0 0 0 0 0 0 0 0 0 0 0 0 0 0 0 0 0 0 0 0 0 0 0 0 0 0 0 0 0 0 0 0 0 0 0 0 0 0 0 0 0 0
0 0 0 0 0 0 0 0 0 0 0 0 0 0 0 0 0 0 0 0 0 0 0 0 0 0 0 0 0 0 0 0 0 0 0 0 0 0 0 0 0 0 0 0 0 0 0 0 0 0 4.00902e-05 9.81764e-05 0.000221906 0.000462886 0.000891851 0.00158758 0.00261467 0.00399261 0.00566902 0.00751545 0.00935108 0.0109822 0.0122303 0.0129466 0.0130187 0.0124051 0.0111795 0.00954329 0.00778485 0.00618418 0.00491163 0.0039756 0.00329754 0.00281829 0.00252977 0.00240898 0.00235476 0.00225505 0.00205219 0.00174176 0.00137028 0.000997573 0.000669619 0.000414724 0.000236797 0.000124634 6.03658e-05 2.69351e-05 1.11045e-05 4.21909e-06 0 0 0 0 0 0 0 0 0 0 0 0 0 0 0 0 0 0 0 0 0 0 0 0 0 0 0 0 0 0 0 0 0 0 0 0 0 0 0 0 0 0 0 0 0 0 0 0 0 0 0 0 0 0 0 0 0 0 0 0
0 0 0 0 0 0 0 0 0 0 0 0 0 0 0 0 0 0 0 0 0 0 0 0 0 0 0 0 0 0 0 0 0 0 0 0 0 0 0 0 0 0 0 0 0 0 0 0 0 0 0 4.24396e-05 9.59979e-05 0.00020039 0.000386241 0.000687977 0.00113482 0.00173531 0.00246929 0.00328324 0.00410087 0.00483872 0.00541619 0.00576183 0.00581895 0.00556377 0.00502845 0.00430564 0.00352853 0.00282543 0.00226819 0.00185397 0.00153953 0.00129529 0.00112625 0.00104102 0.000996267 0.000947829 0.000860995 0.000731121 0.000574338 0.00041848 0.000281168 0.000174169 9.94107e-05 5.22083e-05 2.53174e-05 1.13252e-05 4.66896e-06 0 0 0 0 0 0 0 0 0 0 0 0 0 0 0 0 0 0 0 0 0 0 0 0 0 0 0 0 0 0 0 0 0 0 0 0 0 0 0 0 0 0 0 0 0 0 0 0 0 0 0 0 0 0 0 0 0 0 0 0 0
0 0 0 0 0 0 0 0 0 0 0 0 0 0 0 0 0 0 0 0 0 0 0 0 0 0 0 0 0 0 0 0 0 0 0 0 0 0 0 0 0 0 0 0 0 0 0 0 0 0 0 0 3.82846e-05 7.99831e-05 0.000154276 0.000275053 0.000453935 0.000695168 0.000992053 0.00132359 0.00166022 0.00196888 0.00221623 0.00237005 0.00240435 0.00230729 0.00209166 0.00179695 0.00148101 0.00119685 0.000972946 0.000804237 0.000665138 0.000555594 0.000472346 0.000421382 0.000393308 0.000369614 0.00033306 0.000281178 0.000222215 0.000161918 0.000108811 6.7267e-05 3.84208e-05 2.02121e-05 9.81044e-06 4.38853e-06 0 0 0 0 0 0 0 0 0 0 0 0 0 0 0 0 0 0 0 0 0 0 0 0 0 0 0 0 0 0 0 0 0 0 0 0 0 0 0 0 0 0 0 0 0 0 0 0 0 0 0 0 0 0 0 0 0 0 0 0 0 0
0 0 0 0 0 0 0 0 0 0 0 0 0 0 0 0 0 0 0 0 0 0 0 0 0 0 0 0 0 0 0 0 0 0 0 0 0 0 0 0 0 0 0 0 0 0 0 0 0 0 0 0 0 2.94223e-05 5.68117e-05 0.000101383 0.000167544 0.000257041 0.000367407 0.000491703 0.000620528 0.000739844 0.00083759 0.000900696 0.000917907 0.000884185 0.000804182 0.000693654 0.000575176 0.000467848 0.000386439 0.000322097 0.00027032 0.00022334 0.000184382 0.000158546 0.000143642 0.000132585 0.000116667 0.000100011 7.90762e-05 5.76543e-05 3.87558e-05 2.40165e-05 1.37055e-05 7.21818e-06 0 0 0 0 0 0 0 0 0 0 0 0 0 0 0 0 0 0 0 0 0 0 0 0 0 0 0 0 0 0 0 0 0 0 0 0 0 0 0 0 0 0 0 0 0 0 0 0 0 0 0 0 0 0 0 0 0 0 0 0 0 0 0 0
0 0 0 0 0 0 0 0 0 0 0 0 0 0 0 0 0 0 0 0 0 0 0 0 0 0 0 0 0 0 0 0 0 0 0 0 0 0 0 0 0 0 0 0 0 0 0 0 0 0 0 0 0 0 1.92754e-05 3.44531e-05 5.70179e-05 8.76586e-05 0.000125671 0.000168822 0.000213662 0.000256197 0.000291752 0.00031547 0.000322929 0.000312175 0.000284994 0.000246948 0.000206343 0.000170545 0.000141586 0.000119603 9.97542e-05 8.3667e-05 6.79898e-05 5.64207e-05 4.91966e-05 4.12513e-05 3.83477e-05 3.28865e-05 2.60097e-05 1.89675e-05 1.27519e-05 0 0 0 0 0 0 0 0 0 0 0 0 0 0 0 0 0 0 0 0 0 0 0 0 0 0 0 0 0 0 0 0 0 0 0 0 0 0 0 0 0 0 0 0 0 0 0 0 0 0 0 0 0 0 0 0 0 0 0 0 0 0 0 0 0 0 0
0 0 0 0 0 0 0 0 0 0 0 0 0 0 0 0 0 0 0 0 0 0 0 0 0 0 0 0 0 0 0 0 0 0 0 0 0 0 0 0 0 0 0 0 0 0 0 0 0 0 0 0 0 0 0 1.07677e-05 1.78413e-05 2.75468e-05 3.9628e-05 5.34764e-05 6.80568e-05 8.20407e-05 9.40486e-05 0.000102137 0.000105144 0.000102018 9.34329e-05 8.13522e-05 6.85456e-05 5.68235e-05 4.84828e-05 4.16495e-05 3.50757e-05 2.81947e-05 2.11336e-05 1.36416e-05 0 0 0 0 0 0 0 0 0 0 0 0 0 0 0 0 0 0 0 0 0 0 0 0 0 0 0 0 0 0 0 0 0 0 0 0 0 0 0 0 0 0 0 0 0 0 0 0 0 0 0 0 0 0 0 0 0 0 0 0 0 0 0 0 0 0 0 0 0 0 0 0 0 0
0 0 0 0 0 0 0 0 0 0 0 0 0 0 0 0 0 0 0 0 0 0 0 0 0 0 0 0 0 0 0 0 0 0 0 0 0 0 0 0 0 0 0 0 0 0 0 0 0 0 0 0 0 0 0 0 0 7.96882e-06 1.14831e-05 1.56385e-05 2.00149e-05 2.42785e-05 2.79469e-05 3.04668e-05 3.15183e-05 3.08057e-05 2.8326e-05 2.42033e-05 2.07859e-05 1.7773e-05 1.54152e-05 1.34233e-05 1.14029e-05 8.4884e-06 6.43927e-06 0 0 0 0 0 0 0 0 0 0 0 0 0 0 0 0 0 0 0 0 0 0 0 0 0 0 0 0 0 0 0 0 0 0 0 0 0 0 0 0 0 0 0 0 0 0 0 0 0 0 0 0 0 0 0 0 0 0 0 0 0 0 0 0 0 0 0 0 0 0 0 0 0 0 0
0 0 0 0 0 0 0 0 0 0 0 0 0 0 0 0 0 0 0 0 0 0 0 0 0 0 0 0 0 0 0 0 0 0 0 0 0 0 0 0 0 0 0 0 0 0 0 0 0 0 0 0 0 0 0 0 0 0 0 4.19141e-06 5.37872e-06 6.54074e-06 7.68108e-06 8.41741e-06 7.94569e-06 7.93597e-06 7.45367e-06 6.83163e-06 5.92527e-06 5.14381e-06 3.89467e-06 3.54579e-06 3.14549e-06 0 0 0 0 0 0 0 0 0 0 0 0 0 0 0 0 0 0 0 0 0 0 0 0 0 0 0 0 0 0 0 0 0 0 0 0 0 0 0 0 0 0 0 0 0 0 0 0 0 0 0 0 0 0 0 0 0 0 0 0 0 0 0 0 0 0 0 0 0 0 0 0 0 0 0 0 0
0 0 0 0 0 0 0 0 0 0 0 0 0 0 0 0 0 0 0 0 0 0 0 0 0 0 0 0 0 0 0 0 0 0 0 0 0 0 0 0 0 0 0 0 0 0 0 0 0 0 0 0 0 0 0 0 0 0 0 0 0 0 0 0 0 0 0 0 7.89832e-07 9.09965e-07 9.66184e-07 0 0 0 0 0 0 0 0 0 0 0 0 0 0 0 0 0 0 0 0 0 0 0 0 0 0 0 0 0 0 0 0 0 0 0 0 0 0 0 0 0 0 0 0 0 0 0 0 0 0 0 0 0 0 0 0 0 0 0 0 0 0 0 0 0 0 0 0 0 0 0 0 0 0 0 0 0 0 0
0 0 0 0 0 0 0 0 0 0 0 0 0 0 0 0 0 0 0 0 0 0 0 0 0 0 0 0 0 0 0 0 0 0 0 0 0 0 0 0 0 0 0 0 0 0 0 0 0 0 0 0 0 0 0 0 0 0 0 0 0 0 0 0 0 0 0 0 0 0 0 0 0 0 0 0 0 0 0 0 0 0 0 0 0 0 0 0 0 0 0 0 0 0 0 0 0 0 0 0 0 0 0 0 0 0 0 0 0 0 0 0 0 0 0 0 0 0 0 0 0 0 0 0 0 0 0 0 0 0 0 0 0 0 0 0 0 0 0 0 0 0 0 0 0 0 0 0 0 0
0 0 0 0 0 0 0 0 0 0 0 0 0 0 0 0 0 0 0 0 0 0 0 0 0 0 0 0 0 0 0 0 0 0 0 0 0 0 0 0 0 0 0 0 0 0 0 0 0 0 0 0 0 0 0 0 0 0 0 0 0 0 0 0 0 0 0 0 0 0 0 0 0 0 0 0 0 0 0 0 0 0 0 0 0 0 0 0 0 0 0 0 0 0 0 0 0 0 0 0 0 0 0 0 0 0 0 0 0 0 0 0 0 0 0 0 0 0 0 0 0 0 0 0 0 0 0 0 0 0 0 0 0 0 0 0 0 0 0 0 0 0 0 0 0 0 0 0 0 0
0 0 0 0 0 0 0 0 0 0 0 0 0 0 0 0 0 0 0 0 0 0 0 0 0 0 0 0 0 0 0 0 0 0 0 0 0 0 0 0 0 0 0 0 0 0 0 0 0 0 0 0 0 0 0 0 0 0 0 0 0 0 0 0 0 0 0 0 0 0 0 0 0 0 0 0 0 0 0 0 0 0 0 0 0 0 0 0 0 0 0 0 0 0 0 0 0 0 0 0 0 0 0 0 0 0 0 0 0 0 0 0 0 0 0 0 0 0 0 0 0 0 0 0 0 0 0 0 0 0 0 0 0 0 0 0 0 0 0 0 0 0 0 0 0 0 0 0 0 0
0 0 0 0 0 0 0 0 0 0 0 0 0 0 0 0 0 0 0 0 0 0 0 0 0 0 0 0 0 0 0 0 0 0 0 0 0 0 0 0 0 0 0 0 0 0 0 0 0 0 0 0 0 0 0 0 0 0 0 0 0 0 0 0 0 0 0 0 0 0 0 0 0 0 0 0 0 0 0 0 0 0 0 0 0 0 0 0 0 0 0 0 0 0 0 0 0 0 0 0 0 0 0 0 0 0 0 0 0 0 0 0 0 0 0 0 0 0 0 0 0 0 0 0 0 0 0 0 0 0 0 0 0 0 0 0 0 0 0 0 0 0 0 0 0 0 0 0 0 0
0 0 0 0 0 0 0 0 0 0 0 0 0 0 0 0 0 0 0 0 0 0 0 0 0 0 0 0 0 0 0 0 0 0 0 0 0 0 0 0 0 0 0 0 0 0 0 0 0 0 0 0 0 0 0 0 0 0 0 0 0 0 0 0 0 0 0 0 0 0 0 0 0 0 0 0 0 0 0 0 0 0 0 0 0 0 0 0 0 0 0 0 0 0 0 0 0 0 0 0 0 0 0 0 0 0 0 0 0 0 0 0 0 0 0 0 0 0 0 0 0 0 0 0 0 0 0 0 0 0 0 0 0 0 0 0 0 0 0 0 0 0 0 0 0 0 0 0 0 0
0 0 0 0 0 0 0 0 0 0 0 0 0 0 0 0 0 0 0 0 0 0 0 0 0 0 0 0 0 0 0 0 0 0 0 0 0 0 0 0 0 0 0 0 0 0 0 0 0 0 0 0 0 0 0 0 0 0 0 0 0 0 0 0 0 0 0 0 0 0 0 0 0 0 0 0 0 0 0 0 0 0 0 0 0 0 0 0 0 0 0 0 0 0 0 0 0 0 0 0 0 0 0 0 0 0 0 0 0 0 0 0 0 0 0 0 0 0 0 0 0 0 0 0 0 0 0 0 0 0 0 0 0 0 0 0 0 0 0 0 0 0 0 0 0 0 0 0 0 0
0 0 0 0 0 0 0 0 0 0 0 0 0 0 0 0 0 0 0 0 0 0 0 0 0 0 0 0 0 0 0 0 0 0 0 0 0 0 0 0 0 0 0 0 0 0 0 0 0 0 0 0 0 0 0 0 0 0 0 0 0 0 0 0 0 0 0 0 0 0 0 0 0 0 0 0 0 0 0 0 0 0 0 0 0 0 0 0 0 0 0 0 0 0 0 0 0 0 0 0 0 0 0 0 0 0 0 0 0 0 0 0 0 0 0 0 0 0 0 0 0 0 0 0 0 0 0 0 0 0 0 0 0 0 0 0 0 0 0 0 0 0 0 0 0 0 0 0 0 0
0 0 0 0 0 0 0 0 0 0 0 0 0 0 0 0 0 0 0 0 0 0 0 0 0 0 0 0 0 0 0 0 0 0 0 0 0 0 0 0 0 0 0 0 0 0 0 0 0 0 0 0 0 0 0 0 0 0 0 0 0 0 0 0 0 0 0 0 0 0 0 0 0 0 0 0 0 0 0 0 0 0 0 0 0 0 0 0 0 0 0 0 0 0 0 0 0 0 0 0 0 0 0 0 0 0 0 0 0 0 0 0 0 0 0 0 0 0 0 0 0 0 0 0 0 0 0 0 0 0 0 0 0 0 0 0 0 0 0 0 0 0 0 0 0 0 0 0 0 0
0 0 0 0 0 0 0 0 0 0 0 0 0 0 0 0 0 0 0 0 0 0 0 0 0 0 0 0 0 0 0 0 0 0 0 0 0 0 0 0 0 0 0 0 0 0 0 0 0 0 0 0 0 0 0 0 0 0 0 0 0 0 0 0 0 0 0 0 0 0 0 0 0 0 0 0 0 0 0 0 0 0 0 0 0 0 0 0 0 0 0 0 0 0 0 0 0 0 0 0 0 0 0 0 0 0 0 0 0 0 0 0 0 0 0 0 0 0 0 0 0 0 0 0 0 0 0 0 0 0 0 0 0 0 0 0 0 0 0 0 0 0 0 0 0 0 0 0 0 0
0 0 0 0 0 0 0 0 0 0 0 0 0 0 0 0 0 0 0 0 0 0 0 0 0 0 0 0 0 0 0 0 0 0 0 0 0 0 0 0 0 0 0 0 0 0 0 0 0 0 0 0 0 0 0 0 0 0 0 0 0 0 0 0 0 0 0 0 0 0 0 0 0 0 0 0 0 0 0 0 0 0 0 0 0 0 0 0 0 0 0 0 0 0 0 0 0 0 0 0 0 0 0 0 0 0 0 0 0 0 0 0 0 0 0 0 0 0 0 0 0 0 0 0 0 0 0 0 0 0 0 0 0 0 0 0 0 0 0 0 0 0 0 0 0 0 0 0 0 0
0 0 0 0 0 0 0 0 0 0 0 0 0 0 0 0 0 0 0 0 0 0 0 0 0 0 0 0 0 0 0 0 0 0 0 0 0 0 0 0 0 0 0 0 0 0 0 0 0 0 0 0 0 0 0 0 0 0 0 0 0 0 0 0 0 0 0 0 0 0 0 0 0 0 0 0 0 0 0 0 0 0 0 0 0 0 0 0 0 0 0 0 0 0 0 0 0 0 0 0 0 0 0 0 0 0 0 0 0 0 0 0 0 0 0 0 0 0 0 0 0 0 0 0 0 0 0 0 0 0 0 0 0 0 0 0 0 0 0 0 0 0 0 0 0 0 0 0 0 0
0 0 0 0 0 0 0 0 0 0 0 0 0 0 0 0 0 0 0 0 0 0 0 0 0 0 0 0 0 0 0 0 0 0 0 0 0 0 0 0 0 0 0 0 0 0 0 0 0 0 0 0 0 0 0 0 0 0 0 0 0 0 0 0 0 0 0 0 0 0 0 0 0 0 0 0 0 0 0 0 0 0 0 0 0 0 0 0 0 0 0 0 0 0 0 0 0 0 0 0 0 0 0 0 0 0 0 0 0 0 0 0 0 0 0 0 0 0 0 0 0 0 0 0 0 0 0 0 0 0 0 0 0 0 0 0 0 0 0 0 0 0 0 0 0 0 0 0 0 0
0 0 0 0 0 0 0 0 0 0 0 0 0 0 0 0 0 0 0 0 0 0 0 0 0 0 0 0 0 0 0 0 0 0 0 0 0 0 0 0 0 0 0 0 0 0 0 0 0 0 0 0 0 0 0 0 0 0 0 0 0 0 0 0 0 0 0 0 0 0 0 0 0 0 0 0 0 0 0 0 0 0 0 0 0 0 0 0 0 0 0 0 0 0 0 0 0 0 0 0 0 0 0 0 0 0 0 0 0 0 0 0 0 0 0 0 0 0 0 0 0 0 0 0 0 0 0 0 0 0 0 0 0 0 0 0 0 0 0 0 0 0 0 0 0 0 0 0 0 0
0 0 0 0 0 0 0 0 0 0 0 0 0 0 0 0 0 0 0 0 0 0 0 0 0 0 0 0 0 0 0 0 0 0 0 0 0 0 0 0 0 0 0 0 0 0 0 0 0 0 0 0 0 0 0 0 0 0 0 0 0 0 0 0 0 0 0 0 0 0 0 0 0 0 0 0 0 0 0 0 0 0 0 0 0 0 0 0 0 0 0 0 0 0 0 0 0 0 0 0 0 0 0 0 0 0 0 0 0 0 0 0 0 0 0 0 0 0 0 0 0 0 0 0 0 0 0 0 0 0 0 0 0 0 0 0 0 0 0 0 0 0 0 0 0 0 0 0 0 0
0 0 0 0 0 0 0 0 0 0 0 0 0 0 0 0 0 0 0 0 0 0 0 0 0 0 0 0 0 0 0 0 0 0 0 0 0 0 0 0 0 0 0 0 0 0 0 0 0 0 0 0 0 0 0 0 0 0 0 0 0 0 0 0 0 0 0 0 0 0 0 0 0 0 0 0 0 0 0 0 0 0 0 0 0 0 0 0 0 0 0 0 0 0 0 0 0 0 0 0 0 0 0 0 0 0 0 0 0 0 0 0 0 0 0 0 0 0 0 0 0 0 0 0 0 0 0 0 0 0 0 0 0 0 0 0 0 0 0 0 0 0 0 0 0 0 0 0 0 0
0 0 0 0 0 0 0 0 0 0 0 0 0 0 0 0 0 0 0 0 0 0 0 0 0 0 0 0 0 0 0 0 0 0 0 0 0 0 0 0 0 0 0 0 0 0 0 0 0 0 0 0 0 0 0 0 0 0 0 0 0 0 0 0 0 0 0 0 0 0 0 0 0 0 0 0 0 0 0 0 0 0 0 0 0 0 0 0 0 0 0 0 0 0 0 0 0 0 0 0 0 0 0 0 0 0 0 0 0 0 0 0 0 0 0 0 0 0 0 0 0 0 0 0 0 0 0 0 0 0 0 0 0 0 0 0 0 0 0 0 0 0 0 0 0 0 0 0 0 0
0 0 0 0 0 0 0 0 0 0 0 0 0 0 0 0 0 0 0 0 0 0 0 0 0 0 0 0 0 0 0 0 0 0 0 0 0 0 0 0 0 0 0 0 0 0 0 0 0 0 0 0 0 0 0 0 0 0 0 0 0 0 0 0 0 0 0 0 0 0 0 0 0 0 0 0 0 0 0 0 0 0 0 0 0 0 0 0 0 0 0 0 0 0 0 0 0 0 0 0 0 0 0 0 0 0 0 0 0 0 0 0 0 0 0 0 0 0 0 0 0 0 0 0 0 0 0 0 0 0 0 0 0 0 0 0 0 0 0 0 0 0 0 0 0 0 0 0 0 0
0 0 0 0 0 0 0 0 0 0 0 0 0 0 0 0 0 0 0 0 0 0 0 0 0 0 0 0 0 0 0 0 0 0 0 0 0 0 0 0 0 0 0 0 0 0 0 0 0 0 0 0 0 0 0 0 0 0 0 0 0 0 0 0 0 0 0 0 0 0 0 0 0 0 0 0 0 0 0 0 0 0 0 0 0 0 0 0 0 0 0 0 0 0 0 0 0 0 0 0 0 0 0 0 0 0 0 0 0 0 0 0 0 0 0 0 0 0 0 0 0 0 0 0 0 0 0 0 0 0 0 0 0 0 0 0 0 0 0 0 0 0 0 0 0 0 0 0 0 0
0 0 0 0 0 0 0 0 0 0 0 0 0 0 0 0 0 0 0 0 0 0 0 0 0 0 0 0 0 0 0 0 0 0 0 0 0 0 0 0 0 0 0 0 0 0 0 0 0 0 0 0 0 0 0 0 0 0 0 0 0 0 0 0 0 0 0 0 0 0 0 0 0 0 0 0 0 0 0 0 0 0 0 0 0 0 0 0 0 0 0 0 0 0 0 0 0 0 0 0 0 0 0 0 0 0 0 0 0 0 0 0 0 0 0 0 0 0 0 0 0 0 0 0 0 0 0 0 0 0 0 0 0 0 0 0 0 0 0 0 0 0 0 0 0 0 0 0 0 0
0 0 0 0 0 0 0 0 0 0 0 0 0 0 0 0 0 0 0 0 0 0 0 0 0 0 0 0 0 0 0 0 0 0 0 0 0 0 0 0 0 0 0 0 0 0 0 0 0 0 0 0 0 0 0 0 0 0 0 0 0 0 0 0 0 0 0 0 0 0 0 0 0 0 0 0 0 0 0 0 0 0 0 0 0 0 0 0 0 0 0 0 0 0 0 0 0 0 0 0 0 0 0 0 0 0 0 0 0 0 0 0 0 0 0 0 0 0 0 0 0 0 0 0 0 0 0 0 0 0 0 0 0 0 0 0 0 0 0 0 0 0 0 0 0 0 0 0 0 0
0 0 0 0 0 0 0 0 0 0 0 0 0 0 0 0 0 0 0 0 0 0 0 0 0 0 0 0 0 0 0 0 0 0 0 0 0 0 0 0 0 0 0 0 0 0 0 0 0 0 0 0 0 0 0 0 0 0 0 0 0 0 0 0 0 0 0 0 0 0 0 0 0 0 0 0 0 0 0 0 0 0 0 0 0 0 0 0 0 0 0 0 0 0 0 0 0 0 0 0 0 0 0 0 0 0 0 0 0 0 0 0 0 0 0 0 0 0 0 0 0 0 0 0 0 0 0 0 0 0 0 0 0 0 0 0 0 0 0 0 0 0 0 0 0 0 0 0 0 0
0 0 0 0 0 0 0 0 0 0 0 0 0 0 0 0 0 0 0 0 0 0 0 0 0 0 0 0 0 0 0 0 0 0 0 0 0 0 0 0 0 0 0 0 0 0 0 0 0 0 0 0 0 0 0 0 0 0 0 0 0 0 0 0 0 0 0 0 0 0 0 0 0 0 0 0 0 0 0 0 0 0 0 0 0 0 0 0 0 0 0 0 0 0 0 0 0 0 0 0 0 0 0 0 0 0 0 0 0 0 0 0 0 0 0 0 0 0 0 0 0 0 0 0 0 0 0 0 0 0 0 0 0 0 0 0 0 0 0 0 0 0 0 0 0 0 0 0 0 0
0 0 0 0 0 0 0 0 0 0 0 0 0 0 0 0 0 0 0 0 0 0 0 0 0 0 0 0 0 0 0 0 0 0 0 0 0 0 0 0 0 0 0 0 0 0 0 0 0 0 0 0 0 0 0 0 0 0 0 0 0 0 0 0 0 0 0 0 0 0 0 0 0 0 0 0 0 0 0 0 0 0 0 0 0 0 0 0 0 0 0 0 0 0 0 0 0 0 0 0 0 0 0 0 0 0 0 0 0 0 0 0 0 0 0 0 0 0 0 0 0 0 0 0 0 0 0 0 0 0 0 0 0 0 0 0 0 0 0 0 0 0 0 0 0 0 0 0 0 0
0 0 0 0 0 0 0 0 0 0 0 0 0 0 0 0 0 0 0 0 0 0 0 0 0 0 0 0 0 0 0 0 0 0 0 0 0 0 0 0 0 0 0 0 0 0 0 0 0 0 0 0 0 0 0 0 0 0 0 0 0 0 0 0 0 0 0 0 0 0 0 0 0 0 0 0 0 0 0 0 0 0 0 0 0 0 0 0 0 0 0 0 0 0 0 0 0 0 0 0 0 0 0 0 0 0 0 0 0 0 0 0 0 0 0 0 0 0 0 0 0 0 0 0 0 0 0 0 0 0 0 0 0 0 0 0 0 0 0 0 0 0 0 0 0 0 0 0 0 0
0 0 0 0 0 0 0 0 0 0 0 0 0 0 0 0 0 0 0 0 0 0 0 0 0 0 0 0 0 0 0 0 0 0 0 0 0 0 0 0 0 0 0 0 0 0 0 0 0 0 0 0 0 0 0 0 0 0 0 0 0 0 0 0 0 0 0 0 0 0 0 0 0 0 0 0 0 0 0 0 0 0 0 0 0 0 0 0 0 0 0 0 0 0 0 0 0 0 0 0 0 0 0 0 0 0 0 0 0 0 0 0 0 0 0 0 0 0 0 0 0 0 0 0 0 0 0 0 0 0 0 0 0 0 0 0 0 0 0 0 0 0 0 0 0 0 0 0 0 0
0 0 0 0 0 0 0 0 0 0 0 0 0 0 0 0 0 0 0 0 0 0 0 0 0 0 0 0 0 0 0 0 0 0 0 0 0 0 0 0 0 0 0 0 0 0 0 0 0 0 0 0 0 0 0 0 0 0 0 0 0 0 0 0 0 0 0 0 0 0 0 0 0 0 0 0 0 0 0 0 0 0 0 0 0 0 0 0 0 0 0 0 0 0 0 0 0 0 0 0 0 0 0 0 0 0 0 0 0 0 0 0 0 0 0 0 0 0 0 0 0 0 0 0 0 0 0 0 0 0 0 0 0 0 0 0 0 0 0 0 0 0 0 0 0 0 0 0 0 0
0 0 0 0 0 0 0 0 0 0 0 0 0 0 0 0 0 0 0 0 0 0 0 0 0 0 0 0 0 0 0 0 0 0 0 0 0 0 0 0 0 0 0 0 0 0 0 0 0 0 0 0 0 0 0 0 0 0 0 0 0 0 0 0 0 0 0 0 0 0 0 0 0 0 0 0 0 0 0 0 0 0 0 0 0 0 0 0 0 0 0 0 0 0 0 0 0 0 0 0 0 0 0 0 0 0 0 0 0 0 0 0 0 0 0 0 0 0 0 0 0 0 0 0 0 0 0 0 0 0 0 0 0 0 0 0 0 0 0 0 0 0 0 0 0 0 0 0 0 0
0 0 0 0 0 0 0 0 0 0 0 0 0 0 0 0 0 0 0 0 0 0 0 0 0 0 0 0 0 0 0 0 0 0 0 0 0 0 0 0 0 0 0 0 0 0 0 0 0 0 0 0 0 0 0 0 0 0 0 0 0 0 0 0 0 0 0 0 0 0 0 0 0 0 0 0 0 0 0 0 0 0 0 0 0 0 0 0 0 0 0 0 0 0 0 0 0 0 0 0 0 0 0 0 0 0 0 0 0 0 0 0 0 0 0 0 0 0 0 0 0 0 0 0 0 0 0 0 0 0 0 0 0 0 0 0 0 0 0 0 0 0 0 0 0 0 0 0 0 0
0 0 0 0 0 0 0 0 0 0 0 0 0 0 0 0 0 0 0 0 0 0 0 0 0 0 0 0 0 0 0 0 0 0 0 0 0 0 0 0 0 0 0 0 0 0 0 0 0 0 0 0 0 0 0 0 0 0 0 0 0 0 0 0 0 0 0 0 0 0 0 0 0 0 0 0 0 0 0 0 0 0 0 0 0 0 0 0 0 0 0 0 0 0 0 0 0 0 0 0 0 0 0 0 0 0 0 0 0 0 0 0 0 0 0 0 0 0 0 0 0 0 0 0 0 0 0 0 0 0 0 0 0 0 0 0 0 0 0 0 0 0 0 0 0 0 0 0 0 0
0 0 0 0 0 0 0 0 0 0 0 0 0 0 0 0 0 0 0 0 0 0 0 0 0 0 0 0 0 0 0 0 0 0 0 0 0 0 0 0 0 0 0 0 0 0 0 0 0 0 0 0 0 0 0 0 0 0 0 0 0 0 0 0 0 0 0 0 0 0 0 0 0 0 0 0 0 0 0 0 0 0 0 0 0 0 0 0 0 0 0 0 0 0 0 0 0 0 0 0 0 0 0 0 0 0 0 0 0 0 0 0 0 0 0 0 0 0 0 0 0 0 0 0 0 0 0 0 0 0 0 0 0 0 0 0 0 0 0 0 0 0 0 0 0 0 0 0 0 0
0 0 0 0 0 0 0 0 0 0 0 0 0 0 0 0 0 0 0 0 0 0 0 0 0 0 0 0 0 0 0 0 0 0 0 0 0 0 0 0 0 0 0 0 0 0 0 0 0 0 0 0 0 0 0 0 0 0 0 0 0 0 0 0 0 0 0 0 0 0 0 0 0 0 0 0 0 0 0 0 0 0 0 0 0 0 0 0 0 0 0 0 0 0 0 0 0 0 0 0 0 0 0 0 0 0 0 0 0 0 0 0 0 0 0 0 0 0 0 0 0 0 0 0 0 0 0 0 0 0 0 0 0 0 0 0 0 0 0 0 0 0 0 0 0 0 0 0 0 0
0 0 0 0 0 0 0 0 0 0 0 0 0 0 0 0 0 0 0 0 0 0 0 0 0 0 0 0 0 0 0 0 0 0 0 0 0 0 0 0 0 0 0 0 0 0 0 0 0 0 0 0 0 0 0 0 0 0 0 0 0 0 0 0 0 0 0 0 0 0 0 0 0 0 0 0 0 0 0 0 0 0 0 0 0 0 0 0 0 0 0 0 0 0 0 0 0 0 0 0 0 0 0 0 0 0 0 0 0 0 0 0 0 0 0 0 0 0 0 0 0 0 0 0 0 0 0 0 0 0 0 0 0 0 0 0 0 0 0 0 0 0 0 0 0 0 0 0 0 0
