0 0 0 0 0 0 0 0 0 0 0 0 0 0 0 0 0 0 0 0 0 0 0 0 0 0 0 0 0 0 0 0 0 0 0 0 0 0 0 0 0 0 0 0 0 0 0 0 0 0 0 0 0 0 0 0 0 0 0 0 0 0 0 0 0 0 0 0 0 0 0 0 0 0 0 0 0 0 0 0 0 0 0 0 0 0 0 0 0 0 0 0 0 0 0 0 0 0 0 0 0 0 0 0 0 0 0 0 0 0 0 0 0 0 0 0 0 0 0 0 0 0 0 0 0 0 0 0 0 0 0 0 0 0 0 0 0 0 0 0 0 0 0 0 0 0 0 0 0 0
0 0 0 0 0 0 0 0 0 0 0 0 0 0 0 0 0 0 0 0 0 0 0 0 0 0 0 0 0 0 0 0 0 0 0 0 0 0 0 0 0 0 0 0 0 0 0 0 0 0 0 0 0 0 0 0 0 0 0 0 0 0 0 0 0 0 0 0 0 0 0 0 0 0 0 0 0 0 0 0 0 0 0 0 0 0 0 0 0 0 0 0 0 0 0 0 0 0 0 0 0 0 0 0 0 0 0 0 0 0 0 0 0 0 0 0 0 0 0 0 0 0 0 0 0 0 0 0 0 0 0 0 0 0 0 0 0 0 0 0 0 0 0 0 0 0 0 0 0 0
0 0 0 0 0 0 0 0 0 0 0 0 0 0 0 0 0 0 0 0 0 0 0 0 0 0 0 0 0 0 0 0 0 0 0 0 0 0 0 0 0 0 0 0 0 0 0 0 0 0 0 0 0 0 0 0 0 0 0 0 0 0 0 0 0 0 0 0 0 0 0 0 0 0 0 0 0 0 0 0 0 0 0 0 0 0 0 0 0 0 0 0 0 0 0 0 0 0 0 0 0 0 0 0 0 0 0 0 0 0 0 0 0 0 0 0 0 0 0 0 0 0 0 0 0 0 0 0 0 0 0 0 0 0 0 0 0 0 0 0 0 0 0 0 0 0 0 0 0 0
0 0 0 0 0 0 0 0 0 0 0 0 0 0 0 0 0 0 0 0 0 0 0 0 0 0 0 0 0 0 0 0 0 0 0 0 0 0 0 0 0 0 0 0 0 0 0 0 0 0 0 0 0 0 0 0 0 0 0 0 0 0 0 0 0 0 0 0 0 0 0 0 0 0 0 0 0 0 0 0 0 0 0 0 0 0 0 0 0 0 0 0 0 0 0 0 0 0 0 0 0 0 0 0 0 0 0 0 0 0 0 0 0 0 0 0 0 0 0 0 0 0 0 0 0 0 0 0 0 0 0 0 0 0 0 0 0 0 0 0 0 0 0 0 0 0 0 0 0 0
0 0 0 0 0 0 0 0 0 0 0 0 0 0 0 0 0 0 0 0 0 0 0 0 0 0 0 0 0 0 0 0 0 0 0 0 0 0 0 0 0 0 0 0 0 0 0 0 0 0 0 0 0 0 0 0 0 0 0 0 0 0 0 0 0 0 0 0 0 0 0 0 0 0 0 0 0 0 0 0 0 0 0 0 0 0 0 0 0 0 0 0 0 0 0 0 0 0 0 0 0 0 0 0 0 0 0 0 0 0 0 0 0 0 0 0 0 0 0 0 0 0 0 0 0 0 0 0 0 0 0 0 0 0 0 0 0 0 0 0 0 0 0 0 0 0 0 0 0 0
0 0 0 0 0 0 0 0 0 0 0 0 0 0 0 0 0 0 0 0 0 0 0 0 0 0 0 0 0 0 0 0 0 0 0 0 0 0 0 0 0 0 0 0 0 0 0 0 0 0 0 0 0 0 0 0 0 0 0 0 0 0 0 0 0 0 0 0 0 0 0 0 0 0 0 0 0 0 0 0 0 0 0 0 0 0 0 0 0 0 0 0 0 0 0 0 0 0 0 0 0 0 0 0 0 0 0 0 0 0 0 0 0 0 0 0 0 0 0 0 0 0 0 0 0 0 0 0 0 0 0 0 0 0 0 0 0 0 0 0 0 0 0 0 0 0 0 0 0 0
0 0 0 0 0 0 0 0 0 0 0 0 0 0 0 0 0 0 0 0 0 0 0 0 0 0 0 0 0 0 0 0 0 0 0 0 0 0 0 0 0 0 0 0 0 0 0 0 0 0 0 0 0 0 0 0 0 0 0 0 0 0 0 0 0 0 0 0 0 0 0 0 0 0 0 0 0 0 0 0 0 0 0 0 0 0 0 0 0 0 0 0 0 0 0 0 0 0 0 0 0 0 0 0 0 0 0 0 0 0 0 0 0 0 0 0 0 0 0 0 0 0 0 0 0 0 0 0 0 0 0 0 0 0 0 0 0 0 0 0 0 0 0 0 0 0 0 0 0 0
0 0 0 0 0 0 0 0 0 0 0 0 0 0 0 0 0 0 0 0 0 0 0 0 0 0 0 0 0 0 0 0 0 0 0 0 0 0 0 0 0 0 0 0 0 0 0 0 0 0 0 0 0 0 0 0 0 0 0 0 0 0 0 0 0 0 0 0 0 0 0 0 0 0 0 0 0 0 0 0 0 0 0 0 0 0 0 0 0 0 0 0 0 0 0 0 0 0 0 0 0 0 0 0 0 0 0 0 0 0 0 0 0 0 0 0 0 0 0 0 0 0 0 0 0 0 0 0 0 0 0 0 0 0 0 0 0 0 0 0 0 0 0 0 0 0 0 0 0 0
0 0 0 0 0 0 0 0 0 0 0 0 0 0 0 0 0 0 0 0 0 0 0 0 0 0 0 0 0 0 0 0 0 0 0 0 0 0 0 0 0 0 0 0 0 0 0 0 0 0 0 0 0 0 0 0 0 0 0 0 0 0 0 0 0 0 0 0 0 0 0 0 0 0 0 0 0 0 0 0 0 0 0 0 0 0 0 0 0 0 0 0 0 0 0 0 0 0 0 0 0 0 0 0 0 0 0 0 0 0 0 0 0 0 0 0 0 0 0 0 0 0 0 0 0 0 0 0 0 0 0 0 0 0 0 0 0 0 0 0 0 0 0 0 0 0 0 0 0 0
0 0 0 0 0 0 0 0 0 0 0 0 0 0 0 0 0 0 0 0 0 0 0 0 0 0 0 0 0 0 0 0 0 0 0 0 0 0 0 0 0 0 0 0 0 0 0 0 0 0 0 0 0 0 0 0 0 0 0 0 0 0 0 0 0 0 0 0 0 0 0 0 0 0 0 0 0 0 0 0 0 0 0 0 0 0 0 0 0 0 0 0 0 0 0 0 0 0 0 0 0 0 0 0 0 0 0 0 0 0 0 0 0 0 0 0 0 0 0 0 0 0 0 0 0 0 0 0 0 0 0 0 0 0 0 0 0 0 0 0 0 0 0 0 0 0 0 0 0 0
0 0 0 0 0 0 0 0 0 0 0 0 0 0 0 0 0 0 0 0 0 0 0 0 0 0 0 0 0 0 0 0 0 0 0 0 0 0 0 0 0 0 0 0 0 0 0 0 0 0 0 0 0 0 0 0 0 0 0 0 0 0 0 0 0 0 0 0 0 0 0 0 0 0 0 0 0 0 0 0 0 0 0 0 0 0 0 0 0 0 0 0 0 0 0 0 0 0 0 0 0 0 0 0 0 0 0 0 0 0 0 0 0 0 0 0 0 0 0 0 0 0 0 0 0 0 0 0 0 0 0 0 0 0 0 0 0 0 0 0 0 0 0 0 0 0 0 0 0 0
0 0 0 0 0 0 0 0 0 0 0 0 0 0 0 0 0 0 0 0 0 0 0 0 0 0 0 0 0 0 0 0 0 0 0 0 0 0 0 0 0 0 0 0 0 0 0 0 0 0 0 0 0 0 0 0 0 0 0 0 0 0 0 0 0 0 0 0 0 0 0 0 0 0 0 0 0 0 0 0 0 0 0 0 0 0 0 0 0 0 0 0 0 0 0 0 0 0 0 0 0 0 0 0 0 0 0 0 0 0 0 0 0 0 0 0 0 0 0 0 0 0 0 0 0 0 0 0 0 0 0 0 0 0 0 0 0 0 0 0 0 0 0 0 0 0 0 0 0 0
0 0 0 0 0 0 0 0 0 0 0 0 0 0 0 0 0 0 0 0 0 0 0 0 0 0 0 0 0 0 0 0 0 0 0 0 0 0 0 0 0 0 0 0 0 0 0 0 0 0 0 0 0 0 0 0 0 0 0 0 0 0 0 0 0 0 0 0 0 0 0 0 0 0 0 0 0 0 0 0 0 0 0 0 0 0 0 0 0 0 0 0 0 0 0 0 0 0 0 0 0 0 0 0 0 0 0 0 0 0 0 0 0 0 0 0 0 0 0 0 0 0 0 0 0 0 0 0 0 0 0 0 0 0 0 0 0 0 0 0 0 0 0 0 0 0 0 0 0 0
0 0 0 0 0 0 0 0 0 0 0 0 0 0 0 0 0 0 0 0 0 0 0 0 0 0 0 0 0 0 0 0 0 0 0 0 0 0 0 0 0 0 0 0 0 0 0 0 0 0 0 0 0 0 0 0 0 0 0 0 0 0 0 0 0 0 0 0 0 0 0 0 0 0 0 0 0 0 0 0 0 0 0 0 0 0 0 0 0 0 0 0 0 0 0 0 0 0 0 0 0 0 0 0 0 0 0 0 0 0 0 0 0 0 0 0 0 0 0 0 0 0 0 0 0 0 0 0 0 0 0 0 0 0 0 0 0 0 0 0 0 0 0 0 0 0 0 0 0 0
0 0 0 0 0 0 0 0 0 0 0 0 0 0 0 0 0 0 0 0 0 0 0 0 0 0 0 0 0 0 0 0 0 0 0 0 0 0 0 0 0 0 0 0 0 0 0 0 0 0 0 0 0 0 0 0 0 0 0 0 0 0 0 0 0 0 0 0 0 0 0 0 0 0 0 0 0 0 0 0 0 0 0 0 0 0 0 0 0 0 0 0 0 0 0 0 0 0 0 0 0 0 0 0 0 0 0 0 0 0 0 0 0 0 0 0 0 0 0 0 0 0 0 0 0 0 0 0 0 0 0 0 0 0 0 0 0 0 0 0 0 0 0 0 0 0 0 0 0 0
0 0 0 0 0 0 0 0 0 0 0 0 0 0 0 0 0 0 0 0 0 0 0 0 0 0 0 0 0 0 0 0 0 0 0 0 0 0 0 0 0 0 0 0 0 0 0 0 0 0 0 0 0 0 0 0 0 0 0 0 0 0 0 0 0 0 0 0 0 0 0 0 0 0 0 0 0 0 0 0 0 0 0 0 0 0 0 0 0 0 0 0 0 0 0 0 0 0 0 0 0 0 0 0 0 0 0 0 0 0 0 0 0 0 0 0 0 0 0 0 0 0 0 0 0 0 0 0 0 0 0 0 0 0 0 0 0 0 0 0 0 0 0 0 0 0 0 0 0 0
0 0 0 0 0 0 0 0 0 0 0 0 0 0 0 0 0 0 0 0 0 0 0 0 0 0 0 0 0 0 0 0 0 0 0 0 0 0 0 0 0 0 0 0 0 0 0 0 0 0 0 0 0 0 0 0 0 0 0 0 0 0 0 0 0 0 0 0 0 0 0 0 0 0 0 0 0 0 0 0 0 0 0 0 0 0 0 0 0 0 0 0 0 0 0 0 0 0 0 0 0 0 0 0 0 0 0 0 0 0 0 0 0 0 0 0 0 0 0 0 0 0 0 0 0 0 0 0 0 0 0 0 0 0 0 0 0 0 0 0 0 0 0 0 0 0 0 0 0 0
0 0 0 0 0 0 0 0 0 0 0 0 0 0 0 0 0 0 0 0 0 0 0 0 0 0 0 0 0 0 0 0 0 0 0 0 0 0 0 0 0 0 0 0 0 0 0 0 0 0 0 0 0 0 0 0 0 0 0 0 0 0 0 0 0 0 0 0 0 0 0 0 0 0 0 0 0 0 0 0 0 0 0 0 0 0 0 0 0 0 0 0 0 0 0 0 0 0 0 0 0 0 0 0 0 0 0 0 0 0 0 0 0 0 0 0 0 0 0 0 0 0 0 0 0 0 0 0 0 0 0 0 0 0 0 0 0 0 0 0 0 0 0 0 0 0 0 0 0 0
0 0 0 0 0 0 0 0 0 0 0 0 0 0 0 0 0 0 0 0 0 0 0 0 0 0 0 0 0 0 0 0 0 0 0 0 0 0 0 0 0 0 0 0 0 0 0 0 0 0 0 0 0 0 0 0 0 0 0 0 0 0 0 0 0 0 0 0 0 0 0 0 0 0 0 0 0 0 0 0 0 0 0 0 0 0 0 0 0 0 0 0 0 0 0 0 0 0 0 0 0 0 0 0 0 0 0 0 0 0 0 0 0 0 0 0 0 0 0 0 0 0 0 0 0 0 0 0 0 0 0 0 0 0 0 0 0 0 0 0 0 0 0 0 0 0 0 0 0 0
0 0 0 0 0 0 0 0 0 0 0 0 0 0 0 0 0 0 0 0 0 0 0 0 0 0 0 0 0 0 0 0 0 0 0 0 0 0 0 0 0 0 0 0 0 0 0 0 0 0 0 0 0 0 0 0 0 0 0 0 0 0 0 0 0 0 0 0 0 0 0 0 0 0 0 0 0 0 0 0 0 0 0 0 0 0 0 0 0 0 0 0 0 0 0 0 0 0 0 0 0 0 0 0 0 0 0 0 0 0 0 0 0 0 0 0 0 0 0 0 0 0 0 0 0 0 0 0 0 0 0 0 0 0 0 0 0 0 0 0 0 0 0 0 0 0 0 0 0 0
0 0 0 0 0 0 0 0 0 0 0 0 0 0 0 0 0 0 0 0 0 0 0 0 0 0 0 0 0 0 0 0 0 0 0 0 0 0 0 0 0 0 0 0 0 0 0 0 0 0 0 0 0 0 0 0 0 0 0 0 0 0 0 0 0 0 0 0 0 0 0 0 0 0 0 0 0 0 0 0 0 0 0 0 0 0 0 0 0 0 0 0 0 0 0 0 0 0 0 0 0 0 0 0 0 0 0 0 0 0 0 0 0 0 0 0 0 0 0 0 0 0 0 0 0 0 0 0 0 0 0 0 0 0 0 0 0 0 0 0 0 0 0 0 0 0 0 0 0 0
0 0 0 0 0 0 0 0 0 0 0 0 0 0 0 0 0 0 0 0 0 0 0 0 0 0 0 0 0 0 0 0 0 0 0 0 0 0 0 0 0 0 0 0 0 0 0 0 0 0 0 0 0 0 0 0 0 0 0 0 0 0 0 0 0 0 0 0 0 0 0 0 0 0 0 0 0 0 0 0 0 0 0 0 0 0 0 0 0 0 0 0 0 0 0 0 0 0 0 0 0 0 0 0 0 0 0 0 0 0 0 0 0 0 0 0 0 0 0 0 0 0 0 0 0 0 0 0 0 0 0 0 0 0 0 0 0 0 0 0 0 0 0 0 0 0 0 0 0 0
0 0 0 0 0 0 0 0 0 0 0 0 0 0 0 0 0 0 0 0 0 0 0 0 0 0 0 0 0 0 0 0 0 0 0 0 0 0 0 0 0 0 0 0 0 0 0 0 0 0 0 0 0 0 0 0 0 0 0 0 0 0 0 0 0 0 0 0 0 0 0 0 0 0 0 0 0 0 0 0 0 0 0 0 0 0 0 0 0 0 0 0 0 0 0 0 0 0 0 0 0 0 0 0 0 0 0 0 0 0 0 0 0 0 0 0 0 0 0 0 0 0 0 0 0 0 0 0 0 0 0 0 0 0 0 0 0 0 0 0 0 0 0 0 0 0 0 0 0 0
0 0 0 0 0 0 0 0 0 0 0 0 0 0 0 0 0 0 0 0 0 0 0 0 0 0 0 0 0 0 0 0 0 0 0 0 0 0 0 0 0 0 0 0 0 0 0 0 0 0 0 0 0 0 0 0 0 0 0 0 0 0 0 0 0 0 0 0 0 0 0 0 0 0 0 0 0 0 0 0 0 0 0 0 0 0 0 0 0 0 0 0 0 0 0 0 0 0 0 0 0 0 0 0 0 0 0 0 0 0 0 0 0 0 0 0 0 0 0 0 0 0 0 0 0 0 0 0 0 0 0 0 0 0 0 0 0 0 0 0 0 0 0 0 0 0 0 0 0 0
0 0 0 0 0 0 0 0 0 0 0 0 0 0 0 0 0 0 0 0 0 0 0 0 0 0 0 0 0 0 0 0 0 0 0 0 0 0 0 0 0 0 0 0 0 0 0 0 0 0 0 0 0 0 0 0 0 0 0 0 0 0 0 0 0 0 0 0 0 0 0 0 0 0 0 0 0 0 0 0 0 0 0 0 0 0 0 0 0 0 0 0 0 0 0 0 0 0 0 0 0 0 0 0 0 0 0 0 0 0 0 0 0 0 0 0 0 0 0 0 0 0 0 0 0 0 0 0 0 0 0 0 0 0 0 0 0 0 0 0 0 0 0 0 0 0 0 0 0 0
0 0 0 0 0 0 0 0 0 0 0 0 0 0 0 0 0 0 0 0 0 0 0 0 0 0 0 0 0 0 0 0 0 0 0 0 0 0 0 0 0 0 0 0 0 0 0 0 0 0 0 0 0 0 0 0 0 0 0 0 0 0 0 0 0 0 0 0 0 0 0 0 0 0 0 0 0 0 0 0 0 0 0 0 0 0 0 0 0 0 0 0 0 0 0 0 0 0 0 0 0 0 0 0 0 0 0 0 0 0 0 0 0 0 0 0 0 0 0 0 0 0 0 0 0 0 0 0 0 0 0 0 0 0 0 0 0 0 0 0 0 0 0 0 0 0 0 0 0 0
0 0 0 0 0 0 0 0 0 0 0 0 0 0 0 0 0 0 0 0 0 0 0 0 0 0 0 0 0 0 0 0 0 0 0 0 0 0 0 0 0 0 0 0 0 0 0 0 0 0 0 0 0 0 0 0 0 0 0 0 0 0 0 0 0 0 0 0 0 0 0 0 0 0 0 0 0 0 0 0 0 0 0 0 0 0 0 0 0 0 0 0 0 0 0 0 0 0 0 0 0 0 0 0 0 0 0 0 0 0 0 0 0 0 0 0 0 0 0 0 0 0 0 0 0 0 0 0 0 0 0 0 0 0 0 0 0 0 0 0 0 0 0 0 0 0 0 0 0 0
0 0 0 0 0 0 0 0 0 0 0 0 0 0 0 0 0 0 0 0 0 0 0 0 0 0 0 0 0 0 0 0 0 0 0 0 0 0 0 0 0 0 0 0 0 0 0 0 0 0 0 0 0 0 0 0 0 0 0 0 0 0 0 0 0 0 0 0 0 0 0 0 0 0 0 0 0 0 0 0 0 0 0 0 0 0 0 0 0 0 0 0 0 0 0 0 0 0 0 0 0 0 0 0 0 0 0 0 0 0 0 0 0 0 0 0 0 0 0 0 0 0 0 0 0 0 0 0 0 0 0 0 0 0 0 0 0 0 0 0 0 0 0 0 0 0 0 0 0 0
0 0 0 0 0 0 0 0 0 0 0 0 0 0 0 0 0 0 0 0 0 0 0 0 0 0 0 0 0 0 0 0 0 0 0 0 0 0 0 0 0 0 0 0 0 0 0 0 0 0 0 0 0 0 0 0 0 0 0 0 0 0 0 0 0 0 0 0 0 0 0 0 0 0 0 0 0 0 0 0 0 0 0 0 0 0 0 0 0 0 0 0 0 0 0 0 0 0 0 0 0 0 0 0 0 0 0 0 0 0 0 0 0 0 0 0 0 0 0 0 0 0 0 0 0 0 0 0 0 0 0 0 0 0 0 0 0 0 0 0 0 0 0 0 0 0 0 0 0 0
0 0 0 0 0 0 0 0 0 0 0 0 0 0 0 0 0 0 0 0 0 0 0 0 0 0 0 0 0 0 0 0 0 0 0 0 0 0 0 0 0 0 0 0 0 0 0 0 0 0 0 0 0 0 0 0 0 0 0 0 0 0 0 0 0 0 0 0 0 0 0 0 0 0 0 0 0 0 0 0 0 0 0 0 0 0 0 0 0 0 0 0 0 0 0 0 0 0 0 0 0 0 0 0 0 0 0 0 0 0 0 0 0 0 0 0 0 0 0 0 0 0 0 0 0 0 0 0 0 0 0 0 0 0 0 0 0 0 0 0 0 0 0 0 0 0 0 0 0 0
0 0 0 0 0 0 0 0 0 0 0 0 0 0 0 0 0 0 0 0 0 0 0 0 0 0 0 0 0 0 0 0 0 0 0 0 0 0 0 0 0 0 0 0 0 0 0 0 0 0 0 0 0 0 0 0 0 0 0 0 0 0 0 0 0 0 0 0 0 0 0 0 0 0 0 0 0 0 0 0 0 0 0 0 0 0 0 0 0 0 0 0 0 0 0 0 0 0 0 0 0 0 0 0 0 0 0 0 0 0 0 0 0 0 0 0 0 0 0 0 0 0 0 0 0 0 0 0 0 0 0 0 0 0 0 0 0 0 0 0 0 0 0 0 0 0 0 0 0 0
0 0 0 0 0 0 0 0 0 0 0 0 0 0 0 0 0 0 0 0 0 0 0 0 0 0 0 0 0 0 0 0 0 0 0 0 0 0 0 0 0 0 0 0 0 0 0 0 0 0 0 0 0 0 0 0 0 0 0 0 0 0 0 0 0 0 0 0 0 0 0 0 0 0 0 0 0 0 0 0 0 0 0 0 0 0 0 0 0 0 0 0 0 0 0 0 0 0 0 0 0 0 0 0 0 0 0 0 0 0 0 0 0 0 0 0 0 0 0 0 0 0 0 0 0 0 0 0 0 0 0 0 0 0 0 0 0 0 0 0 0 0 0 0 0 0 0 0 0 0
0 0 0 0 0 0 0 0 0 0 0 0 0 0 0 0 0 0 0 0 0 0 0 0 0 0 0 0 0 0 0 0 0 0 0 0 0 0 0 0 0 0 0 0 0 0 0 0 0 0 0 0 0 0 0 0 0 0 0 0 0 0 0 0 0 0 0 0 0 0 0 0 0 0 0 0 0 0 0 0 0 0 0 0 0 0 0 0 0 0 0 0 0 0 0 0 0 0 0 0 0 0 0 0 0 0 0 0 0 0 0 0 0 0 0 0 0 0 0 0 0 0 0 0 0 0 0 0 0 0 0 0 0 0 0 0 0 0 0 0 0 0 0 0 0 0 0 0 0 0
0 0 0 0 0 0 0 0 0 0 0 0 0 0 0 0 0 0 0 0 0 0 0 0 0 0 0 0 0 0 0 0 0 0 0 0 0 0 0 0 0 0 0 0 0 0 0 0 0 0 0 0 0 0 0 0 0 0 0 0 0 0 0 0 0 0 0 0 0 0 0 0 0 0 0 0 0 0 0 0 0 0 0 0 0 0 0 0 0 0 0 0 0 0 0 0 0 0 0 0 0 0 0 0 0 0 0 0 0 0 0 0 0 0 0 0 0 0 0 0 0 0 0 0 0 0 0 0 0 0 0 0 0 0 0 0 0 0 0 0 0 0 0 0 0 0 0 0 0 0
0 0 0 0 0 0 0 0 0 0 0 0 0 0 0 0 0 0 0 0 0 0 0 0 0 0 0 0 0 0 0 0 0 0 0 0 0 0 0 0 0 0 0 0 0 0 0 0 0 0 0 0 0 0 0 0 0 0 0 0 0 0 0 0 5.27078e-07 5.65892e-07 5.59932e-07 0 0 0 0 0 0 0 0 0 0 0 0 0 0 0 0 0 0 0 0 0 0 0 0 0 0 0 0 0 0 0 0 0 0 0 0 0 0 0 0 0 0 0 0 0 0 0 0 0 0 0 0 0 0 0 0 0 0 0 0 0 0 0 0 0 0 0 0 0 0 0 0 0 0 0 0 0 0 0 0 0 0 0
0 0 0 0 0 0 0 0 0 0 0 0 0 0 0 0 0 0 0 0 0 0 0 0 0 0 0 0 0 0 0 0 0 0 0 0 0 0 0 0 0 0 0 0 0 0 0 0 0 0 0 0 0 0 0 0 0 0 0 0 0 0 1.38558e-06 1.79799e-06 2.16948e-06 2.43942e-06 2.56165e-06 2.51683e-06 2.17789e-06 0 0 0 0 0 0 0 0 0 0 0 0 0 0 0 0 0 0 0 0 0 0 0 0 0 0 0 0 0 0 0 0 0 0 0 0 0 0 0 0 0 0 0 0 0 0 0 0 0 0 0 0 0 0 0 0 0 0 0 0 0 0 0 0 0 0 0 0 0 0 0 0 0 0 0 0 0 0 0 0 0
0 0 0 0 0 0 0 0 0 0 0 0 0 0 0 0 0 0 0 0 0 0 0 0 0 0 0 0 0 0 0 0 0 0 0 0 0 0 0 0 0 0 0 0 0 0 0 0 0 0 0 0 0 0 0 0 0 0 0 0 2.19322e-06 3.31682e-06 9.15302e-06 1.04122e-05 1.12049e-05 1.14497e-05 1.1136e-05 1.03158e-05 9.09029e-06 7.59913e-06 5.63948e-06 3.53365e-06 0 0 0 0 0 0 0 0 0 0 0 0 0 0 0 0 0 0 0 0 0 0 0 0 0 0 0 0 0 0 0 0 0 0 0 0 0 0 0 0 0 0 0 0 0 0 0 0 0 0 0 0 0 0 0 0 0 0 0 0 0 0 0 0 0 0 0 0 0 0 0 0 0 0 0 0 0 0
0 0 0 0 0 0 0 0 0 0 0 0 0 0 0 0 0 0 0 0 0 0 0 0 0 0 0 0 0 0 0 0 0 0 0 0 0 0 0 0 0 0 0 0 0 0 0 0 0 0 0 0 0 0 0 0 0 0 0 1.47075e-05 2.02278e-05 2.5955e-05 3.11944e-05 3.52765e-05 3.7715e-05 3.82847e-05 3.70117e-05 3.41168e-05 2.9957e-05 2.4987e-05 1.97169e-05 1.46521e-05 9.54915e-06 5.77395e-06 0 0 0 0 0 0 0 0 0 0 0 0 0 0 0 0 0 0 0 0 0 0 0 0 0 0 0 0 0 0 0 0 0 0 0 0 0 0 0 0 0 0 0 0 0 0 0 0 0 0 0 0 0 0 0 0 0 0 0 0 0 0 0 0 0 0 0 0 0 0 0 0 0 0 0 0
0 0 0 0 0 0 0 0 0 0 0 0 0 0 0 0 0 0 0 0 0 0 0 0 0 0 0 0 0 0 0 0 0 0 0 0 0 0 0 0 0 0 0 0 0 0 0 0 0 0 0 0 0 0 0 0 0 1.9625e-05 3.17396e-05 4.68789e-05 6.43518e-05 8.23542e-05 9.86306e-05 0.00011104 0.000118087 0.000119169 0.000114525 0.00010499 9.17611e-05 7.62592e-05 6.00173e-05 4.45195e-05 3.09802e-05 1.93285e-05 1.11671e-05 6.36076e-06 0 0 0 0 0 0 0 0 0 0 0 0 0 0 0 0 0 0 0 0 0 0 0 0 0 0 0 0 0 0 0 0 0 0 0 0 0 0 0 0 0 0 0 0 0 0 0 0 0 0 0 0 0 0 0 0 0 0 0 0 0 0 0 0 0 0 0 0 0 0 0 0 0 0
0 0 0 0 0 0 0 0 0 0 0 0 0 0 0 0 0 0 0 0 0 0 0 0 0 0 0 0 0 0 0 0 0 0 0 0 0 0 0 0 0 0 0 0 0 0 0 0 0 0 0 0 0 0 0 0 3.38657e-05 5.87399e-05 9.35307e-05 0.000138059 0.000189335 0.000241944 0.000289135 0.000324538 0.000346063 0.00034805 0.000333123 0.00030402 0.00026451 0.000218889 0.00017162 0.00012921 9.16852e-05 6.22761e-05 4.06399e-05 2.70849e-05 1.8144e-05 1.18133e-05 9.58233e-06 0 0 0 0 0 0 0 0 0 0 0 0 0 0 0 0 0 0 0 0 0 0 0 0 0 0 0 0 0 0 0 0 0 0 0 0 0 0 0 0 0 0 0 0 0 0 0 0 0 0 0 0 0 0 0 0 0 0 0 0 0 0 0 0 0 0 0 0 0 0 0
0 0 0 0 0 0 0 0 0 0 0 0 0 0 0 0 0 0 0 0 0 0 0 0 0 0 0 0 0 0 0 0 0 0 0 0 0 0 0 0 0 0 0 0 0 0 0 0 0 0 0 0 0 0 0 4.96679e-05 9.22666e-05 0.00015977 0.000254427 0.000375562 0.000514974 0.000657794 0.000790332 0.000887418 0.000939943 0.000943523 0.000900404 0.000818903 0.000711405 0.000588669 0.00046122 0.000345776 0.000247963 0.000171738 0.000116746 7.95911e-05 5.49463e-05 4.6988e-05 4.07439e-05 4.11304e-05 4.332e-05 4.53697e-05 4.27748e-05 4.19079e-05 3.79222e-05 3.18149e-05 2.45795e-05 0 0 0 0 0 0 0 0 0 0 0 0 0 0 0 0 0 0 0 0 0 0 0 0 0 0 0 0 0 0 0 0 0 0 0 0 0 0 0 0 0 0 0 0 0 0 0 0 0 0 0 0 0 0 0 0 0 0 0 0 0 0 0
0 0 0 0 0 0 0 0 0 0 0 0 0 0 0 0 0 0 0 0 0 0 0 0 0 0 0 0 0 0 0 0 0 0 0 0 0 0 0 0 0 0 0 0 0 0 0 0 0 0 0 0 0 0 6.19013e-05 0.00012466 0.000232911 0.000400936 0.000638796 0.00094405 0.00130043 0.00166465 0.00199264 0.00223878 0.00237105 0.00237675 0.00226377 0.00205285 0.00177487 0.00146318 0.00115019 0.000863969 0.000623674 0.000435689 0.000309123 0.000223694 0.000169394 0.0001406 0.000129292 0.000132011 0.00014131 0.000149428 0.000151544 0.000144797 0.000126587 0.000105971 8.19411e-05 5.86102e-05 3.88678e-05 2.39877e-05 0 0 0 0 0 0 0 0 0 0 0 0 0 0 0 0 0 0 0 0 0 0 0 0 0 0 0 0 0 0 0 0 0 0 0 0 0 0 0 0 0 0 0 0 0 0 0 0 0 0 0 0 0 0 0 0 0 0 0 0
0 0 0 0 0 0 0 0 0 0 0 0 0 0 0 0 0 0 0 0 0 0 0 0 0 0 0 0 0 0 0 0 0 0 0 0 0 0 0 0 0 0 0 0 0 0 0 0 0 0 0 0 0 6.55549e-05 0.000143135 0.000289202 0.000538825 0.000928645 0.00148121 0.00219823 0.00302499 0.00388013 0.00465394 0.00523918 0.00555747 0.00557468 0.00530517 0.00480122 0.00413994 0.00340392 0.00267403 0.0020155 0.00147349 0.00106095 0.000769529 0.00057195 0.000451146 0.000390235 0.000375422 0.000396011 0.000426947 0.000455138 0.000463171 0.000443584 0.000396533 0.00032579 0.000252241 0.000180676 0.000120222 7.45951e-05 4.34333e-05 2.39149e-05 0 0 0 0 0 0 0 0 0 0 0 0 0 0 0 0 0 0 0 0 0 0 0 0 0 0 0 0 0 0 0 0 0 0 0 0 0 0 0 0 0 0 0 0 0 0 0 0 0 0 0 0 0 0 0 0 0 0
0 0 0 0 0 0 0 0 0 0 0 0 0 0 0 0 0 0 0 0 0 0 0 0 0 0 0 0 0 0 0 0 0 0 0 0 0 0 0 0 0 0 0 0 0 0 0 0 0 0 0 0 5.89856e-05 0.00013966 0.000305113 0.000616811 0.00115027 0.00198397 0.00317873 0.00471529 0.00650486 0.00836797 0.01007 0.0113754 0.0121034 0.0121695 0.0115946 0.0104919 0.00903496 0.00742041 0.00583399 0.00442242 0.00327095 0.00240413 0.00179055 0.00137671 0.00111973 0.00100884 0.0010149 0.00109526 0.00119842 0.00127935 0.00130595 0.0012534 0.00112217 0.000933551 0.00072064 0.000514775 0.000343913 0.000214737 0.000126071 7.0279e-05 3.74081e-05 0 0 0 0 0 0 0 0 0 0 0 0 0 0 0 0 0 0 0 0 0 0 0 0 0 0 0 0 0 0 0 0 0 0 0 0 0 0 0 0 0 0 0 0 0 0 0 0 0 0 0 0 0 0 0 0 0
0 0 0 0 0 0 0 0 0 0 0 0 0 0 0 0 0 0 0 0 0 0 0 0 0 0 0 0 0 0 0 0 0 0 0 0 0 0 0 0 0 0 0 0 0 0 0 0 0 0 0 4.50926e-05 0.000115786 0.000274274 0.000600498 0.00121293 0.00226436 0.00392198 0.00628262 0.00934398 0.0129326 0.0167025 0.020191 0.0229176 0.0244997 0.0247344 0.0236384 0.0214315 0.0184765 0.0151967 0.0119926 0.00916387 0.00687951 0.00516487 0.00394175 0.00311086 0.00261977 0.00244715 0.00254216 0.00279991 0.00309936 0.00333071 0.00340298 0.0032686 0.00293095 0.00244194 0.00188898 0.00135808 0.000908858 0.000571641 0.0003394 0.000191694 0.000103451 5.34702e-05 0 0 0 0 0 0 0 0 0 0 0 0 0 0 0 0 0 0 0 0 0 0 0 0 0 0 0 0 0 0 0 0 0 0 0 0 0 0 0 0 0 0 0 0 0 0 0 0 0 0 0 0 0 0 0 0
0 0 0 0 0 0 0 0 0 0 0 0 0 0 0 0 0 0 0 0 0 0 0 0 0 0 0 0 0 0 0 0 0 0 0 0 0 0 0 0 0 0 0 0 0 0 0 0 0 0 0 8.15601e-05 0.000209509 0.000496792 0.00108799 0.00219982 0.00412259 0.00714017 0.0114675 0.0171123 0.0237831 0.0308711 0.0375347 0.0428709 0.0461204 0.0468393 0.0449965 0.0409745 0.0354664 0.0293107 0.0232956 0.0180104 0.0137559 0.0105481 0.00822605 0.00663831 0.00574484 0.00554608 0.00592029 0.00662263 0.00739426 0.00798584 0.00818792 0.00788034 0.00707302 0.00590313 0.00457696 0.00330044 0.00222486 0.00140882 0.000846071 0.000484545 0.000265583 0.000139089 6.91372e-05 0 0 0 0 0 0 0 0 0 0 0 0 0 0 0 0 0 0 0 0 0 0 0 0 0 0 0 0 0 0 0 0 0 0 0 0 0 0 0 0 0 0 0 0 0 0 0 0 0 0 0 0 0 0 0
0 0 0 0 0 0 0 0 0 0 0 0 0 0 0 0 0 0 0 0 0 0 0 0 0 0 0 0 0 0 0 0 0 0 0 0 0 0 0 0 0 0 0 0 0 0 0 0 0 0 4.88097e-05 0.000135978 0.00034965 0.000829426 0.00181789 0.00368856 0.00691285 0.0120023 0.0193388 0.0289788 0.0404859 0.0528813 0.0647568 0.0745423 0.0808398 0.0827479 0.0800872 0.0734449 0.0640344 0.0533669 0.0428918 0.033673 0.026212 0.0204995 0.0162758 0.0133721 0.0118457 0.0117468 0.0128044 0.0145037 0.0163055 0.0176798 0.0181724 0.0175228 0.015754 0.01317 0.0102402 0.00742079 0.00503549 0.00321666 0.00195535 0.00113591 0.000631531 0.00033483 0.000168089 7.92443e-05 0 0 0 0 0 0 0 0 0 0 0 0 0 0 0 0 0 0 0 0 0 0 0 0 0 0 0 0 0 0 0 0 0 0 0 0 0 0 0 0 0 0 0 0 0 0 0 0 0 0 0 0 0 0
0 0 0 0 0 0 0 0 0 0 0 0 0 0 0 0 0 0 0 0 0 0 0 0 0 0 0 0 0 0 0 0 0 0 0 0 0 0 0 0 0 0 0 0 0 0 0 0 0 0 7.49824e-05 0.000209106 0.000537827 0.00127694 0.00280173 0.00569675 0.0107015 0.0186381 0.0301532 0.0454198 0.0638672 0.0840647 0.103849 0.120686 0.132183 0.136652 0.133561 0.123703 0.108998 0.0919637 0.075038 0.0599899 0.0476237 0.0379149 0.0305399 0.0254411 0.0229484 0.0232253 0.0257157 0.0294099 0.0332394 0.0361627 0.0372545 0.0359836 0.0324079 0.0271548 0.0211803 0.0154262 0.0105458 0.00681725 0.00419227 0.00247038 0.0013916 0.000746009 0.000377545 0.000179035 7.90565e-05 0 0 0 0 0 0 0 0 0 0 0 0 0 0 0 0 0 0 0 0 0 0 0 0 0 0 0 0 0 0 0 0 0 0 0 0 0 0 0 0 0 0 0 0 0 0 0 0 0 0 0 0 0
0 0 0 0 0 0 0 0 0 0 0 0 0 0 0 0 0 0 0 0 0 0 0 0 0 0 0 0 0 0 0 0 0 0 0 0 0 0 0 0 0 0 0 0 0 0 0 0 0 3.51279e-05 0.000106176 0.000296359 0.000762861 0.00181322 0.00399402 0.00812256 0.0153036 0.0267591 0.0435163 0.0659804 0.0935252 0.124271 0.155162 0.182395 0.202157 0.211527 0.209279 0.196307 0.175374 0.150312 0.124895 0.101858 0.0824298 0.0666566 0.0543011 0.04569 0.0417347 0.0428306 0.0479378 0.0552049 0.0626732 0.068376 0.0705834 0.0682909 0.0616179 0.0517606 0.040526 0.0296839 0.0204653 0.0133793 0.00834378 0.00498049 0.00284165 0.00153764 0.000783491 0.000373207 0.000165316 0 0 0 0 0 0 0 0 0 0 0 0 0 0 0 0 0 0 0 0 0 0 0 0 0 0 0 0 0 0 0 0 0 0 0 0 0 0 0 0 0 0 0 0 0 0 0 0 0 0 0 0 0
0 0 0 0 0 0 0 0 0 0 0 0 0 0 0 0 0 0 0 0 0 0 0 0 0 0 0 0 0 0 0 0 0 0 0 0 0 0 0 0 0 0 0 0 0 0 0 0 0 4.58341e-05 0.000138894 0.0003875 0.000998265 0.00237645 0.00524589 0.0106987 0.0202358 0.0355657 0.0582245 0.0890192 0.127454 0.171326 0.216666 0.258167 0.290154 0.307919 0.309079 0.294345 0.267318 0.233337 0.197789 0.164599 0.135608 0.11113 0.0913276 0.0773576 0.0711845 0.0736386 0.0829641 0.096001 0.10936 0.119604 0.123693 0.119876 0.108377 0.0912965 0.0717874 0.052925 0.0368238 0.0243603 0.0154061 0.00932199 0.00537083 0.00293193 0.00150179 0.000717992 0.000318739 0.000131007 0 0 0 0 0 0 0 0 0 0 0 0 0 0 0 0 0 0 0 0 0 0 0 0 0 0 0 0 0 0 0 0 0 0 0 0 0 0 0 0 0 0 0 0 0 0 0 0 0 0 0 0
0 0 0 0 0 0 0 0 0 0 0 0 0 0 0 0 0 0 0 0 0 0 0 0 0 0 0 0 0 0 0 0 0 0 0 0 0 0 0 0 0 0 0 0 0 0 0 0 0 5.55057e-05 0.000167683 0.000467697 0.00120576 0.00288275 0.00636654 0.0130338 0.0247794 0.043847 0.0724032 0.111878 0.162199 0.221115 0.283879 0.34358 0.392293 0.422987 0.431525 0.417981 0.38656 0.344075 0.29762 0.252501 0.211382 0.175196 0.144978 0.123303 0.113799 0.11806 0.133418 0.154839 0.176835 0.193788 0.20074 0.194871 0.176551 0.149192 0.117877 0.0875218 0.0614924 0.0411738 0.0263806 0.016157 0.00941232 0.00516524 0.00265975 0.00127439 0.00056679 0.000233194 0 0 0 0 0 0 0 0 0 0 0 0 0 0 0 0 0 0 0 0 0 0 0 0 0 0 0 0 0 0 0 0 0 0 0 0 0 0 0 0 0 0 0 0 0 0 0 0 0 0 0 0
0 0 0 0 0 0 0 0 0 0 0 0 0 0 0 0 0 0 0 0 0 0 0 0 0 0 0 0 0 0 0 0 0 0 0 0 0 0 0 0 0 0 0 0 0 0 0 0 0 6.27772e-05 0.000187936 0.000522564 0.00134678 0.00322672 0.0071506 0.0147121 0.0281627 0.0502849 0.083975 0.131518 0.193613 0.268357 0.350522 0.431651 0.501381 0.549909 0.570766 0.562823 0.530372 0.481384 0.424537 0.366551 0.31119 0.260436 0.216763 0.184818 0.170535 0.17671 0.199691 0.232042 0.26544 0.291335 0.302216 0.29385 0.266821 0.22624 0.179687 0.13443 0.0954108 0.0646473 0.0419272 0.0259595 0.0152458 0.00842878 0.0043463 0.00208892 0.000929366 0.000382706 0.000145511 0 0 0 0 0 0 0 0 0 0 0 0 0 0 0 0 0 0 0 0 0 0 0 0 0 0 0 0 0 0 0 0 0 0 0 0 0 0 0 0 0 0 0 0 0 0 0 0 0 0 0
0 0 0 0 0 0 0 0 0 0 0 0 0 0 0 0 0 0 0 0 0 0 0 0 0 0 0 0 0 0 0 0 0 0 0 0 0 0 0 0 0 0 0 0 0 0 0 0 0 6.81861e-05 0.000198762 0.000545373 0.001399 0.00335269 0.00745492 0.0154356 0.0298179 0.0538736 0.0912756 0.145345 0.21788 0.307718 0.409527 0.513599 0.60722 0.677648 0.715717 0.718443 0.689567 0.637599 0.572393 0.501993 0.431459 0.364254 0.304839 0.260458 0.239861 0.247512 0.278945 0.32399 0.37087 0.407439 0.423136 0.412037 0.374986 0.319096 0.254816 0.192113 0.137708 0.0943502 0.0618585 0.0386545 0.0228513 0.0126912 0.00657695 0.00315662 0.00140735 0.000579027 0.000220228 0 0 0 0 0 0 0 0 0 0 0 0 0 0 0 0 0 0 0 0 0 0 0 0 0 0 0 0 0 0 0 0 0 0 0 0 0 0 0 0 0 0 0 0 0 0 0 0 0 0 0
0 0 0 0 0 0 0 0 0 0 0 0 0 0 0 0 0 0 0 0 0 0 0 0 0 0 0 0 0 0 0 0 0 0 0 0 0 0 0 0 0 0 0 0 0 0 0 0 0 7.65863e-05 0.000208209 0.000547505 0.00137258 0.00326453 0.007263 0.0151386 0.0295751 0.0542367 0.0935295 0.151861 0.232288 0.334669 0.453983 0.579745 0.697355 0.791455 0.850078 0.868007 0.847675 0.79734 0.727406 0.646924 0.562305 0.478791 0.40317 0.345519 0.317536 0.32569 0.365175 0.423175 0.484157 0.532033 0.552911 0.53909 0.49168 0.41988 0.337096 0.25603 0.1852 0.128138 0.0847716 0.0533594 0.0317159 0.0176742 0.00917249 0.00440959 0.00196343 0.000807644 0.000307285 0 0 0 0 0 0 0 0 0 0 0 0 0 0 0 0 0 0 0 0 0 0 0 0 0 0 0 0 0 0 0 0 0 0 0 0 0 0 0 0 0 0 0 0 0 0 0 0 0 0 0
0 0 0 0 0 0 0 0 0 0 0 0 0 0 0 0 0 0 0 0 0 0 0 0 0 0 0 0 0 0 0 0 0 0 0 0 0 0 0 0 0 0 0 0 0 0 0 0 0 9.56826e-05 0.000234583 0.000563714 0.00132848 0.00305754 0.00671976 0.0140357 0.0277284 0.0517096 0.0909557 0.150808 0.235486 0.345963 0.477886 0.620663 0.758679 0.874684 0.95439 0.9902 0.982682 0.939023 0.869392 0.783325 0.688411 0.591674 0.502234 0.432747 0.39748 0.404937 0.450699 0.519974 0.59371 0.65196 0.677593 0.661208 0.60417 0.517589 0.417531 0.319164 0.232622 0.162194 0.108027 0.0683493 0.0407687 0.0227685 0.0118386 0.00570014 0.00253572 0.00104185 0.000395262 0 0 0 0 0 0 0 0 0 0 0 0 0 0 0 0 0 0 0 0 0 0 0 0 0 0 0 0 0 0 0 0 0 0 0 0 0 0 0 0 0 0 0 0 0 0 0 0 0 0 0
0 0 0 0 0 0 0 0 0 0 0 0 0 0 0 0 0 0 0 0 0 0 0 0 0 0 0 0 0 0 0 0 0 0 0 0 0 0 0 0 0 0 0 0 0 0 0 0 0 0.000130142 0.000295136 0.000642744 0.00137027 0.00291855 0.00612666 0.0125867 0.0249445 0.0471696 0.084528 0.142933 0.227441 0.340011 0.47723 0.629155 0.780244 0.912571 1.01034 1.06396 1.07188 1.03956 0.976138 0.890996 0.792411 0.688866 0.591305 0.514212 0.473478 0.4793 0.528501 0.605555 0.688752 0.754806 0.783852 0.765038 0.699901 0.60103 0.486593 0.373696 0.273781 0.191834 0.128282 0.0813911 0.048628 0.0271825 0.0141399 0.0068202 0.00301923 0.00123752 0.000468902 0 0 0 0 0 0 0 0 0 0 0 0 0 0 0 0 0 0 0 0 0 0 0 0 0 0 0 0 0 0 0 0 0 0 0 0 0 0 0 0 0 0 0 0 0 0 0 0 0 0 0
0 0 0 0 0 0 0 0 0 0 0 0 0 0 0 0 0 0 0 0 0 0 0 0 0 0 0 0 0 0 0 0 0 0 0 0 0 0 0 0 0 0 0 0 0 0 0 0 0 0.000176778 0.000387983 0.000799338 0.00157048 0.00304032 0.0058524 0.0113797 0.0220715 0.0417555 0.0756448 0.12975 0.209476 0.317481 0.451435 0.602709 0.756968 0.896931 1.00653 1.07492 1.09866 1.08117 1.02994 0.953446 0.85999 0.758737 0.661519 0.58346 0.540815 0.544845 0.594345 0.674615 0.76261 0.832741 0.86309 0.841731 0.770247 0.662167 0.537063 0.413342 0.303436 0.212928 0.142494 0.0904192 0.0540098 0.0301732 0.0156894 0.00756546 0.0033566 0.00137158 0.000513475 0 0 0 0 0 0 0 0 0 0 0 0 0 0 0 0 0 0 0 0 0 0 0 0 0 0 0 0 0 0 0 0 0 0 0 0 0 0 0 0 0 0 0 0 0 0 0 0 0 0 0
0 0 0 0 0 0 0 0 0 0 0 0 0 0 0 0 0 0 0 0 0 0 0 0 0 0 0 0 0 0 0 0 0 0 0 0 0 0 0 0 0 0 0 0 0 0 0 0 0 0.000227635 0.000494705 0.000999033 0.00188997 0.00344193 0.00608739 0.0108722 0.0198809 0.0366011 0.0658872 0.113397 0.184386 0.281836 0.404442 0.545317 0.692246 0.829822 0.943007 1.0208 1.05849 1.05756 1.02351 0.96327 0.884307 0.795408 0.708058 0.636682 0.596763 0.599967 0.647373 0.726457 0.814401 0.884522 0.913702 0.889345 0.812972 0.698532 0.566297 0.435459 0.319152 0.223413 0.149084 0.0943354 0.0562147 0.0313542 0.0162763 0.0078436 0.00349893 0.00143356 0.000524673 0 0 0 0 0 0 0 0 0 0 0 0 0 0 0 0 0 0 0 0 0 0 0 0 0 0 0 0 0 0 0 0 0 0 0 0 0 0 0 0 0 0 0 0 0 0 0 0 0 0 0
0 0 0 0 0 0 0 0 0 0 0 0 0 0 0 0 0 0 0 0 0 0 0 0 0 0 0 0 0 0 0 0 0 0 0 0 0 0 0 0 0 0 0 0 0 0 0 0 0 0.000272692 0.000591532 0.00118838 0.00222051 0.00395372 0.00665771 0.0110604 0.0187226 0.0325408 0.0567744 0.0964206 0.156185 0.238989 0.344339 0.46719 0.597915 0.723877 0.832222 0.912942 0.960983 0.976355 0.962486 0.92432 0.867586 0.799602 0.730289 0.672374 0.639908 0.644455 0.689136 0.76422 0.848385 0.915058 0.94081 0.912785 0.832413 0.713685 0.577039 0.442051 0.322332 0.224258 0.148698 0.0935576 0.0555067 0.0308665 0.0160045 0.00769831 0.00343541 0.00140629 0.000510626 0 0 0 0 0 0 0 0 0 0 0 0 0 0 0 0 0 0 0 0 0 0 0 0 0 0 0 0 0 0 0 0 0 0 0 0 0 0 0 0 0 0 0 0 0 0 0 0 0 0 0
0 0 0 0 0 0 0 0 0 0 0 0 0 0 0 0 0 0 0 0 0 0 0 0 0 0 0 0 0 0 0 0 0 0 0 0 0 0 0 0 0 0 0 0 0 0 0 0 0 0 0.000656307 0.00133179 0.00247787 0.00437487 0.00723317 0.0115254 0.0183207 0.0297765 0.0493217 0.0811175 0.129093 0.195796 0.28123 0.381929 0.490919 0.598733 0.695449 0.773043 0.827009 0.856529 0.86318 0.849621 0.819204 0.77688 0.730337 0.690301 0.669305 0.678448 0.722138 0.79307 0.871961 0.933306 0.954143 0.921837 0.837829 0.715962 0.576553 0.439265 0.318 0.219377 0.144216 0.0900537 0.0531319 0.0294474 0.0152501 0.00734966 0.00327564 0.00134269 0.000515208 0 0 0 0 0 0 0 0 0 0 0 0 0 0 0 0 0 0 0 0 0 0 0 0 0 0 0 0 0 0 0 0 0 0 0 0 0 0 0 0 0 0 0 0 0 0 0 0 0 0 0
0 0 0 0 0 0 0 0 0 0 0 0 0 0 0 0 0 0 0 0 0 0 0 0 0 0 0 0 0 0 0 0 0 0 0 0 0 0 0 0 0 0 0 0 0 0 0 0 0 0 0.00067386 0.00141662 0.00269058 0.00470406 0.00764549 0.0118986 0.0181647 0.0279386 0.0437451 0.0688071 0.106186 0.157891 0.224035 0.302363 0.388181 0.475086 0.556331 0.626394 0.682036 0.722155 0.746854 0.756452 0.751688 0.734953 0.71179 0.691276 0.68472 0.702463 0.749106 0.818643 0.893519 0.949696 0.965307 0.928453 0.840838 0.716197 0.574608 0.435649 0.313359 0.214535 0.139943 0.0868234 0.0510061 0.028228 0.0146366 0.007079 0.00318315 0.00130291 0.000504358 0 0 0 0 0 0 0 0 0 0 0 0 0 0 0 0 0 0 0 0 0 0 0 0 0 0 0 0 0 0 0 0 0 0 0 0 0 0 0 0 0 0 0 0 0 0 0 0 0 0 0
0 0 0 0 0 0 0 0 0 0 0 0 0 0 0 0 0 0 0 0 0 0 0 0 0 0 0 0 0 0 0 0 0 0 0 0 0 0 0 0 0 0 0 0 0 0 0 0 0 0 0.00045159 0.00176697 0.00312077 0.0052625 0.00830282 0.0125345 0.0184366 0.0270395 0.0401223 0.0600301 0.0890025 0.128406 0.17829 0.237143 0.301997 0.369007 0.434298 0.494866 0.548933 0.595518 0.633559 0.661378 0.677467 0.682231 0.679795 0.678295 0.688121 0.718554 0.773332 0.846352 0.920811 0.973971 0.985367 0.944227 0.852891 0.725176 0.580995 0.439798 0.315689 0.215602 0.140343 0.0870011 0.0511822 0.0284322 0.0148373 0.00723826 0.00328891 0.00135365 0.000531128 0.000139683 0 0 0 0 0 0 0 0 0 0 0 0 0 0 0 0 0 0 0 0 0 0 0 0 0 0 0 0 0 0 0 0 0 0 0 0 0 0 0 0 0 0 0 0 0 0 0 0 0 0
0 0 0 0 0 0 0 0 0 0 0 0 0 0 0 0 0 0 0 0 0 0 0 0 0 0 0 0 0 0 0 0 0 0 0 0 0 0 0 0 0 0 0 0 0 0 0 0 0 0.000424505 0.00137145 0.00267034 0.00449427 0.00709308 0.0107093 0.0153139 0.0212553 0.0292466 0.0405461 0.0568333 0.079585 0.109653 0.146955 0.190511 0.238638 0.289391 0.341101 0.392662 0.443463 0.492671 0.53843 0.577769 0.607846 0.628145 0.642301 0.658078 0.685151 0.731523 0.799335 0.881218 0.960039 1.0137 1.02295 0.978267 0.882914 0.75117 0.603033 0.457991 0.330228 0.226822 0.148688 0.0929594 0.0552423 0.0310344 0.0164015 0.008111 0.00373879 0.001588 0.000618051 0.000188362 0 0 0 0 0 0 0 0 0 0 0 0 0 0 0 0 0 0 0 0 0 0 0 0 0 0 0 0 0 0 0 0 0 0 0 0 0 0 0 0 0 0 0 0 0 0 0 0 0 0
0 0 0 0 0 0 0 0 0 0 0 0 0 0 0 0 0 0 0 0 0 0 0 0 0 0 0 0 0 0 0 0 0 0 0 0 0 0 0 0 0 0 0 0 0 0 0 0 0.000339969 0.00135297 0.00256686 0.00451977 0.00760433 0.0116997 0.0169704 0.0232631 0.0306297 0.0394655 0.0506403 0.065261 0.0840832 0.107343 0.134867 0.166334 0.201442 0.239919 0.281548 0.326188 0.373564 0.422678 0.47123 0.515834 0.553468 0.583738 0.610486 0.641377 0.685403 0.749202 0.833109 0.927964 1.01548 1.0733 1.08275 1.03528 0.935218 0.797746 0.643516 0.492377 0.358683 0.249591 0.16612 0.105584 0.0638082 0.0364515 0.0195605 0.00982062 0.00459341 0.00198376 0.000732119 0.000258978 0 0 0 0 0 0 0 0 0 0 0 0 0 0 0 0 0 0 0 0 0 0 0 0 0 0 0 0 0 0 0 0 0 0 0 0 0 0 0 0 0 0 0 0 0 0 0 0 0 0
0 0 0 0 0 0 0 0 0 0 0 0 0 0 0 0 0 0 0 0 0 0 0 0 0 0 0 0 0 0 0 0 0 0 0 0 0 0 0 0 0 0 0 0 0 0 0 0 0.00115643 0.00236671 0.0044918 0.00791438 0.012965 0.0199334 0.0285347 0.0385737 0.049639 0.0618201 0.0756594 0.0917582 0.110102 0.1299 0.150336 0.171577 0.195156 0.223169 0.25699 0.296715 0.34138 0.389203 0.437569 0.483359 0.524302 0.560876 0.597424 0.641397 0.700912 0.781363 0.881569 0.990742 1.08909 1.15328 1.16426 1.11396 1.00782 0.862421 0.699707 0.540296 0.398738 0.282067 0.19127 0.123916 0.076253 0.0442782 0.0241097 0.0122578 0.00580285 0.00254038 0.00101267 0.000350621 0 0 0 0 0 0 0 0 0 0 0 0 0 0 0 0 0 0 0 0 0 0 0 0 0 0 0 0 0 0 0 0 0 0 0 0 0 0 0 0 0 0 0 0 0 0 0 0 0 0
0 0 0 0 0 0 0 0 0 0 0 0 0 0 0 0 0 0 0 0 0 0 0 0 0 0 0 0 0 0 0 0 0 0 0 0 0 0 0 0 0 0 0 0 0 0 0 0.000856843 0.00189288 0.00387586 0.00736209 0.0129857 0.0212987 0.032595 0.0465965 0.0626731 0.0799961 0.09816 0.117444 0.138114 0.159549 0.179788 0.196759 0.210262 0.22322 0.240718 0.266891 0.302524 0.345439 0.392357 0.440008 0.485753 0.528557 0.570142 0.615259 0.670647 0.743154 0.8371 0.95048 1.07157 1.17933 1.24904 1.26075 1.20635 1.09232 0.937023 0.764109 0.595175 0.444824 0.319694 0.220577 0.145338 0.0908021 0.0534203 0.0294244 0.0151103 0.00721386 0.00315659 0.00130199 0.000455056 0 0 0 0 0 0 0 0 0 0 0 0 0 0 0 0 0 0 0 0 0 0 0 0 0 0 0 0 0 0 0 0 0 0 0 0 0 0 0 0 0 0 0 0 0 0 0 0 0 0
0 0 0 0 0 0 0 0 0 0 0 0 0 0 0 0 0 0 0 0 0 0 0 0 0 0 0 0 0 0 0 0 0 0 0 0 0 0 0 0 0 0 0 0 0 0 0 0.00131643 0.0029089 0.00595978 0.0113307 0.0200087 0.0328606 0.0502819 0.0719245 0.0966061 0.12286 0.149589 0.176677 0.204163 0.230987 0.254198 0.270412 0.278627 0.282452 0.289619 0.3078 0.339667 0.382206 0.43012 0.478838 0.525851 0.571405 0.618491 0.671898 0.736936 0.818691 0.920572 1.04064 1.1673 1.27904 1.35012 1.35956 1.29903 1.17587 1.01005 0.826844 0.648619 0.489828 0.356519 0.249271 0.166286 0.105019 0.0623542 0.0346317 0.0179148 0.00860921 0.00382921 0.00159 0.000559519 0.000202298 0 0 0 0 0 0 0 0 0 0 0 0 0 0 0 0 0 0 0 0 0 0 0 0 0 0 0 0 0 0 0 0 0 0 0 0 0 0 0 0 0 0 0 0 0 0 0 0 0
0 0 0 0 0 0 0 0 0 0 0 0 0 0 0 0 0 0 0 0 0 0 0 0 0 0 0 0 0 0 0 0 0 0 0 0 0 0 0 0 0 0 0 0 0 0 0.000762994 0.00190859 0.00421648 0.00863971 0.016433 0.0290398 0.0477355 0.0731112 0.104624 0.140499 0.178345 0.216202 0.253277 0.2894 0.323134 0.350662 0.367402 0.37159 0.367343 0.364703 0.375015 0.403759 0.447801 0.499653 0.552635 0.603629 0.653684 0.70682 0.767525 0.839159 0.924675 1.02676 1.14438 1.26736 1.37494 1.44124 1.44468 1.37666 1.2449 1.07024 0.878739 0.693032 0.527221 0.386961 0.272787 0.183325 0.116532 0.0696094 0.0388868 0.0202508 0.00978256 0.00440213 0.00184743 0.000650038 0.000238136 0 0 0 0 0 0 0 0 0 0 0 0 0 0 0 0 0 0 0 0 0 0 0 0 0 0 0 0 0 0 0 0 0 0 0 0 0 0 0 0 0 0 0 0 0 0 0 0 0
0 0 0 0 0 0 0 0 0 0 0 0 0 0 0 0 0 0 0 0 0 0 0 0 0 0 0 0 0 0 0 0 0 0 0 0 0 0 0 0 0 0 0 0 0 0 0.00106328 0.00262795 0.00579767 0.0118675 0.0225568 0.0398487 0.0655029 0.100358 0.143677 0.192992 0.244881 0.296321 0.345774 0.392624 0.434946 0.468026 0.486177 0.486992 0.475212 0.463157 0.46585 0.492082 0.539283 0.597712 0.657833 0.71485 0.769836 0.827493 0.892049 0.965021 1.0472 1.14065 1.24589 1.35537 1.45051 1.50635 1.50137 1.42658 1.28926 1.10984 0.91391 0.723675 0.552947 0.407468 0.288185 0.194205 0.123785 0.0741876 0.0416331 0.0217787 0.0106397 0.00483738 0.00203819 0.000798225 0.000265421 0 0 0 0 0 0 0 0 0 0 0 0 0 0 0 0 0 0 0 0 0 0 0 0 0 0 0 0 0 0 0 0 0 0 0 0 0 0 0 0 0 0 0 0 0 0 0 0 0
0 0 0 0 0 0 0 0 0 0 0 0 0 0 0 0 0 0 0 0 0 0 0 0 0 0 0 0 0 0 0 0 0 0 0 0 0 0 0 0 0 0 0 0 0 0.000153437 0.00145781 0.00345772 0.00760549 0.0155261 0.0294428 0.0519172 0.0852292 0.130508 0.18684 0.251169 0.319063 0.386509 0.45112 0.511605 0.565117 0.60578 0.626704 0.624991 0.6062 0.585022 0.580095 0.603678 0.65422 0.719817 0.787474 0.849783 0.906994 0.96434 1.02634 1.09347 1.16473 1.24153 1.32614 1.41455 1.49149 1.53395 1.52087 1.44259 1.3049 1.12638 0.930891 0.739581 0.56625 0.417401 0.294926 0.1985 0.12646 0.0758741 0.0426976 0.0224655 0.0110702 0.00509409 0.00212326 0.000851137 0 0 0 0 0 0 0 0 0 0 0 0 0 0 0 0 0 0 0 0 0 0 0 0 0 0 0 0 0 0 0 0 0 0 0 0 0 0 0 0 0 0 0 0 0 0 0 0 0 0
0 0 0 0 0 0 0 0 0 0 0 0 0 0 0 0 0 0 0 0 0 0 0 0 0 0 0 0 0 0 0 0 0 0 0 0 0 0 0 0 0 0 0 0 0 0.000711008 0.00184876 0.00436459 0.00955649 0.0194241 0.0366878 0.0644693 0.105575 0.161391 0.231001 0.310935 0.396133 0.481819 0.564788 0.6426 0.710953 0.762226 0.788122 0.785348 0.760499 0.730696 0.71792 0.737615 0.789353 0.859338 0.931037 0.993999 1.04722 1.09653 1.14767 1.20128 1.25525 1.31023 1.36993 1.434 1.49119 1.52106 1.50308 1.42642 1.29443 1.12265 0.932285 0.743157 0.569375 0.41882 0.294764 0.19755 0.125471 0.0752068 0.0424265 0.022465 0.011136 0.00517819 0.0022407 0.000863365 0 0 0 0 0 0 0 0 0 0 0 0 0 0 0 0 0 0 0 0 0 0 0 0 0 0 0 0 0 0 0 0 0 0 0 0 0 0 0 0 0 0 0 0 0 0 0 0 0 0
0 0 0 0 0 0 0 0 0 0 0 0 0 0 0 0 0 0 0 0 0 0 0 0 0 0 0 0 0 0 0 0 0 0 0 0 0 0 0 0 0 0 0 0 0 0.00087403 0.00225083 0.00528545 0.01151 0.0232691 0.0437265 0.0765114 0.124841 0.190445 0.272536 0.367642 0.470548 0.576129 0.680361 0.779242 0.866277 0.931593 0.96531 0.963823 0.93485 0.8978 0.877359 0.891265 0.939907 1.00807 1.07642 1.1319 1.17246 1.20486 1.23694 1.27077 1.30391 1.33606 1.37149 1.41289 1.45304 1.4742 1.4563 1.38681 1.26592 1.10549 0.923761 0.739231 0.566656 0.415613 0.290991 0.193902 0.122586 0.0733418 0.0414173 0.0220443 0.011021 0.00517569 0.00227532 0.000861675 0 0 0 0 0 0 0 0 0 0 0 0 0 0 0 0 0 0 0 0 0 0 0 0 0 0 0 0 0 0 0 0 0 0 0 0 0 0 0 0 0 0 0 0 0 0 0 0 0 0
0 0 0 0 0 0 0 0 0 0 0 0 0 0 0 0 0 0 0 0 0 0 0 0 0 0 0 0 0 0 0 0 0 0 0 0 0 0 0 0 0 0 0 0 0 0.00102509 0.00261822 0.00611716 0.013251 0.0266459 0.0498227 0.0867834 0.141109 0.21488 0.307666 0.416394 0.536231 0.662062 0.789013 0.911221 1.01961 1.10188 1.14667 1.15005 1.1207 1.07967 1.05322 1.05989 1.10013 1.15806 1.21306 1.25098 1.26963 1.27719 1.28419 1.29503 1.30753 1.3201 1.33637 1.36078 1.38948 1.40736 1.39466 1.33687 1.2307 1.08425 0.912886 0.734139 0.563555 0.412519 0.287548 0.190613 0.120007 0.0716696 0.0405636 0.0217212 0.0109744 0.00521632 0.002347 0.000813935 0.000181067 0 0 0 0 0 0 0 0 0 0 0 0 0 0 0 0 0 0 0 0 0 0 0 0 0 0 0 0 0 0 0 0 0 0 0 0 0 0 0 0 0 0 0 0 0 0 0 0 0
0 0 0 0 0 0 0 0 0 0 0 0 0 0 0 0 0 0 0 0 0 0 0 0 0 0 0 0 0 0 0 0 0 0 0 0 0 0 0 0 0 0 0 0 0.000129646 0.00113901 0.00289057 0.00672668 0.0145099 0.0290642 0.0541317 0.0939333 0.152381 0.231896 0.332626 0.452249 0.586666 0.730964 0.879486 1.02453 1.15474 1.25584 1.31523 1.32869 1.30519 1.26621 1.2377 1.23707 1.264 1.30287 1.33399 1.34436 1.3332 1.31074 1.29029 1.27876 1.27442 1.27394 1.27903 1.29422 1.31801 1.33769 1.33392 1.29029 1.20019 1.06821 0.907281 0.734206 0.565435 0.414048 0.288132 0.190547 0.119785 0.0716354 0.0407584 0.0220307 0.0113249 0.00550868 0.00255347 0.000822572 0.000295204 0.00012874 0 0 0 0 0 0 0 0 0 0 0 0 0 0 0 0 0 0 0 0 0 0 0 0 0 0 0 0 0 0 0 0 0 0 0 0 0 0 0 0 0 0 0 0 0 0 0 0
0 0 0 0 0 0 0 0 0 0 0 0 0 0 0 0 0 0 0 0 0 0 0 0 0 0 0 0 0 0 0 0 0 0 0 0 0 0 0 0 0 0 0 0 0.000139063 0.00119143 0.00301026 0.00698766 0.0150477 0.0300487 0.0558477 0.096757 0.15689 0.239064 0.344128 0.470682 0.615512 0.774 0.939923 1.10433 1.25449 1.37513 1.45301 1.48336 1.47441 1.44612 1.42161 1.41515 1.4251 1.43733 1.43557 1.41056 1.36475 1.31096 1.26487 1.23524 1.22042 1.21488 1.21738 1.23106 1.25552 1.28013 1.28643 1.25672 1.18164 1.06279 0.911077 0.742751 0.575063 0.422538 0.29468 0.19526 0.123162 0.0741077 0.0426191 0.0234283 0.012331 0.00620004 0.00296633 0.00124675 0.000450024 0.000197103 0 0 0 0 0 0 0 0 0 0 0 0 0 0 0 0 0 0 0 0 0 0 0 0 0 0 0 0 0 0 0 0 0 0 0 0 0 0 0 0 0 0 0 0 0 0 0 0
0 0 0 0 0 0 0 0 0 0 0 0 0 0 0 0 0 0 0 0 0 0 0 0 0 0 0 0 0 0 0 0 0 0 0 0 0 0 0 0 0 0 0 0 0.000139621 0.00116809 0.00292403 0.00682693 0.0147074 0.0293751 0.0545602 0.0945975 0.153695 0.23505 0.340233 0.468793 0.618353 0.784707 0.961525 1.13956 1.30607 1.44603 1.54624 1.60108 1.61656 1.6086 1.59485 1.5848 1.57549 1.55592 1.51555 1.45126 1.3703 1.28834 1.22245 1.18171 1.1636 1.16015 1.16692 1.18474 1.21305 1.24289 1.2572 1.23812 1.17454 1.06593 0.921502 0.756964 0.589983 0.436105 0.305912 0.20401 0.129726 0.078923 0.0460852 0.0258602 0.0139666 0.00723461 0.00357659 0.00163912 0.000718586 0.00028195 0.000115065 0 0 0 0 0 0 0 0 0 0 0 0 0 0 0 0 0 0 0 0 0 0 0 0 0 0 0 0 0 0 0 0 0 0 0 0 0 0 0 0 0 0 0 0 0 0 0
0 0 0 0 0 0 0 0 0 0 0 0 0 0 0 0 0 0 0 0 0 0 0 0 0 0 0 0 0 0 0 0 0 0 0 0 0 0 0 0 0 0 0 0 0.000130894 0.00107072 0.00268212 0.00628925 0.0135313 0.0270805 0.0504136 0.0877193 0.143176 0.220331 0.321394 0.446762 0.594834 0.761936 0.942219 1.12722 1.30557 1.46375 1.58918 1.67508 1.72352 1.74389 1.74611 1.73417 1.70468 1.65136 1.5713 1.46909 1.35771 1.25543 1.17892 1.1353 1.11987 1.12262 1.13678 1.16079 1.19303 1.22545 1.2428 1.22832 1.1707 1.06827 0.929098 0.768085 0.602721 0.448818 0.317465 0.213778 0.137531 0.0848718 0.0504201 0.0288921 0.0159705 0.00848218 0.00424441 0.00206017 0.000929502 0.00037814 0.000155324 0 0 0 0 0 0 0 0 0 0 0 0 0 0 0 0 0 0 0 0 0 0 0 0 0 0 0 0 0 0 0 0 0 0 0 0 0 0 0 0 0 0 0 0 0 0 0
0 0 0 0 0 0 0 0 0 0 0 0 0 0 0 0 0 0 0 0 0 0 0 0 0 0 0 0 0 0 0 0 0 0 0 0 0 0 0 0 0 0 0 0 0.00011449 0.000916906 0.00232865 0.00543851 0.0117351 0.0235953 0.0441492 0.0773059 0.127157 0.197461 0.29095 0.408711 0.549842 0.711362 0.888397 1.07417 1.25966 1.43381 1.58516 1.70523 1.79075 1.84267 1.86235 1.8488 1.79953 1.71433 1.59884 1.46597 1.33433 1.22363 1.14773 1.10904 1.09964 1.10867 1.1288 1.15695 1.19001 1.22005 1.23374 1.21652 1.15841 1.05787 0.922307 0.765621 0.604331 0.453524 0.32394 0.220741 0.143992 0.0902736 0.0545678 0.0318715 0.0179652 0.00971718 0.00501477 0.00247419 0.00114232 0.00047962 0.000199137 7.69168e-05 0 0 0 0 0 0 0 0 0 0 0 0 0 0 0 0 0 0 0 0 0 0 0 0 0 0 0 0 0 0 0 0 0 0 0 0 0 0 0 0 0 0 0 0 0 0
0 0 0 0 0 0 0 0 0 0 0 0 0 0 0 0 0 0 0 0 0 0 0 0 0 0 0 0 0 0 0 0 0 0 0 0 0 0 0 0 0 0 0 0 9.34857e-05 0.000734098 0.00189856 0.00443378 0.00968026 0.0195584 0.0368996 0.0652507 0.108532 0.170607 0.254575 0.36206 0.492758 0.644467 0.813545 0.995274 1.18349 1.3699 1.54427 1.69601 1.81575 1.8958 1.92976 1.91328 1.84614 1.73482 1.59341 1.44238 1.30475 1.19967 1.1355 1.10792 1.1056 1.11818 1.13956 1.16641 1.19448 1.21579 1.21887 1.19204 1.12774 1.02564 0.892935 0.742331 0.588581 0.445054 0.321253 0.221801 0.146887 0.0936012 0.0575455 0.0341821 0.0195968 0.0107831 0.00568573 0.00285502 0.0013486 0.000584527 0.000247059 9.74051e-05 0 0 0 0 0 0 0 0 0 0 0 0 0 0 0 0 0 0 0 0 0 0 0 0 0 0 0 0 0 0 0 0 0 0 0 0 0 0 0 0 0 0 0 0 0 0
0 0 0 0 0 0 0 0 0 0 0 0 0 0 0 0 0 0 0 0 0 0 0 0 0 0 0 0 0 0 0 0 0 0 0 0 0 0 0 0 0 0 0 0 0 0.000550853 0.00147876 0.0034782 0.00766405 0.0156464 0.0298853 0.0535883 0.0904762 0.144432 0.218781 0.315522 0.434836 0.575213 0.734164 0.908843 1.09562 1.28871 1.4788 1.65311 1.79681 1.89517 1.93641 1.91482 1.83348 1.70516 1.5511 1.39745 1.26943 1.18314 1.13967 1.1277 1.13314 1.14654 1.16365 1.18203 1.1976 1.2032 1.18956 1.14807 1.07402 0.968648 0.839176 0.696863 0.554151 0.421948 0.307824 0.215421 0.144865 0.0938042 0.0586208 0.0353943 0.0206388 0.0115912 0.00624183 0.00319451 0.0015572 0.000699257 0.000303119 0.000122704 4.62934e-05 0 0 0 0 0 0 0 0 0 0 0 0 0 0 0 0 0 0 0 0 0 0 0 0 0 0 0 0 0 0 0 0 0 0 0 0 0 0 0 0 0 0 0 0 0
0 0 0 0 0 0 0 0 0 0 0 0 0 0 0 0 0 0 0 0 0 0 0 0 0 0 0 0 0 0 0 0 0 0 0 0 0 0 0 0 0 0 0 0 0 0.000247267 0.00112533 0.00267603 0.00598003 0.0124016 0.0240776 0.0439623 0.0755938 0.12283 0.189106 0.276643 0.385916 0.515851 0.664645 0.830582 1.0117 1.20382 1.39823 1.58069 1.73287 1.83604 1.87601 1.84767 1.75755 1.62346 1.4715 1.33081 1.22604 1.16836 1.15158 1.15883 1.17391 1.18741 1.1961 1.19909 1.1944 1.17755 1.1424 1.0835 0.998642 0.890314 0.765401 0.633479 0.504384 0.386277 0.284554 0.20168 0.13761 0.0905117 0.0575125 0.0353733 0.0210745 0.0121461 0.00673208 0.00355969 0.00178995 0.000834296 0.000371758 0.000154428 5.96428e-05 0 0 0 0 0 0 0 0 0 0 0 0 0 0 0 0 0 0 0 0 0 0 0 0 0 0 0 0 0 0 0 0 0 0 0 0 0 0 0 0 0 0 0 0 0
0 0 0 0 0 0 0 0 0 0 0 0 0 0 0 0 0 0 0 0 0 0 0 0 0 0 0 0 0 0 0 0 0 0 0 0 0 0 0 0 0 0 0 0 0 0.000227936 0.000865588 0.00209149 0.00475884 0.0100816 0.0199799 0.0372359 0.0652918 0.107956 0.168689 0.249761 0.351662 0.473301 0.612839 0.768689 0.939319 1.12132 1.3066 1.48083 1.62499 1.71967 1.7511 1.71606 1.62402 1.49589 1.35982 1.24498 1.17303 1.14956 1.16281 1.19233 1.21981 1.2344 1.23255 1.21515 1.18398 1.13932 1.07949 1.00243 0.907766 0.79829 0.679824 0.559805 0.445459 0.342407 0.254114 0.181986 0.125777 0.0840228 0.0544225 0.0342959 0.0210627 0.0125645 0.0072234 0.00396012 0.00205564 0.000989814 0.000451141 0.000191015 7.4963e-05 0 0 0 0 0 0 0 0 0 0 0 0 0 0 0 0 0 0 0 0 0 0 0 0 0 0 0 0 0 0 0 0 0 0 0 0 0 0 0 0 0 0 0 0 0
0 0 0 0 0 0 0 0 0 0 0 0 0 0 0 0 0 0 0 0 0 0 0 0 0 0 0 0 0 0 0 0 0 0 0 0 0 0 0 0 0 0 0 0 0 0.000201817 0.000697273 0.00172072 0.00400653 0.00867234 0.0175699 0.0333902 0.0595389 0.0997972 0.15755 0.234919 0.332043 0.44727 0.577996 0.721837 0.876789 1.03969 1.20345 1.35534 1.47818 1.55477 1.57376 1.53437 1.44804 1.33654 1.22732 1.14694 1.11267 1.12527 1.1695 1.22273 1.26428 1.28083 1.26777 1.22772 1.16702 1.09191 1.00632 0.911895 0.809586 0.701467 0.591304 0.483951 0.384131 0.295456 0.220054 0.158646 0.110821 0.0752543 0.0499334 0.0325235 0.0207729 0.0129034 0.00769783 0.00436286 0.00232284 0.00114481 0.000529496 0.00022679 8.98005e-05 0 0 0 0 0 0 0 0 0 0 0 0 0 0 0 0 0 0 0 0 0 0 0 0 0 0 0 0 0 0 0 0 0 0 0 0 0 0 0 0 0 0 0 0 0
0 0 0 0 0 0 0 0 0 0 0 0 0 0 0 0 0 0 0 0 0 0 0 0 0 0 0 0 0 0 0 0 0 0 0 0 0 0 0 0 0 0 0 0 0 0.000192977 0.000534703 0.00151255 0.00360052 0.00795904 0.0164049 0.0316475 0.0570686 0.0964021 0.152853 0.228153 0.321784 0.431107 0.552281 0.68162 0.816302 0.953304 1.08711 1.20785 1.30211 1.35664 1.36358 1.32446 1.25141 1.16499 1.08968 1.04772 1.05163 1.09862 1.17166 1.24669 1.30082 1.3184 1.294 1.23186 1.14254 1.03816 0.928402 0.8188 0.711465 0.607113 0.506729 0.412183 0.325866 0.249972 0.185962 0.134339 0.094609 0.0654116 0.0447362 0.0303291 0.0202231 0.0130611 0.0080406 0.00466294 0.00252436 0.00126221 0.00058863 0.000253663 0.000100911 0 0 0 0 0 0 0 0 0 0 0 0 0 0 0 0 0 0 0 0 0 0 0 0 0 0 0 0 0 0 0 0 0 0 0 0 0 0 0 0 0 0 0 0 0
0 0 0 0 0 0 0 0 0 0 0 0 0 0 0 0 0 0 0 0 0 0 0 0 0 0 0 0 0 0 0 0 0 0 0 0 0 0 0 0 0 0 0 0 0 0.00018365 0.000509598 0.00140155 0.00339359 0.00761806 0.0158903 0.0309032 0.0560258 0.0948583 0.150297 0.223523 0.313179 0.4155 0.525338 0.637768 0.749231 0.857082 0.957783 1.04509 1.11016 1.14443 1.14364 1.11104 1.05803 1.00231 0.963901 0.959889 0.998419 1.07429 1.16975 1.26012 1.3214 1.33687 1.301 1.21956 1.10636 0.977925 0.848644 0.727581 0.618057 0.519413 0.429706 0.347757 0.273797 0.209013 0.154691 0.111458 0.0789086 0.0555945 0.0393035 0.0277525 0.0192276 0.0127995 0.00805162 0.00473731 0.00257569 0.00130579 0.000611565 0.000264343 0.000105404 0 0 0 0 0 0 0 0 0 0 0 0 0 0 0 0 0 0 0 0 0 0 0 0 0 0 0 0 0 0 0 0 0 0 0 0 0 0 0 0 0 0 0 0 0
0 0 0 0 0 0 0 0 0 0 0 0 0 0 0 0 0 0 0 0 0 0 0 0 0 0 0 0 0 0 0 0 0 0 0 0 0 0 0 0 0 0 0 0 0 0.00017496 0.000493989 0.0012998 0.00323548 0.00737705 0.0154775 0.0301909 0.0547626 0.0925616 0.146061 0.215811 0.299658 0.392849 0.489261 0.583168 0.67067 0.749857 0.819357 0.876609 0.917422 0.93768 0.936188 0.916873 0.889254 0.866873 0.864462 0.893895 0.95954 1.05471 1.16188 1.25714 1.31713 1.32577 1.27836 1.18199 1.05229 0.908195 0.766801 0.639589 0.531 0.43954 0.360872 0.291115 0.228608 0.173729 0.127719 0.0914968 0.0648878 0.0464405 0.0337986 0.0246646 0.0175669 0.0119281 0.00760429 0.00451137 0.00247009 0.00125616 0.000589585 0.000255227 0.000101875 0 0 0 0 0 0 0 0 0 0 0 0 0 0 0 0 0 0 0 0 0 0 0 0 0 0 0 0 0 0 0 0 0 0 0 0 0 0 0 0 0 0 0 0 0
0 0 0 0 0 0 0 0 0 0 0 0 0 0 0 0 0 0 0 0 0 0 0 0 0 0 0 0 0 0 0 0 0 0 0 0 0 0 0 0 0 0 0 0 0 0.000166133 0.000473726 0.00125026 0.00305985 0.00706275 0.014834 0.0288961 0.0523056 0.0880165 0.138045 0.202318 0.27804 0.359889 0.441284 0.516326 0.581334 0.635397 0.679249 0.71365 0.738439 0.753193 0.758831 0.75888 0.759831 0.770337 0.799552 0.854485 0.936504 1.03835 1.14393 1.23177 1.28107 1.2779 1.2192 1.11301 0.975406 0.82557 0.681054 0.554132 0.449977 0.366902 0.299181 0.241037 0.189297 0.143595 0.105049 0.0747754 0.052889 0.0381301 0.0282332 0.0210153 0.0152085 0.0104439 0.00670486 0.00399534 0.00219617 0.0011186 0.000525538 0.000227674 9.09229e-05 0 0 0 0 0 0 0 0 0 0 0 0 0 0 0 0 0 0 0 0 0 0 0 0 0 0 0 0 0 0 0 0 0 0 0 0 0 0 0 0 0 0 0 0 0
0 0 0 0 0 0 0 0 0 0 0 0 0 0 0 0 0 0 0 0 0 0 0 0 0 0 0 0 0 0 0 0 0 0 0 0 0 0 0 0 0 0 0 0 0 0.000155865 0.000445915 0.00117902 0.00288158 0.00657107 0.0138364 0.0268624 0.0483911 0.08094 0.125991 0.182976 0.248716 0.317753 0.383684 0.441011 0.48681 0.521266 0.546954 0.56726 0.585134 0.602791 0.62216 0.645387 0.675214 0.715104 0.768861 0.839255 0.925475 1.02073 1.11163 1.18066 1.21104 1.19221 1.12314 1.01238 0.875177 0.729192 0.590415 0.470355 0.374205 0.300564 0.243414 0.19607 0.15438 0.117324 0.0857344 0.060738 0.0426746 0.0306364 0.0227134 0.0169864 0.0123643 0.00852634 0.00548955 0.00326878 0.00180521 0.000920034 0.000432452 0.000187397 7.48563e-05 0 0 0 0 0 0 0 0 0 0 0 0 0 0 0 0 0 0 0 0 0 0 0 0 0 0 0 0 0 0 0 0 0 0 0 0 0 0 0 0 0 0 0 0 0
0 0 0 0 0 0 0 0 0 0 0 0 0 0 0 0 0 0 0 0 0 0 0 0 0 0 0 0 0 0 0 0 0 0 0 0 0 0 0 0 0 0 0 0 0 0.000143082 0.000408983 0.00107964 0.0026325 0.00594852 0.0124692 0.0241384 0.0432042 0.0717859 0.110824 0.159406 0.214268 0.27026 0.32164 0.363833 0.394921 0.416211 0.431627 0.446341 0.465301 0.49222 0.529052 0.575945 0.631789 0.695146 0.765006 0.840533 0.919624 0.996927 1.0628 1.10473 1.11093 1.0747 0.997042 0.886531 0.75665 0.622218 0.496394 0.388672 0.303613 0.240217 0.193041 0.155447 0.122885 0.0938375 0.0687612 0.0486234 0.0338691 0.023963 0.0175082 0.0129711 0.00939922 0.0064707 0.00416413 0.0024814 0.00137024 0.000698356 0.000328256 0.000142252 0 0 0 0 0 0 0 0 0 0 0 0 0 0 0 0 0 0 0 0 0 0 0 0 0 0 0 0 0 0 0 0 0 0 0 0 0 0 0 0 0 0 0 0 0 0
0 0 0 0 0 0 0 0 0 0 0 0 0 0 0 0 0 0 0 0 0 0 0 0 0 0 0 0 0 0 0 0 0 0 0 0 0 0 0 0 0 0 0 0 0 0.000127196 0.000362504 0.000953826 0.00231723 0.00521451 0.0108619 0.0208718 0.0371562 0.061282 0.0938297 0.133706 0.177834 0.221744 0.260678 0.291283 0.312754 0.327328 0.339736 0.355998 0.381899 0.421548 0.476256 0.544165 0.620781 0.700421 0.777857 0.84939 0.912419 0.963839 0.99847 1.00927 0.98967 0.936713 0.853104 0.746899 0.629155 0.511265 0.402936 0.311063 0.239073 0.186302 0.148326 0.119258 0.0946645 0.07275 0.0536068 0.0379528 0.0262308 0.0181885 0.0129346 0.0093654 0.00668662 0.00456645 0.00292128 0.00174119 0.000960342 0.00048911 0.000229808 9.95681e-05 0 0 0 0 0 0 0 0 0 0 0 0 0 0 0 0 0 0 0 0 0 0 0 0 0 0 0 0 0 0 0 0 0 0 0 0 0 0 0 0 0 0 0 0 0 0
0 0 0 0 0 0 0 0 0 0 0 0 0 0 0 0 0 0 0 0 0 0 0 0 0 0 0 0 0 0 0 0 0 0 0 0 0 0 0 0 0 0 0 0 0 0 0.000307551 0.000806223 0.00195098 0.00435901 0.00903083 0.0173062 0.0305993 0.0501142 0.0762205 0.107745 0.142068 0.17563 0.204873 0.227732 0.244485 0.258034 0.273401 0.296572 0.333078 0.386457 0.457087 0.541473 0.63251 0.721032 0.798416 0.858871 0.900004 0.921491 0.922874 0.90257 0.858824 0.791863 0.705428 0.606485 0.503447 0.404231 0.315099 0.240328 0.182019 0.139661 0.109927 0.088055 0.0701132 0.0542451 0.040259 0.0286159 0.0196813 0.0133829 0.00920825 0.00643874 0.00447776 0.00300324 0.00190776 0.00113111 0.000621991 0.000316232 0.000148435 6.42695e-05 0 0 0 0 0 0 0 0 0 0 0 0 0 0 0 0 0 0 0 0 0 0 0 0 0 0 0 0 0 0 0 0 0 0 0 0 0 0 0 0 0 0 0 0 0 0
0 0 0 0 0 0 0 0 0 0 0 0 0 0 0 0 0 0 0 0 0 0 0 0 0 0 0 0 0 0 0 0 0 0 0 0 0 0 0 0 0 0 0 0 0 0 0.000247295 0.000646044 0.00155778 0.00346737 0.00715441 0.0136378 0.0239922 0.0390767 0.0590428 0.0830176 0.108912 0.134108 0.156383 0.174886 0.190819 0.20757 0.23006 0.263597 0.31253 0.379138 0.462708 0.558553 0.657755 0.748661 0.820192 0.865185 0.881931 0.873009 0.842588 0.794113 0.729981 0.652764 0.566479 0.476588 0.388837 0.308014 0.237408 0.179032 0.133739 0.100965 0.0783656 0.0623499 0.049699 0.0386835 0.0289281 0.020687 0.0142164 0.00952612 0.00635217 0.00426091 0.00284925 0.00186375 0.00116374 0.000682827 0.000373164 0.000189023 8.85287e-05 0 0 0 0 0 0 0 0 0 0 0 0 0 0 0 0 0 0 0 0 0 0 0 0 0 0 0 0 0 0 0 0 0 0 0 0 0 0 0 0 0 0 0 0 0 0 0
0 0 0 0 0 0 0 0 0 0 0 0 0 0 0 0 0 0 0 0 0 0 0 0 0 0 0 0 0 0 0 0 0 0 0 0 0 0 0 0 0 0 0 0 0 0 0.000186901 0.000486805 0.00117022 0.00259647 0.00533947 0.0101154 0.0177629 0.0288159 0.0433793 0.0608266 0.0797239 0.0984592 0.115953 0.132465 0.149981 0.17223 0.203847 0.249053 0.310517 0.388877 0.482243 0.585071 0.687399 0.776125 0.838619 0.866923 0.860082 0.823333 0.764927 0.692752 0.612666 0.52886 0.444992 0.364736 0.291362 0.227022 0.172713 0.128692 0.0948033 0.0703414 0.0536734 0.042254 0.03361 0.0262664 0.0197926 0.0142545 0.00982264 0.00653321 0.00425369 0.00273835 0.0017548 0.00110418 0.000670122 0.000385877 0.000208387 0.000104775 4.88487e-05 0 0 0 0 0 0 0 0 0 0 0 0 0 0 0 0 0 0 0 0 0 0 0 0 0 0 0 0 0 0 0 0 0 0 0 0 0 0 0 0 0 0 0 0 0 0 0
0 0 0 0 0 0 0 0 0 0 0 0 0 0 0 0 0 0 0 0 0 0 0 0 0 0 0 0 0 0 0 0 0 0 0 0 0 0 0 0 0 0 0 0 0 0 0 0.000342781 0.000821885 0.00181889 0.00371602 0.00704873 0.0123145 0.0199676 0.030019 0.0421227 0.0555043 0.0693482 0.0835713 0.099317 0.119271 0.147398 0.187915 0.243811 0.316083 0.403786 0.503903 0.610265 0.712506 0.796893 0.849987 0.863353 0.836616 0.777012 0.696039 0.605233 0.513323 0.425707 0.345449 0.274382 0.213502 0.162897 0.121901 0.0895513 0.0649684 0.047304 0.0353383 0.0273872 0.0216494 0.0169418 0.0128398 0.00931569 0.00644524 0.00428518 0.00274584 0.00172014 0.00105632 0.000634854 0.000370165 0.00020676 0.000109294 5.41966e-05 0 0 0 0 0 0 0 0 0 0 0 0 0 0 0 0 0 0 0 0 0 0 0 0 0 0 0 0 0 0 0 0 0 0 0 0 0 0 0 0 0 0 0 0 0 0 0 0
0 0 0 0 0 0 0 0 0 0 0 0 0 0 0 0 0 0 0 0 0 0 0 0 0 0 0 0 0 0 0 0 0 0 0 0 0 0 0 0 0 0 0 0 0 0 0 0.000224592 0.000537306 0.00118657 0.0024193 0.00455628 0.00799057 0.0129139 0.0194751 0.0274844 0.0366558 0.0468614 0.0587309 0.0740879 0.0961395 0.128951 0.1762 0.239831 0.319585 0.413329 0.517169 0.624563 0.725123 0.805031 0.850517 0.852835 0.811836 0.735978 0.638958 0.534949 0.434959 0.345429 0.268956 0.205803 0.15505 0.115176 0.0843531 0.0608626 0.0433719 0.0308958 0.0224709 0.0170195 0.0132691 0.0103592 0.00787563 0.0057465 0.00399862 0.00266204 0.00170027 0.0010464 0.000622272 0.000358378 0.000199588 0.000106926 5.46673e-05 0 0 0 0 0 0 0 0 0 0 0 0 0 0 0 0 0 0 0 0 0 0 0 0 0 0 0 0 0 0 0 0 0 0 0 0 0 0 0 0 0 0 0 0 0 0 0 0 0
0 0 0 0 0 0 0 0 0 0 0 0 0 0 0 0 0 0 0 0 0 0 0 0 0 0 0 0 0 0 0 0 0 0 0 0 0 0 0 0 0 0 0 0 0 0 0 0 0.000326034 0.000718697 0.00146313 0.00275243 0.0048245 0.00780334 0.0117486 0.0168587 0.0230118 0.030513 0.0405494 0.0553758 0.0784766 0.113697 0.164244 0.231442 0.314356 0.410207 0.514645 0.621029 0.719175 0.795485 0.836147 0.832159 0.783313 0.69853 0.592637 0.481364 0.377201 0.287432 0.214494 0.157603 0.114462 0.0823746 0.0587563 0.0414638 0.0289212 0.0200722 0.0140931 0.01029 0.00781447 0.00601499 0.0045602 0.0033058 0.00232735 0.00155788 0.000996718 0.000608662 0.00035516 0.00019827 0.000105989 5.42663e-05 2.65701e-05 0 0 0 0 0 0 0 0 0 0 0 0 0 0 0 0 0 0 0 0 0 0 0 0 0 0 0 0 0 0 0 0 0 0 0 0 0 0 0 0 0 0 0 0 0 0 0 0 0
0 0 0 0 0 0 0 0 0 0 0 0 0 0 0 0 0 0 0 0 0 0 0 0 0 0 0 0 0 0 0 0 0 0 0 0 0 0 0 0 0 0 0 0 0 0 0 0 0 0.000403438 0.000820384 0.00154257 0.00268612 0.00438628 0.00663998 0.00971304 0.0137864 0.0193902 0.0279015 0.0417697 0.0644209 0.0993924 0.149502 0.215829 0.297322 0.39111 0.49285 0.596125 0.691128 0.764684 0.803123 0.797311 0.746755 0.660254 0.5528 0.440628 0.336829 0.249102 0.179868 0.127861 0.0900279 0.0630304 0.0439062 0.0303595 0.0207575 0.0140156 0.00940329 0.00647178 0.00460624 0.00339036 0.00249175 0.00181179 0.00126563 0.000854353 0.000548337 0.000334362 0.000193443 0.000106049 5.50931e-05 2.71565e-05 0 0 0 0 0 0 0 0 0 0 0 0 0 0 0 0 0 0 0 0 0 0 0 0 0 0 0 0 0 0 0 0 0 0 0 0 0 0 0 0 0 0 0 0 0 0 0 0 0 0
0 0 0 0 0 0 0 0 0 0 0 0 0 0 0 0 0 0 0 0 0 0 0 0 0 0 0 0 0 0 0 0 0 0 0 0 0 0 0 0 0 0 0 0 0 0 0 0 0 0 0.000426013 0.000801193 0.00139765 0.00226989 0.00349854 0.00529532 0.00802439 0.0122119 0.0193564 0.0317903 0.0525325 0.0848435 0.131252 0.192833 0.268757 0.356522 0.452231 0.549988 0.640588 0.711473 0.7494 0.745291 0.698268 0.616522 0.514419 0.407741 0.309313 0.226724 0.162298 0.114577 0.0802971 0.0560107 0.0388404 0.0266819 0.0180524 0.0119672 0.00772432 0.00493869 0.00315753 0.00207402 0.00139597 0.000956806 0.000660906 0.000436663 0.000281431 0.000171919 9.92156e-05 5.39326e-05 2.75659e-05 0 0 0 0 0 0 0 0 0 0 0 0 0 0 0 0 0 0 0 0 0 0 0 0 0 0 0 0 0 0 0 0 0 0 0 0 0 0 0 0 0 0 0 0 0 0 0 0 0 0 0
0 0 0 0 0 0 0 0 0 0 0 0 0 0 0 0 0 0 0 0 0 0 0 0 0 0 0 0 0 0 0 0 0 0 0 0 0 0 0 0 0 0 0 0 0 0 0 0 0 0 0 0.000385507 0.000674638 0.00110293 0.00169689 0.00254889 0.00461874 0.00779698 0.0136363 0.0241479 0.0419688 0.0699134 0.110326 0.164312 0.231461 0.309932 0.396562 0.486224 0.570588 0.638001 0.676032 0.675933 0.636481 0.564878 0.474172 0.378858 0.290755 0.2168 0.158935 0.115534 0.0834272 0.0596091 0.0418734 0.0287881 0.0193005 0.0125803 0.00793539 0.00483047 0.00285095 0.00164059 0.000938738 0.000564475 0.000351136 0.000207423 0.000134244 8.22521e-05 4.74935e-05 0 0 0 0 0 0 0 0 0 0 0 0 0 0 0 0 0 0 0 0 0 0 0 0 0 0 0 0 0 0 0 0 0 0 0 0 0 0 0 0 0 0 0 0 0 0 0 0 0 0 0 0 0
0 0 0 0 0 0 0 0 0 0 0 0 0 0 0 0 0 0 0 0 0 0 0 0 0 0 0 0 0 0 0 0 0 0 0 0 0 0 0 0 0 0 0 0 0 0 0 0 0 0 0 0 0.000302229 0.000498689 0.000778886 0.00119433 0.00266011 0.00507938 0.00964811 0.0180469 0.0324433 0.0551952 0.0884012 0.133214 0.189659 0.256625 0.331841 0.411113 0.487212 0.549777 0.587598 0.592621 0.563382 0.505863 0.431287 0.352207 0.278803 0.216756 0.167159 0.128069 0.0967456 0.0712587 0.0506997 0.0346912 0.0228313 0.0144724 0.00885307 0.00520548 0.00295512 0.00160631 0.000850501 0.000442789 0.000231801 0.000124918 5.93712e-05 0 0 0 0 0 0 0 0 0 0 0 0 0 0 0 0 0 0 0 0 0 0 0 0 0 0 0 0 0 0 0 0 0 0 0 0 0 0 0 0 0 0 0 0 0 0 0 0 0 0 0 0 0 0 0
0 0 0 0 0 0 0 0 0 0 0 0 0 0 0 0 0 0 0 0 0 0 0 0 0 0 0 0 0 0 0 0 0 0 0 0 0 0 0 0 0 0 0 0 0 0 0 0 0 0 0 0 0 0 0.000334265 0.000549738 0.0013685 0.00333469 0.00674293 0.0130808 0.0240358 0.0415729 0.0673709 0.102671 0.147801 0.202336 0.264849 0.332158 0.398304 0.45452 0.49122 0.501376 0.483474 0.44224 0.38683 0.327456 0.27205 0.224338 0.184029 0.148877 0.117061 0.0882743 0.0632846 0.0429932 0.0277105 0.0170172 0.0100025 0.00566939 0.00309758 0.0016366 0.000834963 0.000412376 0.000198062 8.5639e-05 0 0 0 0 0 0 0 0 0 0 0 0 0 0 0 0 0 0 0 0 0 0 0 0 0 0 0 0 0 0 0 0 0 0 0 0 0 0 0 0 0 0 0 0 0 0 0 0 0 0 0 0 0 0 0 0
0 0 0 0 0 0 0 0 0 0 0 0 0 0 0 0 0 0 0 0 0 0 0 0 0 0 0 0 0 0 0 0 0 0 0 0 0 0 0 0 0 0 0 0 0 0 0 0 0 0 0 0 0 0 0 0.000140872 0.000837608 0.00218481 0.00457952 0.00910564 0.0170107 0.0298031 0.048832 0.0752332 0.109588 0.151969 0.201652 0.256399 0.311579 0.360219 0.394585 0.408982 0.402075 0.377539 0.342488 0.304537 0.268787 0.236336 0.205316 0.1735 0.140416 0.107579 0.0775043 0.0523725 0.0332193 0.0198629 0.0112602 0.00610709 0.00319384 0.00161932 0.000798909 0.000383321 0.000178285 7.9902e-05 0 0 0 0 0 0 0 0 0 0 0 0 0 0 0 0 0 0 0 0 0 0 0 0 0 0 0 0 0 0 0 0 0 0 0 0 0 0 0 0 0 0 0 0 0 0 0 0 0 0 0 0 0 0 0 0
0 0 0 0 0 0 0 0 0 0 0 0 0 0 0 0 0 0 0 0 0 0 0 0 0 0 0 0 0 0 0 0 0 0 0 0 0 0 0 0 0 0 0 0 0 0 0 0 0 0 0 0 0 0 0 0 0.000216254 0.0012856 0.00298739 0.00605506 0.0114738 0.0203217 0.0336578 0.0524362 0.077358 0.108782 0.146491 0.189042 0.233085 0.273417 0.304268 0.32143 0.324057 0.31507 0.299696 0.282734 0.265992 0.24783 0.22517 0.196208 0.161855 0.125314 0.0906195 0.0610809 0.0383843 0.022546 0.0124331 0.00649203 0.00324072 0.00156467 0.000738608 0.000342754 0.000156161 6.92854e-05 0 0 0 0 0 0 0 0 0 0 0 0 0 0 0 0 0 0 0 0 0 0 0 0 0 0 0 0 0 0 0 0 0 0 0 0 0 0 0 0 0 0 0 0 0 0 0 0 0 0 0 0 0 0 0 0
0 0 0 0 0 0 0 0 0 0 0 0 0 0 0 0 0 0 0 0 0 0 0 0 0 0 0 0 0 0 0 0 0 0 0 0 0 0 0 0 0 0 0 0 0 0 0 0 0 0 0 0 0 0 0 0 0.000134147 0.000817427 0.00180204 0.00384769 0.00736258 0.0131709 0.0220633 0.0347811 0.0519937 0.0741922 0.101468 0.132974 0.166478 0.198413 0.224881 0.243217 0.253266 0.257443 0.259146 0.260231 0.259388 0.252889 0.237117 0.210859 0.176126 0.137343 0.0996337 0.0671265 0.0419951 0.0244237 0.013242 0.00673044 0.00323339 0.00148676 0.000665082 0.000293847 0.000129091 5.6089e-05 2.37284e-05 0 0 0 0 0 0 0 0 0 0 0 0 0 0 0 0 0 0 0 0 0 0 0 0 0 0 0 0 0 0 0 0 0 0 0 0 0 0 0 0 0 0 0 0 0 0 0 0 0 0 0 0 0 0 0
0 0 0 0 0 0 0 0 0 0 0 0 0 0 0 0 0 0 0 0 0 0 0 0 0 0 0 0 0 0 0 0 0 0 0 0 0 0 0 0 0 0 0 0 0 0 0 0 0 0 0 0 0 0 0 0 7.73577e-05 0.000491478 0.00109566 0.00231453 0.00449327 0.00812067 0.0137388 0.0219325 0.0332361 0.0481408 0.0668652 0.0890101 0.113219 0.137325 0.159069 0.177217 0.1923 0.206229 0.220566 0.234582 0.244794 0.246478 0.23601 0.212693 0.179149 0.14042 0.102156 0.0688819 0.043029 0.0249117 0.0133853 0.00669624 0.00313553 0.00138756 0.000589449 0.000245473 0.000102202 4.27139e-05 1.77091e-05 0 0 0 0 0 0 0 0 0 0 0 0 0 0 0 0 0 0 0 0 0 0 0 0 0 0 0 0 0 0 0 0 0 0 0 0 0 0 0 0 0 0 0 0 0 0 0 0 0 0 0 0 0 0 0
0 0 0 0 0 0 0 0 0 0 0 0 0 0 0 0 0 0 0 0 0 0 0 0 0 0 0 0 0 0 0 0 0 0 0 0 0 0 0 0 0 0 0 0 0 0 0 0 0 0 0 0 0 0 0 0 0 0.000224207 0.00062937 0.00131956 0.00257632 0.00474922 0.00812003 0.0131163 0.0201482 0.0296194 0.0417792 0.0564942 0.0730853 0.0904638 0.107675 0.124608 0.142211 0.16172 0.183112 0.204013 0.220061 0.226458 0.21989 0.199954 0.169419 0.133324 0.0972486 0.0656694 0.0410301 0.0237169 0.0126941 0.0062996 0.00290724 0.0012553 0.000512755 0.000201924 7.87579e-05 3.11018e-05 1.24166e-05 0 0 0 0 0 0 0 0 0 0 0 0 0 0 0 0 0 0 0 0 0 0 0 0 0 0 0 0 0 0 0 0 0 0 0 0 0 0 0 0 0 0 0 0 0 0 0 0 0 0 0 0 0 0 0
0 0 0 0 0 0 0 0 0 0 0 0 0 0 0 0 0 0 0 0 0 0 0 0 0 0 0 0 0 0 0 0 0 0 0 0 0 0 0 0 0 0 0 0 0 0 0 0 0 0 0 0 0 0 0 0 0 0.000128153 0.000293746 0.000720891 0.00141811 0.00260532 0.00453039 0.0074089 0.0115374 0.0172094 0.0246492 0.0338834 0.0446826 0.056716 0.0699257 0.0848632 0.1025 0.123353 0.146417 0.168795 0.186256 0.1945 0.190676 0.174506 0.148529 0.117273 0.0857531 0.0580115 0.0362849 0.0209787 0.0112152 0.00554658 0.00254184 0.00108277 0.000431368 0.000163015 5.98527e-05 2.20304e-05 8.29044e-06 0 0 0 0 0 0 0 0 0 0 0 0 0 0 0 0 0 0 0 0 0 0 0 0 0 0 0 0 0 0 0 0 0 0 0 0 0 0 0 0 0 0 0 0 0 0 0 0 0 0 0 0 0 0 0
0 0 0 0 0 0 0 0 0 0 0 0 0 0 0 0 0 0 0 0 0 0 0 0 0 0 0 0 0 0 0 0 0 0 0 0 0 0 0 0 0 0 0 0 0 0 0 0 0 0 0 0 0 0 0 0 0 6.44388e-05 0.000156918 0.000370481 0.000733837 0.00135859 0.00237814 0.00393794 0.00621091 0.00940359 0.0136852 0.0191611 0.0258736 0.0339406 0.0437723 0.0561209 0.0717099 0.0905396 0.111329 0.13143 0.147291 0.155387 0.153392 0.14108 0.120527 0.095444 0.0699591 0.0474199 0.0297042 0.0171934 0.00919396 0.00454319 0.00207614 0.000878612 0.000345651 0.000127346 4.46824e-05 1.53675e-05 5.36406e-06 0 0 0 0 0 0 0 0 0 0 0 0 0 0 0 0 0 0 0 0 0 0 0 0 0 0 0 0 0 0 0 0 0 0 0 0 0 0 0 0 0 0 0 0 0 0 0 0 0 0 0 0 0 0 0
0 0 0 0 0 0 0 0 0 0 0 0 0 0 0 0 0 0 0 0 0 0 0 0 0 0 0 0 0 0 0 0 0 0 0 0 0 0 0 0 0 0 0 0 0 0 0 0 0 0 0 0 0 0 0 0 0 0 7.49626e-05 0.000167068 0.000355754 0.000663415 0.0011723 0.00196012 0.00313286 0.00481613 0.00713569 0.0102195 0.0142365 0.0194947 0.0265216 0.0359663 0.0482592 0.0631979 0.0796648 0.0956042 0.108316 0.115136 0.114275 0.105536 0.0904572 0.0718271 0.0527706 0.0358419 0.0224922 0.0130378 0.00697915 0.00345045 0.00157575 0.000665314 0.000260064 9.4561e-05 3.22693e-05 1.05445e-05 3.41443e-06 0 0 0 0 0 0 0 0 0 0 0 0 0 0 0 0 0 0 0 0 0 0 0 0 0 0 0 0 0 0 0 0 0 0 0 0 0 0 0 0 0 0 0 0 0 0 0 0 0 0 0 0 0 0 0
0 0 0 0 0 0 0 0 0 0 0 0 0 0 0 0 0 0 0 0 0 0 0 0 0 0 0 0 0 0 0 0 0 0 0 0 0 0 0 0 0 0 0 0 0 0 0 0 0 0 0 0 0 0 0 0 0 0 3.46932e-05 7.68492e-05 0.000154426 0.000302163 0.000535346 0.000912045 0.00147787 0.00230937 0.00349597 0.00515824 0.00748992 0.0108077 0.0155529 0.0221719 0.0308975 0.0415285 0.053264 0.0646707 0.0738738 0.0789957 0.0787636 0.0730046 0.0627618 0.0499645 0.0367923 0.02504 0.0157434 0.00914076 0.0048999 0.00242511 0.00110818 0.000467683 0.000182389 6.58998e-05 2.21588e-05 6.97559e-06 0 0 0 0 0 0 0 0 0 0 0 0 0 0 0 0 0 0 0 0 0 0 0 0 0 0 0 0 0 0 0 0 0 0 0 0 0 0 0 0 0 0 0 0 0 0 0 0 0 0 0 0 0 0 0 0
0 0 0 0 0 0 0 0 0 0 0 0 0 0 0 0 0 0 0 0 0 0 0 0 0 0 0 0 0 0 0 0 0 0 0 0 0 0 0 0 0 0 0 0 0 0 0 0 0 0 0 0 0 0 0 0 0 0 0 3.21019e-05 6.59795e-05 0.000125043 0.000223905 0.000394449 0.000650419 0.00103777 0.00161653 0.00248234 0.00379403 0.0057924 0.00877536 0.0130117 0.0186329 0.0255039 0.0331206 0.0405738 0.0466545 0.0501431 0.0501997 0.0466845 0.0402487 0.0321215 0.0237051 0.0161661 0.0101834 0.00592264 0.00317996 0.00157592 0.000720841 0.000304238 0.000118621 4.2738e-05 1.42615e-05 4.39124e-06 0 0 0 0 0 0 0 0 0 0 0 0 0 0 0 0 0 0 0 0 0 0 0 0 0 0 0 0 0 0 0 0 0 0 0 0 0 0 0 0 0 0 0 0 0 0 0 0 0 0 0 0 0 0 0 0
0 0 0 0 0 0 0 0 0 0 0 0 0 0 0 0 0 0 0 0 0 0 0 0 0 0 0 0 0 0 0 0 0 0 0 0 0 0 0 0 0 0 0 0 0 0 0 0 0 0 0 0 0 0 0 0 0 0 0 1.26741e-05 2.57559e-05 4.96828e-05 8.97742e-05 0.000155122 0.000267499 0.00043843 0.000709886 0.00114711 0.00185674 0.00298906 0.00471777 0.0071975 0.0105064 0.0145704 0.0191041 0.023573 0.0272602 0.0294326 0.0295767 0.0275925 0.0238534 0.0190818 0.0141125 0.009644 0.0060862 0.00354594 0.00190689 0.000946397 0.000433446 0.000183134 7.14412e-05 2.56742e-05 8.53639e-06 2.6293e-06 0 0 0 0 0 0 0 0 0 0 0 0 0 0 0 0 0 0 0 0 0 0 0 0 0 0 0 0 0 0 0 0 0 0 0 0 0 0 0 0 0 0 0 0 0 0 0 0 0 0 0 0 0 0 0 0
0 0 0 0 0 0 0 0 0 0 0 0 0 0 0 0 0 0 0 0 0 0 0 0 0 0 0 0 0 0 0 0 0 0 0 0 0 0 0 0 0 0 0 0 0 0 0 0 0 0 0 0 0 0 0 0 0 0 0 0 9.41897e-06 1.81313e-05 3.31427e-05 5.85482e-05 0.000101876 0.000174239 0.000298815 0.00051189 0.000875547 0.00147177 0.00239352 0.00372403 0.00551173 0.00772209 0.0102045 0.0126715 0.0147293 0.0159711 0.0161061 0.0150712 0.0130616 0.010474 0.0077634 0.00531544 0.00336046 0.00196115 0.0010563 0.000524895 0.000240584 0.000101791 3.97275e-05 1.43019e-05 4.74889e-06 1.32329e-06 0 0 0 0 0 0 0 0 0 0 0 0 0 0 0 0 0 0 0 0 0 0 0 0 0 0 0 0 0 0 0 0 0 0 0 0 0 0 0 0 0 0 0 0 0 0 0 0 0 0 0 0 0 0 0 0
0 0 0 0 0 0 0 0 0 0 0 0 0 0 0 0 0 0 0 0 0 0 0 0 0 0 0 0 0 0 0 0 0 0 0 0 0 0 0 0 0 0 0 0 0 0 0 0 0 0 0 0 0 0 0 0 0 0 0 0 0 6.13632e-06 1.14426e-05 2.05445e-05 3.63348e-05 6.68213e-05 0.000120855 0.000219506 0.000393314 0.000683462 0.00113617 0.00179415 0.00268316 0.00379066 0.00504407 0.00629992 0.00735853 0.00801004 0.00810567 0.00760666 0.00661008 0.00531229 0.0039454 0.0027063 0.00171386 0.00100178 0.00054037 0.000268785 0.000123442 5.22941e-05 2.04338e-05 7.36441e-06 2.23495e-06 0 0 0 0 0 0 0 0 0 0 0 0 0 0 0 0 0 0 0 0 0 0 0 0 0 0 0 0 0 0 0 0 0 0 0 0 0 0 0 0 0 0 0 0 0 0 0 0 0 0 0 0 0 0 0 0 0
0 0 0 0 0 0 0 0 0 0 0 0 0 0 0 0 0 0 0 0 0 0 0 0 0 0 0 0 0 0 0 0 0 0 0 0 0 0 0 0 0 0 0 0 0 0 0 0 0 0 0 0 0 0 0 0 0 0 0 0 0 0 3.67703e-06 6.80767e-06 1.26172e-05 2.24208e-05 4.63584e-05 8.98612e-05 0.000167426 0.000297581 0.000501878 0.000801193 0.00120893 0.00172104 0.00230524 0.00289538 0.0033979 0.00371335 0.00377007 0.00354808 0.00309062 0.00248916 0.0018522 0.00127274 0.000807334 0.000472623 0.000255096 0.000127166 5.84742e-05 2.48001e-05 9.70131e-06 3.20614e-06 1.075e-06 0 0 0 0 0 0 0 0 0 0 0 0 0 0 0 0 0 0 0 0 0 0 0 0 0 0 0 0 0 0 0 0 0 0 0 0 0 0 0 0 0 0 0 0 0 0 0 0 0 0 0 0 0 0 0 0 0
0 0 0 0 0 0 0 0 0 0 0 0 0 0 0 0 0 0 0 0 0 0 0 0 0 0 0 0 0 0 0 0 0 0 0 0 0 0 0 0 0 0 0 0 0 0 0 0 0 0 0 0 0 0 0 0 0 0 0 0 0 0 0 1.08614e-06 3.87465e-06 8.14675e-06 1.65689e-05 3.52093e-05 6.70082e-05 0.000120827 0.000205965 0.000331704 0.000504424 0.000723128 0.000974078 0.00123022 0.00145034 0.00159118 0.00162051 0.00152911 0.00133501 0.00107738 0.00080315 0.000552804 0.000351196 0.000205667 0.000111286 5.5543e-05 2.5569e-05 1.08559e-05 3.90646e-06 1.42122e-06 0 0 0 0 0 0 0 0 0 0 0 0 0 0 0 0 0 0 0 0 0 0 0 0 0 0 0 0 0 0 0 0 0 0 0 0 0 0 0 0 0 0 0 0 0 0 0 0 0 0 0 0 0 0 0 0 0 0
0 0 0 0 0 0 0 0 0 0 0 0 0 0 0 0 0 0 0 0 0 0 0 0 0 0 0 0 0 0 0 0 0 0 0 0 0 0 0 0 0 0 0 0 0 0 0 0 0 0 0 0 0 0 0 0 0 0 0 0 0 0 0 0 1.05521e-06 2.52902e-06 5.58614e-06 1.13715e-05 2.46009e-05 4.51796e-05 7.79909e-05 0.000126847 0.000194507 0.00028086 0.000380872 0.000483419 0.000572308 0.000630094 0.00064359 0.000608813 0.000532689 0.000430711 0.000321635 0.000221723 0.000140858 8.27293e-05 4.48173e-05 2.23933e-05 1.03194e-05 4.04284e-06 1.59593e-06 0 0 0 0 0 0 0 0 0 0 0 0 0 0 0 0 0 0 0 0 0 0 0 0 0 0 0 0 0 0 0 0 0 0 0 0 0 0 0 0 0 0 0 0 0 0 0 0 0 0 0 0 0 0 0 0 0 0 0
0 0 0 0 0 0 0 0 0 0 0 0 0 0 0 0 0 0 0 0 0 0 0 0 0 0 0 0 0 0 0 0 0 0 0 0 0 0 0 0 0 0 0 0 0 0 0 0 0 0 0 0 0 0 0 0 0 0 0 0 0 0 0 0 0 0 1.9233e-06 3.91516e-06 7.34528e-06 1.42527e-05 2.74883e-05 4.50001e-05 6.94643e-05 0.000100942 0.000137665 0.000175581 0.000208708 0.000230554 0.000236153 0.00022392 0.000196322 0.000159023 0.000118575 8.19511e-05 5.2244e-05 3.07195e-05 1.66597e-05 8.33255e-06 3.55368e-06 1.52216e-06 0 0 0 0 0 0 0 0 0 0 0 0 0 0 0 0 0 0 0 0 0 0 0 0 0 0 0 0 0 0 0 0 0 0 0 0 0 0 0 0 0 0 0 0 0 0 0 0 0 0 0 0 0 0 0 0 0 0 0 0
0 0 0 0 0 0 0 0 0 0 0 0 0 0 0 0 0 0 0 0 0 0 0 0 0 0 0 0 0 0 0 0 0 0 0 0 0 0 0 0 0 0 0 0 0 0 0 0 0 0 0 0 0 0 0 0 0 0 0 0 0 0 0 0 0 0 0 0 2.33072e-06 4.02988e-06 7.86125e-06 1.26574e-05 2.29342e-05 3.35395e-05 4.59973e-05 5.8942e-05 7.03358e-05 7.79449e-05 8.0049e-05 7.6071e-05 6.63866e-05 5.39906e-05 4.05031e-05 2.80264e-05 1.78867e-05 1.05285e-05 5.26116e-06 2.65318e-06 1.2331e-06 5.2818e-07 0 0 0 0 0 0 0 0 0 0 0 0 0 0 0 0 0 0 0 0 0 0 0 0 0 0 0 0 0 0 0 0 0 0 0 0 0 0 0 0 0 0 0 0 0 0 0 0 0 0 0 0 0 0 0 0 0 0 0 0
0 0 0 0 0 0 0 0 0 0 0 0 0 0 0 0 0 0 0 0 0 0 0 0 0 0 0 0 0 0 0 0 0 0 0 0 0 0 0 0 0 0 0 0 0 0 0 0 0 0 0 0 0 0 0 0 0 0 0 0 0 0 0 0 0 0 0 0 0 0 0 0 4.63243e-06 7.32541e-06 1.06759e-05 1.73857e-05 2.11908e-05 2.38291e-05 2.472e-05 2.36567e-05 2.08835e-05 1.70048e-05 1.14995e-05 8.0385e-06 5.17864e-06 3.07473e-06 1.68249e-06 8.48467e-07 0 0 0 0 0 0 0 0 0 0 0 0 0 0 0 0 0 0 0 0 0 0 0 0 0 0 0 0 0 0 0 0 0 0 0 0 0 0 0 0 0 0 0 0 0 0 0 0 0 0 0 0 0 0 0 0 0 0 0 0 0 0
0 0 0 0 0 0 0 0 0 0 0 0 0 0 0 0 0 0 0 0 0 0 0 0 0 0 0 0 0 0 0 0 0 0 0 0 0 0 0 0 0 0 0 0 0 0 0 0 0 0 0 0 0 0 0 0 0 0 0 0 0 0 0 0 0 0 0 0 0 0 0 0 0 0 3.14644e-06 4.22604e-06 5.23125e-06 5.96784e-06 6.2745e-06 6.07977e-06 5.42923e-06 4.46832e-06 3.38915e-06 2.36914e-06 1.52628e-06 9.06211e-07 0 0 0 0 0 0 0 0 0 0 0 0 0 0 0 0 0 0 0 0 0 0 0 0 0 0 0 0 0 0 0 0 0 0 0 0 0 0 0 0 0 0 0 0 0 0 0 0 0 0 0 0 0 0 0 0 0 0 0 0 0 0 0 0
0 0 0 0 0 0 0 0 0 0 0 0 0 0 0 0 0 0 0 0 0 0 0 0 0 0 0 0 0 0 0 0 0 0 0 0 0 0 0 0 0 0 0 0 0 0 0 0 0 0 0 0 0 0 0 0 0 0 0 0 0 0 0 0 0 0 0 0 0 0 0 0 0 0 0 0 0 0 1.70429e-06 1.6514e-06 1.4747e-06 1.21369e-06 0 0 0 0 0 0 0 0 0 0 0 0 0 0 0 0 0 0 0 0 0 0 0 0 0 0 0 0 0 0 0 0 0 0 0 0 0 0 0 0 0 0 0 0 0 0 0 0 0 0 0 0 0 0 0 0 0 0 0 0 0 0 0 0 0 0 0 0
0 0 0 0 0 0 0 0 0 0 0 0 0 0 0 0 0 0 0 0 0 0 0 0 0 0 0 0 0 0 0 0 0 0 0 0 0 0 0 0 0 0 0 0 0 0 0 0 0 0 0 0 0 0 0 0 0 0 0 0 0 0 0 0 0 0 0 0 0 0 0 0 0 0 0 0 0 0 0 0 0 0 0 0 0 0 0 0 0 0 0 0 0 0 0 0 0 0 0 0 0 0 0 0 0 0 0 0 0 0 0 0 0 0 0 0 0 0 0 0 0 0 0 0 0 0 0 0 0 0 0 0 0 0 0 0 0 0 0 0 0 0 0 0 0 0 0 0 0 0
0 0 0 0 0 0 0 0 0 0 0 0 0 0 0 0 0 0 0 0 0 0 0 0 0 0 0 0 0 0 0 0 0 0 0 0 0 0 0 0 0 0 0 0 0 0 0 0 0 0 0 0 0 0 0 0 0 0 0 0 0 0 0 0 0 0 0 0 0 0 0 0 0 0 0 0 0 0 0 0 0 0 0 0 0 0 0 0 0 0 0 0 0 0 0 0 0 0 0 0 0 0 0 0 0 0 0 0 0 0 0 0 0 0 0 0 0 0 0 0 0 0 0 0 0 0 0 0 0 0 0 0 0 0 0 0 0 0 0 0 0 0 0 0 0 0 0 0 0 0
0 0 0 0 0 0 0 0 0 0 0 0 0 0 0 0 0 0 0 0 0 0 0 0 0 0 0 0 0 0 0 0 0 0 0 0 0 0 0 0 0 0 0 0 0 0 0 0 0 0 0 0 0 0 0 0 0 0 0 0 0 0 0 0 0 0 0 0 0 0 0 0 0 0 0 0 0 0 0 0 0 0 0 0 0 0 0 0 0 0 0 0 0 0 0 0 0 0 0 0 0 0 0 0 0 0 0 0 0 0 0 0 0 0 0 0 0 0 0 0 0 0 0 0 0 0 0 0 0 0 0 0 0 0 0 0 0 0 0 0 0 0 0 0 0 0 0 0 0 0
0 0 0 0 0 0 0 0 0 0 0 0 0 0 0 0 0 0 0 0 0 0 0 0 0 0 0 0 0 0 0 0 0 0 0 0 0 0 0 0 0 0 0 0 0 0 0 0 0 0 0 0 0 0 0 0 0 0 0 0 0 0 0 0 0 0 0 0 0 0 0 0 0 0 0 0 0 0 0 0 0 0 0 0 0 0 0 0 0 0 0 0 0 0 0 0 0 0 0 0 0 0 0 0 0 0 0 0 0 0 0 0 0 0 0 0 0 0 0 0 0 0 0 0 0 0 0 0 0 0 0 0 0 0 0 0 0 0 0 0 0 0 0 0 0 0 0 0 0 0
0 0 0 0 0 0 0 0 0 0 0 0 0 0 0 0 0 0 0 0 0 0 0 0 0 0 0 0 0 0 0 0 0 0 0 0 0 0 0 0 0 0 0 0 0 0 0 0 0 0 0 0 0 0 0 0 0 0 0 0 0 0 0 0 0 0 0 0 0 0 0 0 0 0 0 0 0 0 0 0 0 0 0 0 0 0 0 0 0 0 0 0 0 0 0 0 0 0 0 0 0 0 0 0 0 0 0 0 0 0 0 0 0 0 0 0 0 0 0 0 0 0 0 0 0 0 0 0 0 0 0 0 0 0 0 0 0 0 0 0 0 0 0 0 0 0 0 0 0 0
0 0 0 0 0 0 0 0 0 0 0 0 0 0 0 0 0 0 0 0 0 0 0 0 0 0 0 0 0 0 0 0 0 0 0 0 0 0 0 0 0 0 0 0 0 0 0 0 0 0 0 0 0 0 0 0 0 0 0 0 0 0 0 0 0 0 0 0 0 0 0 0 0 0 0 0 0 0 0 0 0 0 0 0 0 0 0 0 0 0 0 0 0 0 0 0 0 0 0 0 0 0 0 0 0 0 0 0 0 0 0 0 0 0 0 0 0 0 0 0 0 0 0 0 0 0 0 0 0 0 0 0 0 0 0 0 0 0 0 0 0 0 0 0 0 0 0 0 0 0
0 0 0 0 0 0 0 0 0 0 0 0 0 0 0 0 0 0 0 0 0 0 0 0 0 0 0 0 0 0 0 0 0 0 0 0 0 0 0 0 0 0 0 0 0 0 0 0 0 0 0 0 0 0 0 0 0 0 0 0 0 0 0 0 0 0 0 0 0 0 0 0 0 0 0 0 0 0 0 0 0 0 0 0 0 0 0 0 0 0 0 0 0 0 0 0 0 0 0 0 0 0 0 0 0 0 0 0 0 0 0 0 0 0 0 0 0 0 0 0 0 0 0 0 0 0 0 0 0 0 0 0 0 0 0 0 0 0 0 0 0 0 0 0 0 0 0 0 0 0
0 0 0 0 0 0 0 0 0 0 0 0 0 0 0 0 0 0 0 0 0 0 0 0 0 0 0 0 0 0 0 0 0 0 0 0 0 0 0 0 0 0 0 0 0 0 0 0 0 0 0 0 0 0 0 0 0 0 0 0 0 0 0 0 0 0 0 0 0 0 0 0 0 0 0 0 0 0 0 0 0 0 0 0 0 0 0 0 0 0 0 0 0 0 0 0 0 0 0 0 0 0 0 0 0 0 0 0 0 0 0 0 0 0 0 0 0 0 0 0 0 0 0 0 0 0 0 0 0 0 0 0 0 0 0 0 0 0 0 0 0 0 0 0 0 0 0 0 0 0
0 0 0 0 0 0 0 0 0 0 0 0 0 0 0 0 0 0 0 0 0 0 0 0 0 0 0 0 0 0 0 0 0 0 0 0 0 0 0 0 0 0 0 0 0 0 0 0 0 0 0 0 0 0 0 0 0 0 0 0 0 0 0 0 0 0 0 0 0 0 0 0 0 0 0 0 0 0 0 0 0 0 0 0 0 0 0 0 0 0 0 0 0 0 0 0 0 0 0 0 0 0 0 0 0 0 0 0 0 0 0 0 0 0 0 0 0 0 0 0 0 0 0 0 0 0 0 0 0 0 0 0 0 0 0 0 0 0 0 0 0 0 0 0 0 0 0 0 0 0
0 0 0 0 0 0 0 0 0 0 0 0 0 0 0 0 0 0 0 0 0 0 0 0 0 0 0 0 0 0 0 0 0 0 0 0 0 0 0 0 0 0 0 0 0 0 0 0 0 0 0 0 0 0 0 0 0 0 0 0 0 0 0 0 0 0 0 0 0 0 0 0 0 0 0 0 0 0 0 0 0 0 0 0 0 0 0 0 0 0 0 0 0 0 0 0 0 0 0 0 0 0 0 0 0 0 0 0 0 0 0 0 0 0 0 0 0 0 0 0 0 0 0 0 0 0 0 0 0 0 0 0 0 0 0 0 0 0 0 0 0 0 0 0 0 0 0 0 0 0
0 0 0 0 0 0 0 0 0 0 0 0 0 0 0 0 0 0 0 0 0 0 0 0 0 0 0 0 0 0 0 0 0 0 0 0 0 0 0 0 0 0 0 0 0 0 0 0 0 0 0 0 0 0 0 0 0 0 0 0 0 0 0 0 0 0 0 0 0 0 0 0 0 0 0 0 0 0 0 0 0 0 0 0 0 0 0 0 0 0 0 0 0 0 0 0 0 0 0 0 0 0 0 0 0 0 0 0 0 0 0 0 0 0 0 0 0 0 0 0 0 0 0 0 0 0 0 0 0 0 0 0 0 0 0 0 0 0 0 0 0 0 0 0 0 0 0 0 0 0
0 0 0 0 0 0 0 0 0 0 0 0 0 0 0 0 0 0 0 0 0 0 0 0 0 0 0 0 0 0 0 0 0 0 0 0 0 0 0 0 0 0 0 0 0 0 0 0 0 0 0 0 0 0 0 0 0 0 0 0 0 0 0 0 0 0 0 0 0 0 0 0 0 0 0 0 0 0 0 0 0 0 0 0 0 0 0 0 0 0 0 0 0 0 0 0 0 0 0 0 0 0 0 0 0 0 0 0 0 0 0 0 0 0 0 0 0 0 0 0 0 0 0 0 0 0 0 0 0 0 0 0 0 0 0 0 0 0 0 0 0 0 0 0 0 0 0 0 0 0
0 0 0 0 0 0 0 0 0 0 0 0 0 0 0 0 0 0 0 0 0 0 0 0 0 0 0 0 0 0 0 0 0 0 0 0 0 0 0 0 0 0 0 0 0 0 0 0 0 0 0 0 0 0 0 0 0 0 0 0 0 0 0 0 0 0 0 0 0 0 0 0 0 0 0 0 0 0 0 0 0 0 0 0 0 0 0 0 0 0 0 0 0 0 0 0 0 0 0 0 0 0 0 0 0 0 0 0 0 0 0 0 0 0 0 0 0 0 0 0 0 0 0 0 0 0 0 0 0 0 0 0 0 0 0 0 0 0 0 0 0 0 0 0 0 0 0 0 0 0
0 0 0 0 0 0 0 0 0 0 0 0 0 0 0 0 0 0 0 0 0 0 0 0 0 0 0 0 0 0 0 0 0 0 0 0 0 0 0 0 0 0 0 0 0 0 0 0 0 0 0 0 0 0 0 0 0 0 0 0 0 0 0 0 0 0 0 0 0 0 0 0 0 0 0 0 0 0 0 0 0 0 0 0 0 0 0 0 0 0 0 0 0 0 0 0 0 0 0 0 0 0 0 0 0 0 0 0 0 0 0 0 0 0 0 0 0 0 0 0 0 0 0 0 0 0 0 0 0 0 0 0 0 0 0 0 0 0 0 0 0 0 0 0 0 0 0 0 0 0
0 0 0 0 0 0 0 0 0 0 0 0 0 0 0 0 0 0 0 0 0 0 0 0 0 0 0 0 0 0 0 0 0 0 0 0 0 0 0 0 0 0 0 0 0 0 0 0 0 0 0 0 0 0 0 0 0 0 0 0 0 0 0 0 0 0 0 0 0 0 0 0 0 0 0 0 0 0 0 0 0 0 0 0 0 0 0 0 0 0 0 0 0 0 0 0 0 0 0 0 0 0 0 0 0 0 0 0 0 0 0 0 0 0 0 0 0 0 0 0 0 0 0 0 0 0 0 0 0 0 0 0 0 0 0 0 0 0 0 0 0 0 0 0 0 0 0 0 0 0
0 0 0 0 0 0 0 0 0 0 0 0 0 0 0 0 0 0 0 0 0 0 0 0 0 0 0 0 0 0 0 0 0 0 0 0 0 0 0 0 0 0 0 0 0 0 0 0 0 0 0 0 0 0 0 0 0 0 0 0 0 0 0 0 0 0 0 0 0 0 0 0 0 0 0 0 0 0 0 0 0 0 0 0 0 0 0 0 0 0 0 0 0 0 0 0 0 0 0 0 0 0 0 0 0 0 0 0 0 0 0 0 0 0 0 0 0 0 0 0 0 0 0 0 0 0 0 0 0 0 0 0 0 0 0 0 0 0 0 0 0 0 0 0 0 0 0 0 0 0
0 0 0 0 0 0 0 0 0 0 0 0 0 0 0 0 0 0 0 0 0 0 0 0 0 0 0 0 0 0 0 0 0 0 0 0 0 0 0 0 0 0 0 0 0 0 0 0 0 0 0 0 0 0 0 0 0 0 0 0 0 0 0 0 0 0 0 0 0 0 0 0 0 0 0 0 0 0 0 0 0 0 0 0 0 0 0 0 0 0 0 0 0 0 0 0 0 0 0 0 0 0 0 0 0 0 0 0 0 0 0 0 0 0 0 0 0 0 0 0 0 0 0 0 0 0 0 0 0 0 0 0 0 0 0 0 0 0 0 0 0 0 0 0 0 0 0 0 0 0
0 0 0 0 0 0 0 0 0 0 0 0 0 0 0 0 0 0 0 0 0 0 0 0 0 0 0 0 0 0 0 0 0 0 0 0 0 0 0 0 0 0 0 0 0 0 0 0 0 0 0 0 0 0 0 0 0 0 0 0 0 0 0 0 0 0 0 0 0 0 0 0 0 0 0 0 0 0 0 0 0 0 0 0 0 0 0 0 0 0 0 0 0 0 0 0 0 0 0 0 0 0 0 0 0 0 0 0 0 0 0 0 0 0 0 0 0 0 0 0 0 0 0 0 0 0 0 0 0 0 0 0 0 0 0 0 0 0 0 0 0 0 0 0 0 0 0 0 0 0
0 0 0 0 0 0 0 0 0 0 0 0 0 0 0 0 0 0 0 0 0 0 0 0 0 0 0 0 0 0 0 0 0 0 0 0 0 0 0 0 0 0 0 0 0 0 0 0 0 0 0 0 0 0 0 0 0 0 0 0 0 0 0 0 0 0 0 0 0 0 0 0 0 0 0 0 0 0 0 0 0 0 0 0 0 0 0 0 0 0 0 0 0 0 0 0 0 0 0 0 0 0 0 0 0 0 0 0 0 0 0 0 0 0 0 0 0 0 0 0 0 0 0 0 0 0 0 0 0 0 0 0 0 0 0 0 0 0 0 0 0 0 0 0 0 0 0 0 0 0
0 0 0 0 0 0 0 0 0 0 0 0 0 0 0 0 0 0 0 0 0 0 0 0 0 0 0 0 0 0 0 0 0 0 0 0 0 0 0 0 0 0 0 0 0 0 0 0 0 0 0 0 0 0 0 0 0 0 0 0 0 0 0 0 0 0 0 0 0 0 0 0 0 0 0 0 0 0 0 0 0 0 0 0 0 0 0 0 0 0 0 0 0 0 0 0 0 0 0 0 0 0 0 0 0 0 0 0 0 0 0 0 0 0 0 0 0 0 0 0 0 0 0 0 0 0 0 0 0 0 0 0 0 0 0 0 0 0 0 0 0 0 0 0 0 0 0 0 0 0
0 0 0 0 0 0 0 0 0 0 0 0 0 0 0 0 0 0 0 0 0 0 0 0 0 0 0 0 0 0 0 0 0 0 0 0 0 0 0 0 0 0 0 0 0 0 0 0 0 0 0 0 0 0 0 0 0 0 0 0 0 0 0 0 0 0 0 0 0 0 0 0 0 0 0 0 0 0 0 0 0 0 0 0 0 0 0 0 0 0 0 0 0 0 0 0 0 0 0 0 0 0 0 0 0 0 0 0 0 0 0 0 0 0 0 0 0 0 0 0 0 0 0 0 0 0 0 0 0 0 0 0 0 0 0 0 0 0 0 0 0 0 0 0 0 0 0 0 0 0
0 0 0 0 0 0 0 0 0 0 0 0 0 0 0 0 0 0 0 0 0 0 0 0 0 0 0 0 0 0 0 0 0 0 0 0 0 0 0 0 0 0 0 0 0 0 0 0 0 0 0 0 0 0 0 0 0 0 0 0 0 0 0 0 0 0 0 0 0 0 0 0 0 0 0 0 0 0 0 0 0 0 0 0 0 0 0 0 0 0 0 0 0 0 0 0 0 0 0 0 0 0 0 0 0 0 0 0 0 0 0 0 0 0 0 0 0 0 0 0 0 0 0 0 0 0 0 0 0 0 0 0 0 0 0 0 0 0 0 0 0 0 0 0 0 0 0 0 0 0
0 0 0 0 0 0 0 0 0 0 0 0 0 0 0 0 0 0 0 0 0 0 0 0 0 0 0 0 0 0 0 0 0 0 0 0 0 0 0 0 0 0 0 0 0 0 0 0 0 0 0 0 0 0 0 0 0 0 0 0 0 0 0 0 0 0 0 0 0 0 0 0 0 0 0 0 0 0 0 0 0 0 0 0 0 0 0 0 0 0 0 0 0 0 0 0 0 0 0 0 0 0 0 0 0 0 0 0 0 0 0 0 0 0 0 0 0 0 0 0 0 0 0 0 0 0 0 0 0 0 0 0 0 0 0 0 0 0 0 0 0 0 0 0 0 0 0 0 0 0
0 0 0 0 0 0 0 0 0 0 0 0 0 0 0 0 0 0 0 0 0 0 0 0 0 0 0 0 0 0 0 0 0 0 0 0 0 0 0 0 0 0 0 0 0 0 0 0 0 0 0 0 0 0 0 0 0 0 0 0 0 0 0 0 0 0 0 0 0 0 0 0 0 0 0 0 0 0 0 0 0 0 0 0 0 0 0 0 0 0 0 0 0 0 0 0 0 0 0 0 0 0 0 0 0 0 0 0 0 0 0 0 0 0 0 0 0 0 0 0 0 0 0 0 0 0 0 0 0 0 0 0 0 0 0 0 0 0 0 0 0 0 0 0 0 0 0 0 0 0
0 0 0 0 0 0 0 0 0 0 0 0 0 0 0 0 0 0 0 0 0 0 0 0 0 0 0 0 0 0 0 0 0 0 0 0 0 0 0 0 0 0 0 0 0 0 0 0 0 0 0 0 0 0 0 0 0 0 0 0 0 0 0 0 0 0 0 0 0 0 0 0 0 0 0 0 0 0 0 0 0 0 0 0 0 0 0 0 0 0 0 0 0 0 0 0 0 0 0 0 0 0 0 0 0 0 0 0 0 0 0 0 0 0 0 0 0 0 0 0 0 0 0 0 0 0 0 0 0 0 0 0 0 0 0 0 0 0 0 0 0 0 0 0 0 0 0 0 0 0
0 0 0 0 0 0 0 0 0 0 0 0 0 0 0 0 0 0 0 0 0 0 0 0 0 0 0 0 0 0 0 0 0 0 0 0 0 0 0 0 0 0 0 0 0 0 0 0 0 0 0 0 0 0 0 0 0 0 0 0 0 0 0 0 0 0 0 0 0 0 0 0 0 0 0 0 0 0 0 0 0 0 0 0 0 0 0 0 0 0 0 0 0 0 0 0 0 0 0 0 0 0 0 0 0 0 0 0 0 0 0 0 0 0 0 0 0 0 0 0 0 0 0 0 0 0 0 0 0 0 0 0 0 0 0 0 0 0 0 0 0 0 0 0 0 0 0 0 0 0
0 0 0 0 0 0 0 0 0 0 0 0 0 0 0 0 0 0 0 0 0 0 0 0 0 0 0 0 0 0 0 0 0 0 0 0 0 0 0 0 0 0 0 0 0 0 0 0 0 0 0 0 0 0 0 0 0 0 0 0 0 0 0 0 0 0 0 0 0 0 0 0 0 0 0 0 0 0 0 0 0 0 0 0 0 0 0 0 0 0 0 0 0 0 0 0 0 0 0 0 0 0 0 0 0 0 0 0 0 0 0 0 0 0 0 0 0 0 0 0 0 0 0 0 0 0 0 0 0 0 0 0 0 0 0 0 0 0 0 0 0 0 0 0 0 0 0 0 0 0
0 0 0 0 0 0 0 0 0 0 0 0 0 0 0 0 0 0 0 0 0 0 0 0 0 0 0 0 0 0 0 0 0 0 0 0 0 0 0 0 0 0 0 0 0 0 0 0 0 0 0 0 0 0 0 0 0 0 0 0 0 0 0 0 0 0 0 0 0 0 0 0 0 0 0 0 0 0 0 0 0 0 0 0 0 0 0 0 0 0 0 0 0 0 0 0 0 0 0 0 0 0 0 0 0 0 0 0 0 0 0 0 0 0 0 0 0 0 0 0 0 0 0 0 0 0 0 0 0 0 0 0 0 0 0 0 0 0 0 0 0 0 0 0 0 0 0 0 0 0
