0   8.8900000000  188  6.6360165302e+01  0.4410462247  0.0430503495  0.3315849061  0.2223832529
1   8.8900000000  164  6.1356306545e+01  0.4252039132  0.3183306471  0.5290971475  0.1348863484
2   8.8900000000  150  4.3280428964e+01  0.3838471200  0.0848227737  0.4755754746  0.1253542716
3   8.8900000000  158  4.9860048300e+01  0.4622960888  0.0923069746  0.3952901050  0.4027254286
4   8.8900000000  153  4.8517679069e+01  0.4823758327  0.1659845387  0.3092542607  0.2747323793
5   8.8900000000  146  4.5151247088e+01  0.4234320984  0.1439108036  0.3560970415  0.0288787904
6   8.8900000000  135  4.7275421693e+01  0.1867300612  0.3540164928  0.4700507448  0.2719504614
7   8.8900000000  159  5.1570579894e+01  0.5712053843  0.0236138019  0.2345368254  0.1145897716
8   8.8900000000  171  6.7930533629e+01  0.3433423297  0.1771910596  0.1643757284  0.2047368316
9   8.8900000000  155  4.9597351373e+01  0.3417242624  0.0724027701  0.2414513781  0.2888702513

